num_tree | num_queries | time_taken
 4 |  16376 |  0.052224
 4 |  16368 |  0.112768
 4 |  16360 |  0.111488
 4 |  16352 |  0.106496
 4 |  16344 |  0.099328
 4 |  16336 |  0.106432
 4 |  16328 |  0.093792
 4 |  16320 |  0.103680
 4 |  16312 |  0.107968
 4 |  16304 |  0.120832
 4 |  16296 |  0.104064
 4 |  16288 |  0.108864
 4 |  16280 |  0.094880
 4 |  16272 |  0.100352
 4 |  16264 |  0.105408
 4 |  16256 |  0.081856
 4 |  16248 |  0.113248
 4 |  16240 |  0.092320
 4 |  16232 |  0.124736
 4 |  16224 |  0.061440
 4 |  16216 |  0.128960
 4 |  16208 |  0.156672
 4 |  16200 |  0.130688
 4 |  16192 |  0.106368
 4 |  16184 |  0.072064
 4 |  16176 |  0.113440
 4 |  16168 |  0.061600
 4 |  16160 |  0.083968
 4 |  16152 |  0.125728
 4 |  16144 |  0.070656
 4 |  16136 |  0.097376
 4 |  16128 |  0.129664
 4 |  16120 |  0.126976
 4 |  16112 |  0.125088
 4 |  16104 |  0.088896
 4 |  16096 |  0.074560
 4 |  16088 |  0.062560
 4 |  16080 |  0.088288
 4 |  16072 |  0.065536
 4 |  16064 |  0.107200
 4 |  16056 |  0.122688
 4 |  16048 |  0.127008
 4 |  16040 |  0.118784
 4 |  16032 |  0.124544
 4 |  16024 |  0.105600
 4 |  16016 |  0.102400
 4 |  16008 |  0.110752
 4 |  16000 |  0.147520
 4 |  15992 |  0.128000
 4 |  15984 |  0.092224
 4 |  15976 |  0.080768
 4 |  15968 |  0.078400
 4 |  15960 |  0.089440
 4 |  15952 |  0.065056
 4 |  15944 |  0.125920
 4 |  15936 |  0.106560
 4 |  15928 |  0.100992
 4 |  15920 |  0.123456
 4 |  15912 |  0.124928
 4 |  15904 |  0.111328
 4 |  15896 |  0.143360
 4 |  15888 |  0.134528
 4 |  15880 |  0.134336
 4 |  15872 |  0.127360
 4 |  15864 |  0.075904
 4 |  15856 |  0.110208
 4 |  15848 |  0.101376
 4 |  15840 |  0.097280
 4 |  15832 |  0.179488
 4 |  15824 |  0.081856
 4 |  15816 |  0.145696
 4 |  15808 |  0.087200
 4 |  15800 |  0.140288
 4 |  15792 |  0.083392
 4 |  15784 |  0.148288
 4 |  15776 |  0.086016
 4 |  15768 |  0.087200
 4 |  15760 |  0.068608
 4 |  15752 |  0.117632
 4 |  15744 |  0.142496
 4 |  15736 |  0.105184
 4 |  15728 |  0.112640
 4 |  15720 |  0.090528
 4 |  15712 |  0.084992
 4 |  15704 |  0.116448
 4 |  15696 |  0.069856
 4 |  15688 |  0.138368
 4 |  15680 |  0.106496
 4 |  15672 |  0.096800
 4 |  15664 |  0.073664
 4 |  15656 |  0.084800
 4 |  15648 |  0.088640
 4 |  15640 |  0.083904
 4 |  15632 |  0.104000
 4 |  15624 |  0.065824
 4 |  15616 |  0.099328
 4 |  15608 |  0.110720
 4 |  15600 |  0.136448
 4 |  15592 |  0.127680
 4 |  15584 |  0.112768
 4 |  15576 |  0.089184
 4 |  15568 |  0.064384
 4 |  15560 |  0.101344
 4 |  15552 |  0.060864
 4 |  15544 |  0.112832
 4 |  15536 |  0.121760
 4 |  15528 |  0.116736
 4 |  15520 |  0.074816
 4 |  15512 |  0.110464
 4 |  15504 |  0.103392
 4 |  15496 |  0.131072
 4 |  15488 |  0.101952
 4 |  15480 |  0.070656
 4 |  15472 |  0.095232
 4 |  15464 |  0.114688
 4 |  15456 |  0.108064
 4 |  15448 |  0.120864
 4 |  15440 |  0.077824
 4 |  15432 |  0.105216
 4 |  15424 |  0.105312
 4 |  15416 |  0.084160
 4 |  15408 |  0.069632
 4 |  15400 |  0.130048
 4 |  15392 |  0.116704
 4 |  15384 |  0.064736
 4 |  15376 |  0.083840
 4 |  15368 |  0.125312
 4 |  15360 |  0.139040
 4 |  15352 |  0.108544
 4 |  15344 |  0.172320
 4 |  15336 |  0.122880
 4 |  15328 |  0.246656
 4 |  15320 |  0.065536
 4 |  15312 |  0.109344
 4 |  15304 |  0.087904
 4 |  15296 |  0.107872
 4 |  15288 |  0.086848
 4 |  15280 |  0.090112
 4 |  15272 |  0.128000
 4 |  15264 |  0.110432
 4 |  15256 |  0.102336
 4 |  15248 |  0.106144
 4 |  15240 |  0.115712
 4 |  15232 |  0.111552
 4 |  15224 |  0.082976
 4 |  15216 |  0.076800
 4 |  15208 |  0.094400
 4 |  15200 |  0.116928
 4 |  15192 |  0.114976
 4 |  15184 |  0.096448
 4 |  15176 |  0.103840
 4 |  15168 |  0.109024
 4 |  15160 |  0.124992
 4 |  15152 |  0.118784
 4 |  15144 |  0.100288
 4 |  15136 |  0.147456
 4 |  15128 |  0.089088
 4 |  15120 |  0.086624
 4 |  15112 |  0.140064
 4 |  15104 |  0.110720
 4 |  15096 |  0.152928
 4 |  15088 |  0.119808
 4 |  15080 |  0.115104
 4 |  15072 |  0.146432
 4 |  15064 |  0.097952
 4 |  15056 |  0.098080
 4 |  15048 |  0.081984
 4 |  15040 |  0.071680
 4 |  15032 |  0.138336
 4 |  15024 |  0.078752
 4 |  15016 |  0.085440
 4 |  15008 |  0.103424
 4 |  15000 |  0.084864
 4 |  14992 |  0.100128
 4 |  14984 |  0.081184
 4 |  14976 |  0.082624
 4 |  14968 |  0.075776
 4 |  14960 |  0.104160
 4 |  14952 |  0.142336
 4 |  14944 |  0.098272
 4 |  14936 |  0.135168
 4 |  14928 |  0.090848
 4 |  14920 |  0.066560
 4 |  14912 |  0.118688
 4 |  14904 |  0.069600
 4 |  14896 |  0.137216
 4 |  14888 |  0.108960
 4 |  14880 |  0.138400
 4 |  14872 |  0.086016
 4 |  14864 |  0.113088
 4 |  14856 |  0.103232
 4 |  14848 |  0.163840
 4 |  14840 |  0.094176
 4 |  14832 |  0.075776
 4 |  14824 |  0.097952
 4 |  14816 |  0.105472
 4 |  14808 |  0.146496
 4 |  14800 |  0.147456
 4 |  14792 |  0.134144
 4 |  14784 |  0.100352
 4 |  14776 |  0.091136
 4 |  14768 |  0.070880
 4 |  14760 |  0.150016
 4 |  14752 |  0.133952
 4 |  14744 |  0.095232
 4 |  14736 |  0.067040
 4 |  14728 |  0.062464
 4 |  14720 |  0.066752
 4 |  14712 |  0.078848
 4 |  14704 |  0.066752
 4 |  14696 |  0.045888
 4 |  14688 |  0.058144
 4 |  14680 |  0.099872
 4 |  14672 |  0.079872
 4 |  14664 |  0.092032
 4 |  14656 |  0.059776
 4 |  14648 |  0.128000
 4 |  14640 |  0.111616
 4 |  14632 |  0.105472
 4 |  14624 |  0.088576
 4 |  14616 |  0.117664
 4 |  14608 |  0.101376
 4 |  14600 |  0.111968
 4 |  14592 |  0.091328
 4 |  14584 |  0.074752
 4 |  14576 |  0.064608
 4 |  14568 |  0.086976
 4 |  14560 |  0.107520
 4 |  14552 |  0.096160
 4 |  14544 |  0.098304
 4 |  14536 |  0.066784
 4 |  14528 |  0.050144
 4 |  14520 |  0.066560
 4 |  14512 |  0.059200
 4 |  14504 |  0.078272
 4 |  14496 |  0.060416
 4 |  14488 |  0.102048
 4 |  14480 |  0.135904
 4 |  14472 |  0.080928
 4 |  14464 |  0.096480
 4 |  14456 |  0.158272
 4 |  14448 |  0.088768
 4 |  14440 |  0.102144
 4 |  14432 |  0.148480
 4 |  14424 |  0.103360
 4 |  14416 |  0.129120
 4 |  14408 |  0.125952
 4 |  14400 |  0.222400
 4 |  14392 |  0.092704
 4 |  14384 |  0.097856
 4 |  14376 |  0.075648
 4 |  14368 |  0.089952
 4 |  14360 |  0.072704
 4 |  14352 |  0.091168
 4 |  14344 |  0.143168
 4 |  14336 |  0.093184
 4 |  14328 |  0.101152
 4 |  14320 |  0.139136
 4 |  14312 |  0.086016
 4 |  14304 |  0.066272
 4 |  14296 |  0.087872
 4 |  14288 |  0.083968
 4 |  14280 |  0.099168
 4 |  14272 |  0.086016
 4 |  14264 |  0.137600
 4 |  14256 |  0.124928
 4 |  14248 |  0.069952
 4 |  14240 |  0.161056
 4 |  14232 |  0.087136
 4 |  14224 |  0.081920
 4 |  14216 |  0.247648
 4 |  14208 |  0.089088
 4 |  14200 |  0.078816
 4 |  14192 |  0.107840
 4 |  14184 |  0.112032
 4 |  14176 |  0.078848
 4 |  14168 |  0.070656
 4 |  14160 |  0.111296
 4 |  14152 |  0.088192
 4 |  14144 |  0.089088
 4 |  14136 |  0.074112
 4 |  14128 |  0.171008
 4 |  14120 |  0.119936
 4 |  14112 |  0.111584
 4 |  14104 |  0.174240
 4 |  14096 |  0.154624
 4 |  14088 |  0.076416
 4 |  14080 |  0.068608
 4 |  14072 |  0.190368
 4 |  14064 |  0.071232
 4 |  14056 |  0.118624
 4 |  14048 |  0.071008
 4 |  14040 |  0.100544
 4 |  14032 |  0.134144
 4 |  14024 |  0.130080
 4 |  14016 |  0.073792
 4 |  14008 |  0.161792
 4 |  14000 |  0.108576
 4 |  13992 |  0.122720
 4 |  13984 |  0.052224
 4 |  13976 |  0.083840
 4 |  13968 |  0.064672
 4 |  13960 |  0.090464
 4 |  13952 |  0.052352
 4 |  13944 |  0.079872
 4 |  13936 |  0.056448
 4 |  13928 |  0.139264
 4 |  13920 |  0.080832
 4 |  13912 |  0.102368
 4 |  13904 |  0.075808
 4 |  13896 |  0.089120
 4 |  13888 |  0.087456
 4 |  13880 |  0.073696
 4 |  13872 |  0.146080
 4 |  13864 |  0.083232
 4 |  13856 |  0.119808
 4 |  13848 |  0.153024
 4 |  13840 |  0.060352
 4 |  13832 |  0.118944
 4 |  13824 |  0.122880
 4 |  13816 |  0.106784
 4 |  13808 |  0.098944
 4 |  13800 |  0.120640
 4 |  13792 |  0.132096
 4 |  13784 |  0.097216
 4 |  13776 |  0.072928
 4 |  13768 |  0.193536
 4 |  13760 |  0.085184
 4 |  13752 |  0.131200
 4 |  13744 |  0.116416
 4 |  13736 |  0.056480
 4 |  13728 |  0.059648
 4 |  13720 |  0.103776
 4 |  13712 |  0.098976
 4 |  13704 |  0.110528
 4 |  13696 |  0.065536
 4 |  13688 |  0.111936
 4 |  13680 |  0.091616
 4 |  13672 |  0.104448
 4 |  13664 |  0.174720
 4 |  13656 |  0.080640
 4 |  13648 |  0.108736
 4 |  13640 |  0.103360
 4 |  13632 |  0.097984
 4 |  13624 |  0.096256
 4 |  13616 |  0.138208
 4 |  13608 |  0.106752
 4 |  13600 |  0.067424
 4 |  13592 |  0.137056
 4 |  13584 |  0.118784
 4 |  13576 |  0.128000
 4 |  13568 |  0.121088
 4 |  13560 |  0.074112
 4 |  13552 |  0.054272
 4 |  13544 |  0.079968
 4 |  13536 |  0.100352
 4 |  13528 |  0.069856
 4 |  13520 |  0.154368
 4 |  13512 |  0.073824
 4 |  13504 |  0.078656
 4 |  13496 |  0.123904
 4 |  13488 |  0.144992
 4 |  13480 |  0.103840
 4 |  13472 |  0.127680
 4 |  13464 |  0.121856
 4 |  13456 |  0.126784
 4 |  13448 |  0.107200
 4 |  13440 |  0.082816
 4 |  13432 |  0.115360
 4 |  13424 |  0.090656
 4 |  13416 |  0.098304
 4 |  13408 |  0.097504
 4 |  13400 |  0.144320
 4 |  13392 |  0.137216
 4 |  13384 |  0.151552
 4 |  13376 |  0.105056
 4 |  13368 |  0.059424
 4 |  13360 |  0.116640
 4 |  13352 |  0.076256
 4 |  13344 |  0.064256
 4 |  13336 |  0.079872
 4 |  13328 |  0.130016
 4 |  13320 |  0.143008
 4 |  13312 |  0.079136
 4 |  13304 |  0.128000
 4 |  13296 |  0.128000
 4 |  13288 |  0.131648
 4 |  13280 |  0.069120
 4 |  13272 |  0.114656
 4 |  13264 |  0.065504
 4 |  13256 |  0.109568
 4 |  13248 |  0.116736
 4 |  13240 |  0.099328
 4 |  13232 |  0.125440
 4 |  13224 |  0.088064
 4 |  13216 |  0.118080
 4 |  13208 |  0.104448
 4 |  13200 |  0.096224
 4 |  13192 |  0.141312
 4 |  13184 |  0.135488
 4 |  13176 |  0.160768
 4 |  13168 |  0.111456
 4 |  13160 |  0.070368
 4 |  13152 |  0.070016
 4 |  13144 |  0.091136
 4 |  13136 |  0.146336
 4 |  13128 |  0.071104
 4 |  13120 |  0.104704
 4 |  13112 |  0.139264
 4 |  13104 |  0.093120
 4 |  13096 |  0.140928
 4 |  13088 |  0.144480
 4 |  13080 |  0.100352
 4 |  13072 |  0.143360
 4 |  13064 |  0.092160
 4 |  13056 |  0.098976
 4 |  13048 |  0.086176
 4 |  13040 |  0.106752
 4 |  13032 |  0.068288
 4 |  13024 |  0.106720
 4 |  13016 |  0.121088
 4 |  13008 |  0.115712
 4 |  13000 |  0.149632
 4 |  12992 |  0.115712
 4 |  12984 |  0.088064
 4 |  12976 |  0.109536
 4 |  12968 |  0.099136
 4 |  12960 |  0.117408
 4 |  12952 |  0.123904
 4 |  12944 |  0.140416
 4 |  12936 |  0.105440
 4 |  12928 |  0.107040
 4 |  12920 |  0.101856
 4 |  12912 |  0.121344
 4 |  12904 |  0.112416
 4 |  12896 |  0.117824
 4 |  12888 |  0.180256
 4 |  12880 |  0.134368
 4 |  12872 |  0.129152
 4 |  12864 |  0.091136
 4 |  12856 |  0.123648
 4 |  12848 |  0.138688
 4 |  12840 |  0.107872
 4 |  12832 |  0.137792
 4 |  12824 |  0.059392
 4 |  12816 |  0.129984
 4 |  12808 |  0.087776
 4 |  12800 |  0.124800
 4 |  12792 |  0.110432
 4 |  12784 |  0.108352
 4 |  12776 |  0.133504
 4 |  12768 |  0.109568
 4 |  12760 |  0.104672
 4 |  12752 |  0.113280
 4 |  12744 |  0.125888
 4 |  12736 |  0.075776
 4 |  12728 |  0.129888
 4 |  12720 |  0.113248
 4 |  12712 |  0.110272
 4 |  12704 |  0.074784
 4 |  12696 |  0.106496
 4 |  12688 |  0.150208
 4 |  12680 |  0.130976
 4 |  12672 |  0.140288
 4 |  12664 |  0.071680
 4 |  12656 |  0.146368
 4 |  12648 |  0.211552
 4 |  12640 |  0.135616
 4 |  12632 |  0.124832
 4 |  12624 |  0.072672
 4 |  12616 |  0.079552
 4 |  12608 |  0.119520
 4 |  12600 |  0.153600
 4 |  12592 |  0.105280
 4 |  12584 |  0.131488
 4 |  12576 |  0.137120
 4 |  12568 |  0.110560
 4 |  12560 |  0.093792
 4 |  12552 |  0.105472
 4 |  12544 |  0.104000
 4 |  12536 |  0.124800
 4 |  12528 |  0.091456
 4 |  12520 |  0.099200
 4 |  12512 |  0.115776
 4 |  12504 |  0.144736
 4 |  12496 |  0.101472
 4 |  12488 |  0.092160
 4 |  12480 |  0.234688
 4 |  12472 |  0.058816
 4 |  12464 |  0.136192
 4 |  12456 |  0.112096
 4 |  12448 |  0.120928
 4 |  12440 |  0.091520
 4 |  12432 |  0.100672
 4 |  12424 |  0.082944
 4 |  12416 |  0.148800
 4 |  12408 |  0.062464
 4 |  12400 |  0.073472
 4 |  12392 |  0.105472
 4 |  12384 |  0.118784
 4 |  12376 |  0.087872
 4 |  12368 |  0.119264
 4 |  12360 |  0.103872
 4 |  12352 |  0.110368
 4 |  12344 |  0.134464
 4 |  12336 |  0.132832
 4 |  12328 |  0.064448
 4 |  12320 |  0.098560
 4 |  12312 |  0.206816
 4 |  12304 |  0.111584
 4 |  12296 |  0.089984
 4 |  12288 |  0.076800
 4 |  12280 |  0.074752
 4 |  12272 |  0.102336
 4 |  12264 |  0.115488
 4 |  12256 |  0.085248
 4 |  12248 |  0.152288
 4 |  12240 |  0.118432
 4 |  12232 |  0.148480
 4 |  12224 |  0.085664
 4 |  12216 |  0.118944
 4 |  12208 |  0.111904
 4 |  12200 |  0.055520
 4 |  12192 |  0.144608
 4 |  12184 |  0.160896
 4 |  12176 |  0.134144
 4 |  12168 |  0.100352
 4 |  12160 |  0.080896
 4 |  12152 |  0.080896
 4 |  12144 |  0.125952
 4 |  12136 |  0.116064
 4 |  12128 |  0.158048
 4 |  12120 |  0.062464
 4 |  12112 |  0.126752
 4 |  12104 |  0.156672
 4 |  12096 |  0.081888
 4 |  12088 |  0.063584
 4 |  12080 |  0.138240
 4 |  12072 |  0.132096
 4 |  12064 |  0.100096
 4 |  12056 |  0.104448
 4 |  12048 |  0.097216
 4 |  12040 |  0.078880
 4 |  12032 |  0.089088
 4 |  12024 |  0.127296
 4 |  12016 |  0.099136
 4 |  12008 |  0.126976
 4 |  12000 |  0.095904
 4 |  11992 |  0.117760
 4 |  11984 |  0.105280
 4 |  11976 |  0.097280
 4 |  11968 |  0.123072
 4 |  11960 |  0.096256
 4 |  11952 |  0.110592
 4 |  11944 |  0.149504
 4 |  11936 |  0.063136
 4 |  11928 |  0.113248
 4 |  11920 |  0.076672
 4 |  11912 |  0.078848
 4 |  11904 |  0.122816
 4 |  11896 |  0.109952
 4 |  11888 |  0.132256
 4 |  11880 |  0.115712
 4 |  11872 |  0.094688
 4 |  11864 |  0.109504
 4 |  11856 |  0.111104
 4 |  11848 |  0.067264
 4 |  11840 |  0.260096
 4 |  11832 |  0.106496
 4 |  11824 |  0.162816
 4 |  11816 |  0.110784
 4 |  11808 |  0.083104
 4 |  11800 |  0.118784
 4 |  11792 |  0.062336
 4 |  11784 |  0.069600
 4 |  11776 |  0.128000
 4 |  11768 |  0.075072
 4 |  11760 |  0.086624
 4 |  11752 |  0.102944
 4 |  11744 |  0.110592
 4 |  11736 |  0.058464
 4 |  11728 |  0.072704
 4 |  11720 |  0.119808
 4 |  11712 |  0.081760
 4 |  11704 |  0.081376
 4 |  11696 |  0.120000
 4 |  11688 |  0.161792
 4 |  11680 |  0.066848
 4 |  11672 |  0.103584
 4 |  11664 |  0.085568
 4 |  11656 |  0.089824
 4 |  11648 |  0.125952
 4 |  11640 |  0.106496
 4 |  11632 |  0.061376
 4 |  11624 |  0.135872
 4 |  11616 |  0.053376
 4 |  11608 |  0.064288
 4 |  11600 |  0.190848
 4 |  11592 |  0.108544
 4 |  11584 |  0.107552
 4 |  11576 |  0.139296
 4 |  11568 |  0.099328
 4 |  11560 |  0.103040
 4 |  11552 |  0.161632
 4 |  11544 |  0.076448
 4 |  11536 |  0.101856
 4 |  11528 |  0.115680
 4 |  11520 |  0.246848
 4 |  11512 |  0.055584
 4 |  11504 |  0.058208
 4 |  11496 |  0.088032
 4 |  11488 |  0.118432
 4 |  11480 |  0.104896
 4 |  11472 |  0.068640
 4 |  11464 |  0.132096
 4 |  11456 |  0.123904
 4 |  11448 |  0.123200
 4 |  11440 |  0.106208
 4 |  11432 |  0.148512
 4 |  11424 |  0.136224
 4 |  11416 |  0.125952
 4 |  11408 |  0.135072
 4 |  11400 |  0.120352
 4 |  11392 |  0.108544
 4 |  11384 |  0.129824
 4 |  11376 |  0.161504
 4 |  11368 |  0.104704
 4 |  11360 |  0.119808
 4 |  11352 |  0.120832
 4 |  11344 |  0.122432
 4 |  11336 |  0.106208
 4 |  11328 |  0.113664
 4 |  11320 |  0.090592
 4 |  11312 |  0.144352
 4 |  11304 |  0.113632
 4 |  11296 |  0.116864
 4 |  11288 |  0.070528
 4 |  11280 |  0.117600
 4 |  11272 |  0.143360
 4 |  11264 |  0.110752
 4 |  11256 |  0.123936
 4 |  11248 |  0.104288
 4 |  11240 |  0.100352
 4 |  11232 |  0.153600
 4 |  11224 |  0.094944
 4 |  11216 |  0.142592
 4 |  11208 |  0.057664
 4 |  11200 |  0.094208
 4 |  11192 |  0.082304
 4 |  11184 |  0.069632
 4 |  11176 |  0.069664
 4 |  11168 |  0.136192
 4 |  11160 |  0.088128
 4 |  11152 |  0.090112
 4 |  11144 |  0.091552
 4 |  11136 |  0.124928
 4 |  11128 |  0.103616
 4 |  11120 |  0.067584
 4 |  11112 |  0.090432
 4 |  11104 |  0.084992
 4 |  11096 |  0.112960
 4 |  11088 |  0.095936
 4 |  11080 |  0.132096
 4 |  11072 |  0.091008
 4 |  11064 |  0.088960
 4 |  11056 |  0.098304
 4 |  11048 |  0.107360
 4 |  11040 |  0.095936
 4 |  11032 |  0.161952
 4 |  11024 |  0.135168
 4 |  11016 |  0.120832
 4 |  11008 |  0.126816
 4 |  11000 |  0.083040
 4 |  10992 |  0.090816
 4 |  10984 |  0.138912
 4 |  10976 |  0.081536
 4 |  10968 |  0.069504
 4 |  10960 |  0.121600
 4 |  10952 |  0.079168
 4 |  10944 |  0.121056
 4 |  10936 |  0.079872
 4 |  10928 |  0.085536
 4 |  10920 |  0.110592
 4 |  10912 |  0.086432
 4 |  10904 |  0.152992
 4 |  10896 |  0.142016
 4 |  10888 |  0.069152
 4 |  10880 |  0.052160
 4 |  10872 |  0.062560
 4 |  10864 |  0.099328
 4 |  10856 |  0.116544
 4 |  10848 |  0.103872
 4 |  10840 |  0.084992
 4 |  10832 |  0.053472
 4 |  10824 |  0.129088
 4 |  10816 |  0.073504
 4 |  10808 |  0.100352
 4 |  10800 |  0.085536
 4 |  10792 |  0.064576
 4 |  10784 |  0.102400
 4 |  10776 |  0.100768
 4 |  10768 |  0.131328
 4 |  10760 |  0.106368
 4 |  10752 |  0.093024
 4 |  10744 |  0.118752
 4 |  10736 |  0.092160
 4 |  10728 |  0.164608
 4 |  10720 |  0.163136
 4 |  10712 |  0.149408
 4 |  10704 |  0.084160
 4 |  10696 |  0.102336
 4 |  10688 |  0.157696
 4 |  10680 |  0.098848
 4 |  10672 |  0.087424
 4 |  10664 |  0.090112
 4 |  10656 |  0.083968
 4 |  10648 |  0.097536
 4 |  10640 |  0.195584
 4 |  10632 |  0.106624
 4 |  10624 |  0.184480
 4 |  10616 |  0.114688
 4 |  10608 |  0.092992
 4 |  10600 |  0.082720
 4 |  10592 |  0.102080
 4 |  10584 |  0.115712
 4 |  10576 |  0.088480
 4 |  10568 |  0.136192
 4 |  10560 |  0.124768
 4 |  10552 |  0.075776
 4 |  10544 |  0.117728
 4 |  10536 |  0.060064
 4 |  10528 |  0.120896
 4 |  10520 |  0.094304
 4 |  10512 |  0.127232
 4 |  10504 |  0.079872
 4 |  10496 |  0.142848
 4 |  10488 |  0.077600
 4 |  10480 |  0.052608
 4 |  10472 |  0.174496
 4 |  10464 |  0.134496
 4 |  10456 |  0.085216
 4 |  10448 |  0.115712
 4 |  10440 |  0.130880
 4 |  10432 |  0.139264
 4 |  10424 |  0.075104
 4 |  10416 |  0.123808
 4 |  10408 |  0.121856
 4 |  10400 |  0.107520
 4 |  10392 |  0.146752
 4 |  10384 |  0.092960
 4 |  10376 |  0.114560
 4 |  10368 |  0.149696
 4 |  10360 |  0.049152
 4 |  10352 |  0.102464
 4 |  10344 |  0.114688
 4 |  10336 |  0.111552
 4 |  10328 |  0.149248
 4 |  10320 |  0.112064
 4 |  10312 |  0.088128
 4 |  10304 |  0.147456
 4 |  10296 |  0.082944
 4 |  10288 |  0.161856
 4 |  10280 |  0.113344
 4 |  10272 |  0.117216
 4 |  10264 |  0.098048
 4 |  10256 |  0.191648
 4 |  10248 |  0.125120
 4 |  10240 |  0.162816
 4 |  10232 |  0.100768
 4 |  10224 |  0.102752
 4 |  10216 |  0.080160
 4 |  10208 |  0.119008
 4 |  10200 |  0.084992
 4 |  10192 |  0.108480
 4 |  10184 |  0.081824
 4 |  10176 |  0.149312
 4 |  10168 |  0.080640
 4 |  10160 |  0.066496
 4 |  10152 |  0.063744
 4 |  10144 |  0.115584
 4 |  10136 |  0.106080
 4 |  10128 |  0.116864
 4 |  10120 |  0.095232
 4 |  10112 |  0.112864
 4 |  10104 |  0.070656
 4 |  10096 |  0.108544
 4 |  10088 |  0.067712
 4 |  10080 |  0.091904
 4 |  10072 |  0.122880
 4 |  10064 |  0.072704
 4 |  10056 |  0.143680
 4 |  10048 |  0.117504
 4 |  10040 |  0.114688
 4 |  10032 |  0.095424
 4 |  10024 |  0.099328
 4 |  10016 |  0.120192
 4 |  10008 |  0.099936
 4 |  10000 |  0.094784
 4 |  9992 |  0.117312
 4 |  9984 |  0.093184
 4 |  9976 |  0.181216
 4 |  9968 |  0.062240
 4 |  9960 |  0.122848
 4 |  9952 |  0.083840
 4 |  9944 |  0.097184
 4 |  9936 |  0.115296
 4 |  9928 |  0.130048
 4 |  9920 |  0.072896
 4 |  9912 |  0.084960
 4 |  9904 |  0.116736
 4 |  9896 |  0.114688
 4 |  9888 |  0.084224
 4 |  9880 |  0.103584
 4 |  9872 |  0.135744
 4 |  9864 |  0.111904
 4 |  9856 |  0.065536
 4 |  9848 |  0.198752
 4 |  9840 |  0.089088
 4 |  9832 |  0.119808
 4 |  9824 |  0.123904
 4 |  9816 |  0.063232
 4 |  9808 |  0.166304
 4 |  9800 |  0.098048
 4 |  9792 |  0.128992
 4 |  9784 |  0.135168
 4 |  9776 |  0.088256
 4 |  9768 |  0.109888
 4 |  9760 |  0.147840
 4 |  9752 |  0.138368
 4 |  9744 |  0.119840
 4 |  9736 |  0.124928
 4 |  9728 |  0.126976
 4 |  9720 |  0.053088
 4 |  9712 |  0.096288
 4 |  9704 |  0.197504
 4 |  9696 |  0.111584
 4 |  9688 |  0.092160
 4 |  9680 |  0.179200
 4 |  9672 |  0.092192
 4 |  9664 |  0.095232
 4 |  9656 |  0.152416
 4 |  9648 |  0.089568
 4 |  9640 |  0.083968
 4 |  9632 |  0.086784
 4 |  9624 |  0.090112
 4 |  9616 |  0.164640
 4 |  9608 |  0.109568
 4 |  9600 |  0.093248
 4 |  9592 |  0.107488
 4 |  9584 |  0.072480
 4 |  9576 |  0.059392
 4 |  9568 |  0.126272
 4 |  9560 |  0.111744
 4 |  9552 |  0.155648
 4 |  9544 |  0.110656
 4 |  9536 |  0.104320
 4 |  9528 |  0.085984
 4 |  9520 |  0.159008
 4 |  9512 |  0.107520
 4 |  9504 |  0.061440
 4 |  9496 |  0.122752
 4 |  9488 |  0.085792
 4 |  9480 |  0.150528
 4 |  9472 |  0.118784
 4 |  9464 |  0.092160
 4 |  9456 |  0.141216
 4 |  9448 |  0.137216
 4 |  9440 |  0.118112
 4 |  9432 |  0.086624
 4 |  9424 |  0.088896
 4 |  9416 |  0.077312
 4 |  9408 |  0.137216
 4 |  9400 |  0.081920
 4 |  9392 |  0.066560
 4 |  9384 |  0.105472
 4 |  9376 |  0.064512
 4 |  9368 |  0.125952
 4 |  9360 |  0.123520
 4 |  9352 |  0.125952
 4 |  9344 |  0.163840
 4 |  9336 |  0.098592
 4 |  9328 |  0.107648
 4 |  9320 |  0.105472
 4 |  9312 |  0.096256
 4 |  9304 |  0.094208
 4 |  9296 |  0.117760
 4 |  9288 |  0.093568
 4 |  9280 |  0.102080
 4 |  9272 |  0.089088
 4 |  9264 |  0.073376
 4 |  9256 |  0.169088
 4 |  9248 |  0.142528
 4 |  9240 |  0.193184
 4 |  9232 |  0.098432
 4 |  9224 |  0.094400
 4 |  9216 |  0.082944
 4 |  9208 |  0.061280
 4 |  9200 |  0.118880
 4 |  9192 |  0.093920
 4 |  9184 |  0.120640
 4 |  9176 |  0.077600
 4 |  9168 |  0.143360
 4 |  9160 |  0.118848
 4 |  9152 |  0.113952
 4 |  9144 |  0.133280
 4 |  9136 |  0.110592
 4 |  9128 |  0.096256
 4 |  9120 |  0.103424
 4 |  9112 |  0.105728
 4 |  9104 |  0.123008
 4 |  9096 |  0.092160
 4 |  9088 |  0.113664
 4 |  9080 |  0.142048
 4 |  9072 |  0.117952
 4 |  9064 |  0.094336
 4 |  9056 |  0.156832
 4 |  9048 |  0.146880
 4 |  9040 |  0.137216
 4 |  9032 |  0.094208
 4 |  9024 |  0.117376
 4 |  9016 |  0.112096
 4 |  9008 |  0.121088
 4 |  9000 |  0.053248
 4 |  8992 |  0.112768
 4 |  8984 |  0.085728
 4 |  8976 |  0.061760
 4 |  8968 |  0.109600
 4 |  8960 |  0.138528
 4 |  8952 |  0.122624
 4 |  8944 |  0.049152
 4 |  8936 |  0.083328
 4 |  8928 |  0.120736
 4 |  8920 |  0.089152
 4 |  8912 |  0.131200
 4 |  8904 |  0.138304
 4 |  8896 |  0.075104
 4 |  8888 |  0.085184
 4 |  8880 |  0.075936
 4 |  8872 |  0.054816
 4 |  8864 |  0.056320
 4 |  8856 |  0.058368
 4 |  8848 |  0.134656
 4 |  8840 |  0.067168
 4 |  8832 |  0.093504
 4 |  8824 |  0.120288
 4 |  8816 |  0.110560
 4 |  8808 |  0.116768
 4 |  8800 |  0.090016
 4 |  8792 |  0.110784
 4 |  8784 |  0.090112
 4 |  8776 |  0.130048
 4 |  8768 |  0.089120
 4 |  8760 |  0.156512
 4 |  8752 |  0.097664
 4 |  8744 |  0.088512
 4 |  8736 |  0.170336
 4 |  8728 |  0.104608
 4 |  8720 |  0.119584
 4 |  8712 |  0.190240
 4 |  8704 |  0.119168
 4 |  8696 |  0.083200
 4 |  8688 |  0.106208
 4 |  8680 |  0.184320
 4 |  8672 |  0.091296
 4 |  8664 |  0.096320
 4 |  8656 |  0.103424
 4 |  8648 |  0.169120
 4 |  8640 |  0.121568
 4 |  8632 |  0.126784
 4 |  8624 |  0.109376
 4 |  8616 |  0.071264
 4 |  8608 |  0.108544
 4 |  8600 |  0.125888
 4 |  8592 |  0.084352
 4 |  8584 |  0.099040
 4 |  8576 |  0.152640
 4 |  8568 |  0.100352
 4 |  8560 |  0.115552
 4 |  8552 |  0.062016
 4 |  8544 |  0.110240
 4 |  8536 |  0.094176
 4 |  8528 |  0.103296
 4 |  8520 |  0.091136
 4 |  8512 |  0.113536
 4 |  8504 |  0.101248
 4 |  8496 |  0.114688
 4 |  8488 |  0.135456
 4 |  8480 |  0.065792
 4 |  8472 |  0.147200
 4 |  8464 |  0.104768
 4 |  8456 |  0.071808
 4 |  8448 |  0.121536
 4 |  8440 |  0.140288
 4 |  8432 |  0.114688
 4 |  8424 |  0.127392
 4 |  8416 |  0.106144
 4 |  8408 |  0.095232
 4 |  8400 |  0.102528
 4 |  8392 |  0.106272
 4 |  8384 |  0.117600
 4 |  8376 |  0.105696
 4 |  8368 |  0.135168
 4 |  8360 |  0.055296
 4 |  8352 |  0.070528
 4 |  8344 |  0.141952
 4 |  8336 |  0.087040
 4 |  8328 |  0.113568
 4 |  8320 |  0.090912
 4 |  8312 |  0.092768
 4 |  8304 |  0.110400
 4 |  8296 |  0.235840
 4 |  8288 |  0.376096
 4 |  8280 |  0.113664
 4 |  8272 |  0.051520
 4 |  8264 |  0.056320
 4 |  8256 |  0.114688
 4 |  8248 |  0.057856
 4 |  8240 |  0.163520
 4 |  8232 |  0.103264
 4 |  8224 |  0.122144
 4 |  8216 |  0.081152
 4 |  8208 |  0.105184
 4 |  8200 |  0.102528
 4 |  8192 |  0.153280
 4 |  8184 |  0.138304
 4 |  8176 |  0.061440
 4 |  8168 |  0.062464
 4 |  8160 |  0.146432
 4 |  8152 |  0.107680
 4 |  8144 |  0.137216
 4 |  8136 |  0.105472
 4 |  8128 |  0.111136
 4 |  8120 |  0.100160
 4 |  8112 |  0.118784
 4 |  8104 |  0.100896
 4 |  8096 |  0.138272
 4 |  8088 |  0.073504
 4 |  8080 |  0.111584
 4 |  8072 |  0.134944
 4 |  8064 |  0.092128
 4 |  8056 |  0.154368
 4 |  8048 |  0.121536
 4 |  8040 |  0.111616
 4 |  8032 |  0.109856
 4 |  8024 |  0.181248
 4 |  8016 |  0.100352
 4 |  8008 |  0.137280
 4 |  8000 |  0.069568
 4 |  7992 |  0.078464
 4 |  7984 |  0.149376
 4 |  7976 |  0.098944
 4 |  7968 |  0.126592
 4 |  7960 |  0.148256
 4 |  7952 |  0.094528
 4 |  7944 |  0.116576
 4 |  7936 |  0.160768
 4 |  7928 |  0.098432
 4 |  7920 |  0.066816
 4 |  7912 |  0.097280
 4 |  7904 |  0.090912
 4 |  7896 |  0.103424
 4 |  7888 |  0.077408
 4 |  7880 |  0.126016
 4 |  7872 |  0.118784
 4 |  7864 |  0.091232
 4 |  7856 |  0.133120
 4 |  7848 |  0.120896
 4 |  7840 |  0.112544
 4 |  7832 |  0.145408
 4 |  7824 |  0.161760
 4 |  7816 |  0.086336
 4 |  7808 |  0.102208
 4 |  7800 |  0.090944
 4 |  7792 |  0.062720
 4 |  7784 |  0.113536
 4 |  7776 |  0.098368
 4 |  7768 |  0.096576
 4 |  7760 |  0.114880
 4 |  7752 |  0.100352
 4 |  7744 |  0.098624
 4 |  7736 |  0.137216
 4 |  7728 |  0.079328
 4 |  7720 |  0.080736
 4 |  7712 |  0.158720
 4 |  7704 |  0.099872
 4 |  7696 |  0.094560
 4 |  7688 |  0.093920
 4 |  7680 |  0.149504
 4 |  7672 |  0.097280
 4 |  7664 |  0.089344
 4 |  7656 |  0.112640
 4 |  7648 |  0.095584
 4 |  7640 |  0.209920
 4 |  7632 |  0.070912
 4 |  7624 |  0.147456
 4 |  7616 |  0.084064
 4 |  7608 |  0.130496
 4 |  7600 |  0.123840
 4 |  7592 |  0.071680
 4 |  7584 |  0.088992
 4 |  7576 |  0.086304
 4 |  7568 |  0.137984
 4 |  7560 |  0.112416
 4 |  7552 |  0.086592
 4 |  7544 |  0.118528
 4 |  7536 |  0.075680
 4 |  7528 |  0.095840
 4 |  7520 |  0.100224
 4 |  7512 |  0.112640
 4 |  7504 |  0.067744
 4 |  7496 |  0.073696
 4 |  7488 |  0.086336
 4 |  7480 |  0.097056
 4 |  7472 |  0.059456
 4 |  7464 |  0.106496
 4 |  7456 |  0.091360
 4 |  7448 |  0.086016
 4 |  7440 |  0.068608
 4 |  7432 |  0.122880
 4 |  7424 |  0.088128
 4 |  7416 |  0.110816
 4 |  7408 |  0.082560
 4 |  7400 |  0.104800
 4 |  7392 |  0.139488
 4 |  7384 |  0.108544
 4 |  7376 |  0.098208
 4 |  7368 |  0.091424
 4 |  7360 |  0.088864
 4 |  7352 |  0.131072
 4 |  7344 |  0.138240
 4 |  7336 |  0.101376
 4 |  7328 |  0.119840
 4 |  7320 |  0.105472
 4 |  7312 |  0.095584
 4 |  7304 |  0.191104
 4 |  7296 |  0.094560
 4 |  7288 |  0.100256
 4 |  7280 |  0.120192
 4 |  7272 |  0.148512
 4 |  7264 |  0.111616
 4 |  7256 |  0.087040
 4 |  7248 |  0.079200
 4 |  7240 |  0.092160
 4 |  7232 |  0.152288
 4 |  7224 |  0.105472
 4 |  7216 |  0.115072
 4 |  7208 |  0.094592
 4 |  7200 |  0.076896
 4 |  7192 |  0.153600
 4 |  7184 |  0.138240
 4 |  7176 |  0.103424
 4 |  7168 |  0.156672
 4 |  7160 |  0.120832
 4 |  7152 |  0.110688
 4 |  7144 |  0.151872
 4 |  7136 |  0.086336
 4 |  7128 |  0.141088
 4 |  7120 |  0.101312
 4 |  7112 |  0.138688
 4 |  7104 |  0.106368
 4 |  7096 |  0.077888
 4 |  7088 |  0.091904
 4 |  7080 |  0.094784
 4 |  7072 |  0.158752
 4 |  7064 |  0.159712
 4 |  7056 |  0.157472
 4 |  7048 |  0.102976
 4 |  7040 |  0.224928
 4 |  7032 |  0.105952
 4 |  7024 |  0.054720
 4 |  7016 |  0.069824
 4 |  7008 |  0.049504
 4 |  7000 |  0.086016
 4 |  6992 |  0.078080
 4 |  6984 |  0.107616
 4 |  6976 |  0.088064
 4 |  6968 |  0.147424
 4 |  6960 |  0.119936
 4 |  6952 |  0.094208
 4 |  6944 |  0.148864
 4 |  6936 |  0.066560
 4 |  6928 |  0.117760
 4 |  6920 |  0.104448
 4 |  6912 |  0.145056
 4 |  6904 |  0.103424
 4 |  6896 |  0.116736
 4 |  6888 |  0.113664
 4 |  6880 |  0.149504
 4 |  6872 |  0.053376
 4 |  6864 |  0.154752
 4 |  6856 |  0.131968
 4 |  6848 |  0.146400
 4 |  6840 |  0.176192
 4 |  6832 |  0.082912
 4 |  6824 |  0.089984
 4 |  6816 |  0.088416
 4 |  6808 |  0.114528
 4 |  6800 |  0.173056
 4 |  6792 |  0.092416
 4 |  6784 |  0.122848
 4 |  6776 |  0.093664
 4 |  6768 |  0.091552
 4 |  6760 |  0.128000
 4 |  6752 |  0.107488
 4 |  6744 |  0.154624
 4 |  6736 |  0.108416
 4 |  6728 |  0.182624
 4 |  6720 |  0.066208
 4 |  6712 |  0.097824
 4 |  6704 |  0.111616
 4 |  6696 |  0.128000
 4 |  6688 |  0.068608
 4 |  6680 |  0.099328
 4 |  6672 |  0.140288
 4 |  6664 |  0.168064
 4 |  6656 |  0.096480
 4 |  6648 |  0.138240
 4 |  6640 |  0.085728
 4 |  6632 |  0.105568
 4 |  6624 |  0.069856
 4 |  6616 |  0.086016
 4 |  6608 |  0.107520
 4 |  6600 |  0.102464
 4 |  6592 |  0.175776
 4 |  6584 |  0.069632
 4 |  6576 |  0.083840
 4 |  6568 |  0.085728
 4 |  6560 |  0.091136
 4 |  6552 |  0.049280
 4 |  6544 |  0.053664
 4 |  6536 |  0.048128
 4 |  6528 |  0.087040
 4 |  6520 |  0.067744
 4 |  6512 |  0.080896
 4 |  6504 |  0.107424
 4 |  6496 |  0.141312
 4 |  6488 |  0.088032
 4 |  6480 |  0.116736
 4 |  6472 |  0.095616
 4 |  6464 |  0.126176
 4 |  6456 |  0.101376
 4 |  6448 |  0.102400
 4 |  6440 |  0.089088
 4 |  6432 |  0.164800
 4 |  6424 |  0.108256
 4 |  6416 |  0.129024
 4 |  6408 |  0.107424
 4 |  6400 |  0.136032
 4 |  6392 |  0.115104
 4 |  6384 |  0.115712
 4 |  6376 |  0.085344
 4 |  6368 |  0.148160
 4 |  6360 |  0.125088
 4 |  6352 |  0.189440
 4 |  6344 |  0.126080
 4 |  6336 |  0.096256
 4 |  6328 |  0.095232
 4 |  6320 |  0.108864
 4 |  6312 |  0.093152
 4 |  6304 |  0.149152
 4 |  6296 |  0.118688
 4 |  6288 |  0.099456
 4 |  6280 |  0.066752
 4 |  6272 |  0.096256
 4 |  6264 |  0.115584
 4 |  6256 |  0.091488
 4 |  6248 |  0.144192
 4 |  6240 |  0.131424
 4 |  6232 |  0.050880
 4 |  6224 |  0.084960
 4 |  6216 |  0.098304
 4 |  6208 |  0.080160
 4 |  6200 |  0.108576
 4 |  6192 |  0.130336
 4 |  6184 |  0.098912
 4 |  6176 |  0.090720
 4 |  6168 |  0.082944
 4 |  6160 |  0.102400
 4 |  6152 |  0.097408
 4 |  6144 |  0.053248
 4 |  6136 |  0.111552
 4 |  6128 |  0.070432
 4 |  6120 |  0.122880
 4 |  6112 |  0.106656
 4 |  6104 |  0.078368
 4 |  6096 |  0.157408
 4 |  6088 |  0.135168
 4 |  6080 |  0.085088
 4 |  6072 |  0.095168
 4 |  6064 |  0.136896
 4 |  6056 |  0.132096
 4 |  6048 |  0.093824
 4 |  6040 |  0.142240
 4 |  6032 |  0.231712
 4 |  6024 |  0.061952
 4 |  6016 |  0.054272
 4 |  6008 |  0.111424
 4 |  6000 |  0.118592
 4 |  5992 |  0.109984
 4 |  5984 |  0.130176
 4 |  5976 |  0.120288
 4 |  5968 |  0.075136
 4 |  5960 |  0.124736
 4 |  5952 |  0.090432
 4 |  5944 |  0.108864
 4 |  5936 |  0.098208
 4 |  5928 |  0.127008
 4 |  5920 |  0.143616
 4 |  5912 |  0.128000
 4 |  5904 |  0.102944
 4 |  5896 |  0.090368
 4 |  5888 |  0.136192
 4 |  5880 |  0.119808
 4 |  5872 |  0.177728
 4 |  5864 |  0.128960
 4 |  5856 |  0.093184
 4 |  5848 |  0.097280
 4 |  5840 |  0.159104
 4 |  5832 |  0.067136
 4 |  5824 |  0.084864
 4 |  5816 |  0.094208
 4 |  5808 |  0.106496
 4 |  5800 |  0.061888
 4 |  5792 |  0.104448
 4 |  5784 |  0.146144
 4 |  5776 |  0.123872
 4 |  5768 |  0.123904
 4 |  5760 |  0.093504
 4 |  5752 |  0.136416
 4 |  5744 |  0.088096
 4 |  5736 |  0.104064
 4 |  5728 |  0.128032
 4 |  5720 |  0.121856
 4 |  5712 |  0.079776
 4 |  5704 |  0.160768
 4 |  5696 |  0.143456
 4 |  5688 |  0.099584
 4 |  5680 |  0.103072
 4 |  5672 |  0.113984
 4 |  5664 |  0.142752
 4 |  5656 |  0.086016
 4 |  5648 |  0.104320
 4 |  5640 |  0.100288
 4 |  5632 |  0.189152
 4 |  5624 |  0.097568
 4 |  5616 |  0.108096
 4 |  5608 |  0.100352
 4 |  5600 |  0.102400
 4 |  5592 |  0.098240
 4 |  5584 |  0.119104
 4 |  5576 |  0.183488
 4 |  5568 |  0.212640
 4 |  5560 |  0.092256
 4 |  5552 |  0.121792
 4 |  5544 |  0.112640
 4 |  5536 |  0.103456
 4 |  5528 |  0.137280
 4 |  5520 |  0.140288
 4 |  5512 |  0.063232
 4 |  5504 |  0.055328
 4 |  5496 |  0.128704
 4 |  5488 |  0.073728
 4 |  5480 |  0.066400
 4 |  5472 |  0.144576
 4 |  5464 |  0.091136
 4 |  5456 |  0.089952
 4 |  5448 |  0.119520
 4 |  5440 |  0.124928
 4 |  5432 |  0.099008
 4 |  5424 |  0.110592
 4 |  5416 |  0.107136
 4 |  5408 |  0.116736
 4 |  5400 |  0.093312
 4 |  5392 |  0.064512
 4 |  5384 |  0.120992
 4 |  5376 |  0.123456
 4 |  5368 |  0.102912
 4 |  5360 |  0.078432
 4 |  5352 |  0.081056
 4 |  5344 |  0.095232
 4 |  5336 |  0.092224
 4 |  5328 |  0.105472
 4 |  5320 |  0.091136
 4 |  5312 |  0.134144
 4 |  5304 |  0.173056
 4 |  5296 |  0.098560
 4 |  5288 |  0.128448
 4 |  5280 |  0.151328
 4 |  5272 |  0.110784
 4 |  5264 |  0.151328
 4 |  5256 |  0.102016
 4 |  5248 |  0.111840
 4 |  5240 |  0.092096
 4 |  5232 |  0.167936
 4 |  5224 |  0.145184
 4 |  5216 |  0.128032
 4 |  5208 |  0.072992
 4 |  5200 |  0.139296
 4 |  5192 |  0.073440
 4 |  5184 |  0.107520
 4 |  5176 |  0.085568
 4 |  5168 |  0.153024
 4 |  5160 |  0.075776
 4 |  5152 |  0.144960
 4 |  5144 |  0.130048
 4 |  5136 |  0.104320
 4 |  5128 |  0.067584
 4 |  5120 |  0.090976
 4 |  5112 |  0.100352
 4 |  5104 |  0.183936
 4 |  5096 |  0.134336
 4 |  5088 |  0.154624
 4 |  5080 |  0.111616
 4 |  5072 |  0.121856
 4 |  5064 |  0.094720
 4 |  5056 |  0.148896
 4 |  5048 |  0.061440
 4 |  5040 |  0.104000
 4 |  5032 |  0.100608
 4 |  5024 |  0.100064
 4 |  5016 |  0.134144
 4 |  5008 |  0.093184
 4 |  5000 |  0.099232
 4 |  4992 |  0.115648
 4 |  4984 |  0.075072
 4 |  4976 |  0.088064
 4 |  4968 |  0.108224
 4 |  4960 |  0.071680
 4 |  4952 |  0.109856
 4 |  4944 |  0.085856
 4 |  4936 |  0.131072
 4 |  4928 |  0.082784
 4 |  4920 |  0.211200
 4 |  4912 |  0.096256
 4 |  4904 |  0.113664
 4 |  4896 |  0.091136
 4 |  4888 |  0.124416
 4 |  4880 |  0.112640
 4 |  4872 |  0.063040
 4 |  4864 |  0.126816
 4 |  4856 |  0.098112
 4 |  4848 |  0.162528
 4 |  4840 |  0.132128
 4 |  4832 |  0.105472
 4 |  4824 |  0.057472
 4 |  4816 |  0.156096
 4 |  4808 |  0.118784
 4 |  4800 |  0.084064
 4 |  4792 |  0.134144
 4 |  4784 |  0.110368
 4 |  4776 |  0.105280
 4 |  4768 |  0.112256
 4 |  4760 |  0.099552
 4 |  4752 |  0.062304
 4 |  4744 |  0.106528
 4 |  4736 |  0.109472
 4 |  4728 |  0.089088
 4 |  4720 |  0.146688
 4 |  4712 |  0.169888
 4 |  4704 |  0.131872
 4 |  4696 |  0.128000
 4 |  4688 |  0.083744
 4 |  4680 |  0.080896
 4 |  4672 |  0.091840
 4 |  4664 |  0.103424
 4 |  4656 |  0.123072
 4 |  4648 |  0.061408
 4 |  4640 |  0.076512
 4 |  4632 |  0.087040
 4 |  4624 |  0.094176
 4 |  4616 |  0.112640
 4 |  4608 |  0.057504
 4 |  4600 |  0.110816
 4 |  4592 |  0.078112
 4 |  4584 |  0.069760
 4 |  4576 |  0.128064
 4 |  4568 |  0.098176
 4 |  4560 |  0.099392
 4 |  4552 |  0.066528
 4 |  4544 |  0.106496
 4 |  4536 |  0.110592
 4 |  4528 |  0.088064
 4 |  4520 |  0.094976
 4 |  4512 |  0.100352
 4 |  4504 |  0.088448
 4 |  4496 |  0.073408
 4 |  4488 |  0.120576
 4 |  4480 |  0.148352
 4 |  4472 |  0.161664
 4 |  4464 |  0.061248
 4 |  4456 |  0.139424
 4 |  4448 |  0.058368
 4 |  4440 |  0.205632
 4 |  4432 |  0.133856
 4 |  4424 |  0.107840
 4 |  4416 |  0.153408
 4 |  4408 |  0.057184
 4 |  4400 |  0.068608
 4 |  4392 |  0.087008
 4 |  4384 |  0.086784
 4 |  4376 |  0.056384
 4 |  4368 |  0.075968
 4 |  4360 |  0.161792
 4 |  4352 |  0.140768
 4 |  4344 |  0.092992
 4 |  4336 |  0.084992
 4 |  4328 |  0.125152
 4 |  4320 |  0.118304
 4 |  4312 |  0.137536
 4 |  4304 |  0.073216
 4 |  4296 |  0.113408
 4 |  4288 |  0.099328
 4 |  4280 |  0.140320
 4 |  4272 |  0.155648
 4 |  4264 |  0.201728
 4 |  4256 |  0.140736
 4 |  4248 |  0.134592
 4 |  4240 |  0.114656
 4 |  4232 |  0.117536
 4 |  4224 |  0.079616
 4 |  4216 |  0.079552
 4 |  4208 |  0.068608
 4 |  4200 |  0.087712
 4 |  4192 |  0.103648
 4 |  4184 |  0.070656
 4 |  4176 |  0.097280
 4 |  4168 |  0.080736
 4 |  4160 |  0.112224
 4 |  4152 |  0.052224
 4 |  4144 |  0.100352
 4 |  4136 |  0.109568
 4 |  4128 |  0.063488
 4 |  4120 |  0.088224
 4 |  4112 |  0.131328
 4 |  4104 |  0.089536
 4 |  4096 |  0.100704
 4 |  4088 |  0.107232
 4 |  4080 |  0.107232
 4 |  4072 |  0.107232
 4 |  4064 |  0.107232
 4 |  4056 |  0.107232
 4 |  4048 |  0.107232
 4 |  4040 |  0.107232
 4 |  4032 |  0.107232
 4 |  4024 |  0.107232
 4 |  4016 |  0.107232
 4 |  4008 |  0.107232
 4 |  4000 |  0.107232
 4 |  3992 |  0.107232
 4 |  3984 |  0.107232
 4 |  3976 |  0.107232
 4 |  3968 |  0.107232
 4 |  3960 |  0.107232
 4 |  3952 |  0.107232
 4 |  3944 |  0.107232
 4 |  3936 |  0.107232
 4 |  3928 |  0.107232
 4 |  3920 |  0.107232
 4 |  3912 |  0.107232
 4 |  3904 |  0.107232
 4 |  3896 |  0.107232
 4 |  3888 |  0.107232
 4 |  3880 |  0.107232
 4 |  3872 |  0.107232
 4 |  3864 |  0.107232
 4 |  3856 |  0.107232
 4 |  3848 |  0.107232
 4 |  3840 |  0.107232
 4 |  3832 |  0.107232
 4 |  3824 |  0.107232
 4 |  3816 |  0.107232
 4 |  3808 |  0.107232
 4 |  3800 |  0.107232
 4 |  3792 |  0.107232
 4 |  3784 |  0.107232
 4 |  3776 |  0.107232
 4 |  3768 |  0.107232
 4 |  3760 |  0.107232
 4 |  3752 |  0.107232
 4 |  3744 |  0.107232
 4 |  3736 |  0.107232
 4 |  3728 |  0.107232
 4 |  3720 |  0.107232
 4 |  3712 |  0.107232
 4 |  3704 |  0.107232
 4 |  3696 |  0.107232
 4 |  3688 |  0.107232
 4 |  3680 |  0.107232
 4 |  3672 |  0.107232
 4 |  3664 |  0.107232
 4 |  3656 |  0.107232
 4 |  3648 |  0.107232
 4 |  3640 |  0.107232
 4 |  3632 |  0.107232
 4 |  3624 |  0.107232
 4 |  3616 |  0.107232
 4 |  3608 |  0.107232
 4 |  3600 |  0.107232
 4 |  3592 |  0.107232
 4 |  3584 |  0.107232
 4 |  3576 |  0.107232
 4 |  3568 |  0.107232
 4 |  3560 |  0.107232
 4 |  3552 |  0.107232
 4 |  3544 |  0.107232
 4 |  3536 |  0.107232
 4 |  3528 |  0.107232
 4 |  3520 |  0.107232
 4 |  3512 |  0.107232
 4 |  3504 |  0.107232
 4 |  3496 |  0.107232
 4 |  3488 |  0.107232
 4 |  3480 |  0.107232
 4 |  3472 |  0.107232
 4 |  3464 |  0.107232
 4 |  3456 |  0.107232
 4 |  3448 |  0.107232
 4 |  3440 |  0.107232
 4 |  3432 |  0.107232
 4 |  3424 |  0.107232
 4 |  3416 |  0.107232
 4 |  3408 |  0.107232
 4 |  3400 |  0.107232
 4 |  3392 |  0.107232
 4 |  3384 |  0.107232
 4 |  3376 |  0.107232
 4 |  3368 |  0.107232
 4 |  3360 |  0.107232
 4 |  3352 |  0.107232
 4 |  3344 |  0.107232
 4 |  3336 |  0.107232
 4 |  3328 |  0.107232
 4 |  3320 |  0.107232
 4 |  3312 |  0.107232
 4 |  3304 |  0.107232
 4 |  3296 |  0.107232
 4 |  3288 |  0.107232
 4 |  3280 |  0.107232
 4 |  3272 |  0.107232
 4 |  3264 |  0.107232
 4 |  3256 |  0.107232
 4 |  3248 |  0.107232
 4 |  3240 |  0.107232
 4 |  3232 |  0.107232
 4 |  3224 |  0.107232
 4 |  3216 |  0.107232
 4 |  3208 |  0.107232
 4 |  3200 |  0.107232
 4 |  3192 |  0.107232
 4 |  3184 |  0.107232
 4 |  3176 |  0.107232
 4 |  3168 |  0.107232
 4 |  3160 |  0.107232
 4 |  3152 |  0.107232
 4 |  3144 |  0.107232
 4 |  3136 |  0.107232
 4 |  3128 |  0.107232
 4 |  3120 |  0.107232
 4 |  3112 |  0.107232
 4 |  3104 |  0.107232
 4 |  3096 |  0.107232
 4 |  3088 |  0.107232
 4 |  3080 |  0.107232
 4 |  3072 |  0.107232
 4 |  3064 |  0.107232
 4 |  3056 |  0.107232
 4 |  3048 |  0.107232
 4 |  3040 |  0.107232
 4 |  3032 |  0.107232
 4 |  3024 |  0.107232
 4 |  3016 |  0.107232
 4 |  3008 |  0.107232
 4 |  3000 |  0.107232
 4 |  2992 |  0.107232
 4 |  2984 |  0.107232
 4 |  2976 |  0.107232
 4 |  2968 |  0.107232
 4 |  2960 |  0.107232
 4 |  2952 |  0.107232
 4 |  2944 |  0.107232
 4 |  2936 |  0.107232
 4 |  2928 |  0.107232
 4 |  2920 |  0.107232
 4 |  2912 |  0.107232
 4 |  2904 |  0.107232
 4 |  2896 |  0.107232
 4 |  2888 |  0.107232
 4 |  2880 |  0.107232
 4 |  2872 |  0.107232
 4 |  2864 |  0.107232
 4 |  2856 |  0.107232
 4 |  2848 |  0.107232
 4 |  2840 |  0.107232
 4 |  2832 |  0.107232
 4 |  2824 |  0.107232
 4 |  2816 |  0.107232
 4 |  2808 |  0.107232
 4 |  2800 |  0.107232
 4 |  2792 |  0.107232
 4 |  2784 |  0.107232
 4 |  2776 |  0.107232
 4 |  2768 |  0.107232
 4 |  2760 |  0.107232
 4 |  2752 |  0.107232
 4 |  2744 |  0.107232
 4 |  2736 |  0.107232
 4 |  2728 |  0.107232
 4 |  2720 |  0.107232
 4 |  2712 |  0.107232
 4 |  2704 |  0.107232
 4 |  2696 |  0.107232
 4 |  2688 |  0.107232
 4 |  2680 |  0.107232
 4 |  2672 |  0.107232
 4 |  2664 |  0.107232
 4 |  2656 |  0.107232
 4 |  2648 |  0.107232
 4 |  2640 |  0.107232
 4 |  2632 |  0.107232
 4 |  2624 |  0.107232
 4 |  2616 |  0.107232
 4 |  2608 |  0.107232
 4 |  2600 |  0.107232
 4 |  2592 |  0.107232
 4 |  2584 |  0.107232
 4 |  2576 |  0.107232
 4 |  2568 |  0.107232
 4 |  2560 |  0.107232
 4 |  2552 |  0.107232
 4 |  2544 |  0.107232
 4 |  2536 |  0.107232
 4 |  2528 |  0.107232
 4 |  2520 |  0.107232
 4 |  2512 |  0.107232
 4 |  2504 |  0.107232
 4 |  2496 |  0.107232
 4 |  2488 |  0.107232
 4 |  2480 |  0.107232
 4 |  2472 |  0.107232
 4 |  2464 |  0.107232
 4 |  2456 |  0.107232
 4 |  2448 |  0.107232
 4 |  2440 |  0.107232
 4 |  2432 |  0.107232
 4 |  2424 |  0.107232
 4 |  2416 |  0.107232
 4 |  2408 |  0.107232
 4 |  2400 |  0.107232
 4 |  2392 |  0.107232
 4 |  2384 |  0.107232
 4 |  2376 |  0.107232
 4 |  2368 |  0.107232
 4 |  2360 |  0.107232
 4 |  2352 |  0.107232
 4 |  2344 |  0.107232
 4 |  2336 |  0.107232
 4 |  2328 |  0.107232
 4 |  2320 |  0.107232
 4 |  2312 |  0.107232
 4 |  2304 |  0.107232
 4 |  2296 |  0.107232
 4 |  2288 |  0.107232
 4 |  2280 |  0.107232
 4 |  2272 |  0.107232
 4 |  2264 |  0.107232
 4 |  2256 |  0.107232
 4 |  2248 |  0.107232
 4 |  2240 |  0.107232
 4 |  2232 |  0.107232
 4 |  2224 |  0.107232
 4 |  2216 |  0.107232
 4 |  2208 |  0.107232
 4 |  2200 |  0.107232
 4 |  2192 |  0.107232
 4 |  2184 |  0.107232
 4 |  2176 |  0.107232
 4 |  2168 |  0.107232
 4 |  2160 |  0.107232
 4 |  2152 |  0.107232
 4 |  2144 |  0.107232
 4 |  2136 |  0.107232
 4 |  2128 |  0.107232
 4 |  2120 |  0.107232
 4 |  2112 |  0.107232
 4 |  2104 |  0.107232
 4 |  2096 |  0.107232
 4 |  2088 |  0.107232
 4 |  2080 |  0.107232
 4 |  2072 |  0.107232
 4 |  2064 |  0.107232
 4 |  2056 |  0.107232
 4 |  2048 |  0.107232
 4 |  2040 |  0.107232
 4 |  2032 |  0.107232
 4 |  2024 |  0.107232
 4 |  2016 |  0.107232
 4 |  2008 |  0.107232
 4 |  2000 |  0.107232
 4 |  1992 |  0.107232
 4 |  1984 |  0.107232
 4 |  1976 |  0.107232
 4 |  1968 |  0.107232
 4 |  1960 |  0.107232
 4 |  1952 |  0.107232
 4 |  1944 |  0.107232
 4 |  1936 |  0.107232
 4 |  1928 |  0.107232
 4 |  1920 |  0.107232
 4 |  1912 |  0.107232
 4 |  1904 |  0.107232
 4 |  1896 |  0.107232
 4 |  1888 |  0.107232
 4 |  1880 |  0.107232
 4 |  1872 |  0.107232
 4 |  1864 |  0.107232
 4 |  1856 |  0.107232
 4 |  1848 |  0.107232
 4 |  1840 |  0.107232
 4 |  1832 |  0.107232
 4 |  1824 |  0.107232
 4 |  1816 |  0.107232
 4 |  1808 |  0.107232
 4 |  1800 |  0.107232
 4 |  1792 |  0.107232
 4 |  1784 |  0.107232
 4 |  1776 |  0.107232
 4 |  1768 |  0.107232
 4 |  1760 |  0.107232
 4 |  1752 |  0.107232
 4 |  1744 |  0.107232
 4 |  1736 |  0.107232
 4 |  1728 |  0.107232
 4 |  1720 |  0.107232
 4 |  1712 |  0.107232
 4 |  1704 |  0.107232
 4 |  1696 |  0.107232
 4 |  1688 |  0.107232
 4 |  1680 |  0.107232
 4 |  1672 |  0.107232
 4 |  1664 |  0.107232
 4 |  1656 |  0.107232
 4 |  1648 |  0.107232
 4 |  1640 |  0.107232
 4 |  1632 |  0.107232
 4 |  1624 |  0.107232
 4 |  1616 |  0.107232
 4 |  1608 |  0.107232
 4 |  1600 |  0.107232
 4 |  1592 |  0.107232
 4 |  1584 |  0.107232
 4 |  1576 |  0.107232
 4 |  1568 |  0.107232
 4 |  1560 |  0.107232
 4 |  1552 |  0.107232
 4 |  1544 |  0.107232
 4 |  1536 |  0.107232
 4 |  1528 |  0.107232
 4 |  1520 |  0.107232
 4 |  1512 |  0.107232
 4 |  1504 |  0.107232
 4 |  1496 |  0.107232
 4 |  1488 |  0.107232
 4 |  1480 |  0.107232
 4 |  1472 |  0.107232
 4 |  1464 |  0.107232
 4 |  1456 |  0.107232
 4 |  1448 |  0.107232
 4 |  1440 |  0.107232
 4 |  1432 |  0.107232
 4 |  1424 |  0.107232
 4 |  1416 |  0.107232
 4 |  1408 |  0.107232
 4 |  1400 |  0.107232
 4 |  1392 |  0.107232
 4 |  1384 |  0.107232
 4 |  1376 |  0.107232
 4 |  1368 |  0.107232
 4 |  1360 |  0.107232
 4 |  1352 |  0.107232
 4 |  1344 |  0.107232
 4 |  1336 |  0.107232
 4 |  1328 |  0.107232
 4 |  1320 |  0.107232
 4 |  1312 |  0.107232
 4 |  1304 |  0.107232
 4 |  1296 |  0.107232
 4 |  1288 |  0.107232
 4 |  1280 |  0.107232
 4 |  1272 |  0.107232
 4 |  1264 |  0.107232
 4 |  1256 |  0.107232
 4 |  1248 |  0.107232
 4 |  1240 |  0.107232
 4 |  1232 |  0.107232
 4 |  1224 |  0.107232
 4 |  1216 |  0.107232
 4 |  1208 |  0.107232
 4 |  1200 |  0.107232
 4 |  1192 |  0.107232
 4 |  1184 |  0.107232
 4 |  1176 |  0.107232
 4 |  1168 |  0.107232
 4 |  1160 |  0.107232
 4 |  1152 |  0.107232
 4 |  1144 |  0.107232
 4 |  1136 |  0.107232
 4 |  1128 |  0.107232
 4 |  1120 |  0.107232
 4 |  1112 |  0.107232
 4 |  1104 |  0.107232
 4 |  1096 |  0.107232
 4 |  1088 |  0.107232
 4 |  1080 |  0.107232
 4 |  1072 |  0.107232
 4 |  1064 |  0.107232
 4 |  1056 |  0.107232
 4 |  1048 |  0.107232
 4 |  1040 |  0.107232
 4 |  1032 |  0.107232
 4 |  1024 |  0.107232
 4 |  1016 |  0.107232
 4 |  1008 |  0.107232
 4 |  1000 |  0.107232
 4 |  992 |  0.107232
 4 |  984 |  0.107232
 4 |  976 |  0.107232
 4 |  968 |  0.107232
 4 |  960 |  0.107232
 4 |  952 |  0.107232
 4 |  944 |  0.107232
 4 |  936 |  0.107232
 4 |  928 |  0.107232
 4 |  920 |  0.107232
 4 |  912 |  0.107232
 4 |  904 |  0.107232
 4 |  896 |  0.107232
 4 |  888 |  0.107232
 4 |  880 |  0.107232
 4 |  872 |  0.107232
 4 |  864 |  0.107232
 4 |  856 |  0.107232
 4 |  848 |  0.107232
 4 |  840 |  0.107232
 4 |  832 |  0.107232
 4 |  824 |  0.107232
 4 |  816 |  0.107232
 4 |  808 |  0.107232
 4 |  800 |  0.107232
 4 |  792 |  0.107232
 4 |  784 |  0.107232
 4 |  776 |  0.107232
 4 |  768 |  0.107232
 4 |  760 |  0.107232
 4 |  752 |  0.107232
 4 |  744 |  0.107232
 4 |  736 |  0.107232
 4 |  728 |  0.107232
 4 |  720 |  0.107232
 4 |  712 |  0.107232
 4 |  704 |  0.107232
 4 |  696 |  0.107232
 4 |  688 |  0.107232
 4 |  680 |  0.107232
 4 |  672 |  0.107232
 4 |  664 |  0.107232
 4 |  656 |  0.107232
 4 |  648 |  0.107232
 4 |  640 |  0.107232
 4 |  632 |  0.107232
 4 |  624 |  0.107232
 4 |  616 |  0.107232
 4 |  608 |  0.107232
 4 |  600 |  0.107232
 4 |  592 |  0.107232
 4 |  584 |  0.107232
 4 |  576 |  0.107232
 4 |  568 |  0.107232
 4 |  560 |  0.107232
 4 |  552 |  0.107232
 4 |  544 |  0.107232
 4 |  536 |  0.107232
 4 |  528 |  0.107232
 4 |  520 |  0.107232
 4 |  512 |  0.107232
 4 |  504 |  0.107232
 4 |  496 |  0.107232
 4 |  488 |  0.107232
 4 |  480 |  0.107232
 4 |  472 |  0.107232
 4 |  464 |  0.107232
 4 |  456 |  0.107232
 4 |  448 |  0.107232
 4 |  440 |  0.107232
 4 |  432 |  0.107232
 4 |  424 |  0.107232
 4 |  416 |  0.107232
 4 |  408 |  0.107232
 4 |  400 |  0.107232
 4 |  392 |  0.107232
 4 |  384 |  0.107232
 4 |  376 |  0.107232
 4 |  368 |  0.107232
 4 |  360 |  0.107232
 4 |  352 |  0.107232
 4 |  344 |  0.107232
 4 |  336 |  0.107232
 4 |  328 |  0.107232
 4 |  320 |  0.107232
 4 |  312 |  0.107232
 4 |  304 |  0.107232
 4 |  296 |  0.107232
 4 |  288 |  0.107232
 4 |  280 |  0.107232
 4 |  272 |  0.107232
 4 |  264 |  0.107232
 4 |  256 |  0.107232
 4 |  248 |  0.107232
 4 |  240 |  0.107232
 4 |  232 |  0.107232
 4 |  224 |  0.107232
 4 |  216 |  0.107232
 4 |  208 |  0.107232
 4 |  200 |  0.107232
 4 |  192 |  0.107232
 4 |  184 |  0.107232
 4 |  176 |  0.107232
 4 |  168 |  0.107232
 4 |  160 |  0.107232
 4 |  152 |  0.107232
 4 |  144 |  0.107232
 4 |  136 |  0.107232
 4 |  128 |  0.107232
 4 |  120 |  0.107232
 4 |  112 |  0.107232
 4 |  104 |  0.107232
 4 |  96 |  0.107232
 4 |  88 |  0.107232
 4 |  80 |  0.107232
 4 |  72 |  0.107232
 4 |  64 |  0.107232
 4 |  56 |  0.107232
 4 |  48 |  0.107232
 4 |  40 |  0.107232
 4 |  32 |  0.107232
 4 |  24 |  0.107232
 4 |  16 |  0.107232
 4 |  8 |  0.107232
