num_tree | num_queries | time_taken
 2 |  16376 |  0.094144
 2 |  16368 |  0.074752
 2 |  16360 |  0.099328
 2 |  16352 |  0.069792
 2 |  16344 |  0.061664
 2 |  16336 |  0.109088
 2 |  16328 |  0.109824
 2 |  16320 |  0.063488
 2 |  16312 |  0.073504
 2 |  16304 |  0.111328
 2 |  16296 |  0.092128
 2 |  16288 |  0.093184
 2 |  16280 |  0.068096
 2 |  16272 |  0.089024
 2 |  16264 |  0.130240
 2 |  16256 |  0.091296
 2 |  16248 |  0.084960
 2 |  16240 |  0.070784
 2 |  16232 |  0.088064
 2 |  16224 |  0.089088
 2 |  16216 |  0.143232
 2 |  16208 |  0.117760
 2 |  16200 |  0.090976
 2 |  16192 |  0.129696
 2 |  16184 |  0.067584
 2 |  16176 |  0.102560
 2 |  16168 |  0.119808
 2 |  16160 |  0.130048
 2 |  16152 |  0.115104
 2 |  16144 |  0.076800
 2 |  16136 |  0.119072
 2 |  16128 |  0.062464
 2 |  16120 |  0.080960
 2 |  16112 |  0.060416
 2 |  16104 |  0.109280
 2 |  16096 |  0.075168
 2 |  16088 |  0.114976
 2 |  16080 |  0.093152
 2 |  16072 |  0.120608
 2 |  16064 |  0.101696
 2 |  16056 |  0.097664
 2 |  16048 |  0.133888
 2 |  16040 |  0.141632
 2 |  16032 |  0.096224
 2 |  16024 |  0.063328
 2 |  16016 |  0.107520
 2 |  16008 |  0.114688
 2 |  16000 |  0.118784
 2 |  15992 |  0.074752
 2 |  15984 |  0.072416
 2 |  15976 |  0.121984
 2 |  15968 |  0.167200
 2 |  15960 |  0.063488
 2 |  15952 |  0.110592
 2 |  15944 |  0.103424
 2 |  15936 |  0.104448
 2 |  15928 |  0.105408
 2 |  15920 |  0.061376
 2 |  15912 |  0.103424
 2 |  15904 |  0.093472
 2 |  15896 |  0.109504
 2 |  15888 |  0.189504
 2 |  15880 |  0.065536
 2 |  15872 |  0.070656
 2 |  15864 |  0.095040
 2 |  15856 |  0.114048
 2 |  15848 |  0.082208
 2 |  15840 |  0.081952
 2 |  15832 |  0.095232
 2 |  15824 |  0.069920
 2 |  15816 |  0.131296
 2 |  15808 |  0.132800
 2 |  15800 |  0.090112
 2 |  15792 |  0.077920
 2 |  15784 |  0.068608
 2 |  15776 |  0.087872
 2 |  15768 |  0.095392
 2 |  15760 |  0.072704
 2 |  15752 |  0.081120
 2 |  15744 |  0.123232
 2 |  15736 |  0.060416
 2 |  15728 |  0.090816
 2 |  15720 |  0.131200
 2 |  15712 |  0.080896
 2 |  15704 |  0.156672
 2 |  15696 |  0.064512
 2 |  15688 |  0.094208
 2 |  15680 |  0.111616
 2 |  15672 |  0.076032
 2 |  15664 |  0.110816
 2 |  15656 |  0.086432
 2 |  15648 |  0.107360
 2 |  15640 |  0.105472
 2 |  15632 |  0.129984
 2 |  15624 |  0.095232
 2 |  15616 |  0.125632
 2 |  15608 |  0.087776
 2 |  15600 |  0.074880
 2 |  15592 |  0.123296
 2 |  15584 |  0.103424
 2 |  15576 |  0.089440
 2 |  15568 |  0.149984
 2 |  15560 |  0.101376
 2 |  15552 |  0.107520
 2 |  15544 |  0.105472
 2 |  15536 |  0.105792
 2 |  15528 |  0.119808
 2 |  15520 |  0.095936
 2 |  15512 |  0.150528
 2 |  15504 |  0.110592
 2 |  15496 |  0.099904
 2 |  15488 |  0.130048
 2 |  15480 |  0.146432
 2 |  15472 |  0.137216
 2 |  15464 |  0.122880
 2 |  15456 |  0.105344
 2 |  15448 |  0.110528
 2 |  15440 |  0.095232
 2 |  15432 |  0.073504
 2 |  15424 |  0.115296
 2 |  15416 |  0.069632
 2 |  15408 |  0.147264
 2 |  15400 |  0.120896
 2 |  15392 |  0.125792
 2 |  15384 |  0.063488
 2 |  15376 |  0.103584
 2 |  15368 |  0.132384
 2 |  15360 |  0.110688
 2 |  15352 |  0.128672
 2 |  15344 |  0.096256
 2 |  15336 |  0.057056
 2 |  15328 |  0.130688
 2 |  15320 |  0.118784
 2 |  15312 |  0.104576
 2 |  15304 |  0.134464
 2 |  15296 |  0.082944
 2 |  15288 |  0.096320
 2 |  15280 |  0.098304
 2 |  15272 |  0.069632
 2 |  15264 |  0.129952
 2 |  15256 |  0.100352
 2 |  15248 |  0.090112
 2 |  15240 |  0.143232
 2 |  15232 |  0.125728
 2 |  15224 |  0.093600
 2 |  15216 |  0.136192
 2 |  15208 |  0.103136
 2 |  15200 |  0.173056
 2 |  15192 |  0.110880
 2 |  15184 |  0.138656
 2 |  15176 |  0.103424
 2 |  15168 |  0.118784
 2 |  15160 |  0.095232
 2 |  15152 |  0.095136
 2 |  15144 |  0.146528
 2 |  15136 |  0.132096
 2 |  15128 |  0.078080
 2 |  15120 |  0.107136
 2 |  15112 |  0.107520
 2 |  15104 |  0.104480
 2 |  15096 |  0.105728
 2 |  15088 |  0.063264
 2 |  15080 |  0.066688
 2 |  15072 |  0.095552
 2 |  15064 |  0.102816
 2 |  15056 |  0.128864
 2 |  15048 |  0.104800
 2 |  15040 |  0.154624
 2 |  15032 |  0.092672
 2 |  15024 |  0.108896
 2 |  15016 |  0.063488
 2 |  15008 |  0.117856
 2 |  15000 |  0.173376
 2 |  14992 |  0.102432
 2 |  14984 |  0.139264
 2 |  14976 |  0.078688
 2 |  14968 |  0.126080
 2 |  14960 |  0.107296
 2 |  14952 |  0.129024
 2 |  14944 |  0.103264
 2 |  14936 |  0.079072
 2 |  14928 |  0.140608
 2 |  14920 |  0.103424
 2 |  14912 |  0.092640
 2 |  14904 |  0.122816
 2 |  14896 |  0.094912
 2 |  14888 |  0.082720
 2 |  14880 |  0.088384
 2 |  14872 |  0.148480
 2 |  14864 |  0.127936
 2 |  14856 |  0.128096
 2 |  14848 |  0.109568
 2 |  14840 |  0.070496
 2 |  14832 |  0.110080
 2 |  14824 |  0.067584
 2 |  14816 |  0.109472
 2 |  14808 |  0.114688
 2 |  14800 |  0.081600
 2 |  14792 |  0.115712
 2 |  14784 |  0.132096
 2 |  14776 |  0.070656
 2 |  14768 |  0.102304
 2 |  14760 |  0.080896
 2 |  14752 |  0.106784
 2 |  14744 |  0.095200
 2 |  14736 |  0.114752
 2 |  14728 |  0.086016
 2 |  14720 |  0.135168
 2 |  14712 |  0.107200
 2 |  14704 |  0.108256
 2 |  14696 |  0.093088
 2 |  14688 |  0.112704
 2 |  14680 |  0.140288
 2 |  14672 |  0.100576
 2 |  14664 |  0.111456
 2 |  14656 |  0.085088
 2 |  14648 |  0.091104
 2 |  14640 |  0.118496
 2 |  14632 |  0.098304
 2 |  14624 |  0.065120
 2 |  14616 |  0.069920
 2 |  14608 |  0.071904
 2 |  14600 |  0.063200
 2 |  14592 |  0.096224
 2 |  14584 |  0.079680
 2 |  14576 |  0.120832
 2 |  14568 |  0.086656
 2 |  14560 |  0.121920
 2 |  14552 |  0.109184
 2 |  14544 |  0.142464
 2 |  14536 |  0.087968
 2 |  14528 |  0.109472
 2 |  14520 |  0.108352
 2 |  14512 |  0.106272
 2 |  14504 |  0.115040
 2 |  14496 |  0.087616
 2 |  14488 |  0.104320
 2 |  14480 |  0.064512
 2 |  14472 |  0.097824
 2 |  14464 |  0.114400
 2 |  14456 |  0.165536
 2 |  14448 |  0.092160
 2 |  14440 |  0.104608
 2 |  14432 |  0.130048
 2 |  14424 |  0.098528
 2 |  14416 |  0.121056
 2 |  14408 |  0.107296
 2 |  14400 |  0.105248
 2 |  14392 |  0.095232
 2 |  14384 |  0.127456
 2 |  14376 |  0.129696
 2 |  14368 |  0.088160
 2 |  14360 |  0.142336
 2 |  14352 |  0.077824
 2 |  14344 |  0.124512
 2 |  14336 |  0.101376
 2 |  14328 |  0.063136
 2 |  14320 |  0.167936
 2 |  14312 |  0.113664
 2 |  14304 |  0.107936
 2 |  14296 |  0.099936
 2 |  14288 |  0.104480
 2 |  14280 |  0.098304
 2 |  14272 |  0.113376
 2 |  14264 |  0.105632
 2 |  14256 |  0.140352
 2 |  14248 |  0.078976
 2 |  14240 |  0.130048
 2 |  14232 |  0.112192
 2 |  14224 |  0.078848
 2 |  14216 |  0.137600
 2 |  14208 |  0.103424
 2 |  14200 |  0.099328
 2 |  14192 |  0.082208
 2 |  14184 |  0.101312
 2 |  14176 |  0.114624
 2 |  14168 |  0.129024
 2 |  14160 |  0.077856
 2 |  14152 |  0.095648
 2 |  14144 |  0.100736
 2 |  14136 |  0.112640
 2 |  14128 |  0.083712
 2 |  14120 |  0.149824
 2 |  14112 |  0.085408
 2 |  14104 |  0.119520
 2 |  14096 |  0.111104
 2 |  14088 |  0.105728
 2 |  14080 |  0.080704
 2 |  14072 |  0.136192
 2 |  14064 |  0.121120
 2 |  14056 |  0.119904
 2 |  14048 |  0.093312
 2 |  14040 |  0.103680
 2 |  14032 |  0.110336
 2 |  14024 |  0.211520
 2 |  14016 |  0.145760
 2 |  14008 |  0.064256
 2 |  14000 |  0.073728
 2 |  13992 |  0.120832
 2 |  13984 |  0.120704
 2 |  13976 |  0.086016
 2 |  13968 |  0.137984
 2 |  13960 |  0.141920
 2 |  13952 |  0.084512
 2 |  13944 |  0.103712
 2 |  13936 |  0.110848
 2 |  13928 |  0.104224
 2 |  13920 |  0.056320
 2 |  13912 |  0.087616
 2 |  13904 |  0.120224
 2 |  13896 |  0.122528
 2 |  13888 |  0.105888
 2 |  13880 |  0.154624
 2 |  13872 |  0.218112
 2 |  13864 |  0.092384
 2 |  13856 |  0.111168
 2 |  13848 |  0.094208
 2 |  13840 |  0.143552
 2 |  13832 |  0.072704
 2 |  13824 |  0.104768
 2 |  13816 |  0.108576
 2 |  13808 |  0.096928
 2 |  13800 |  0.064896
 2 |  13792 |  0.123200
 2 |  13784 |  0.107136
 2 |  13776 |  0.151744
 2 |  13768 |  0.081312
 2 |  13760 |  0.100384
 2 |  13752 |  0.084736
 2 |  13744 |  0.143360
 2 |  13736 |  0.146368
 2 |  13728 |  0.097952
 2 |  13720 |  0.093312
 2 |  13712 |  0.125952
 2 |  13704 |  0.065248
 2 |  13696 |  0.108544
 2 |  13688 |  0.066560
 2 |  13680 |  0.116768
 2 |  13672 |  0.120192
 2 |  13664 |  0.108608
 2 |  13656 |  0.099328
 2 |  13648 |  0.110592
 2 |  13640 |  0.095840
 2 |  13632 |  0.140512
 2 |  13624 |  0.105760
 2 |  13616 |  0.099328
 2 |  13608 |  0.089536
 2 |  13600 |  0.118784
 2 |  13592 |  0.105472
 2 |  13584 |  0.082880
 2 |  13576 |  0.142112
 2 |  13568 |  0.063488
 2 |  13560 |  0.104608
 2 |  13552 |  0.108064
 2 |  13544 |  0.138240
 2 |  13536 |  0.188224
 2 |  13528 |  0.102400
 2 |  13520 |  0.116256
 2 |  13512 |  0.082624
 2 |  13504 |  0.076992
 2 |  13496 |  0.241664
 2 |  13488 |  0.156672
 2 |  13480 |  0.078272
 2 |  13472 |  0.103360
 2 |  13464 |  0.206528
 2 |  13456 |  0.080320
 2 |  13448 |  0.069248
 2 |  13440 |  0.109408
 2 |  13432 |  0.099296
 2 |  13424 |  0.148480
 2 |  13416 |  0.115136
 2 |  13408 |  0.062528
 2 |  13400 |  0.081280
 2 |  13392 |  0.124000
 2 |  13384 |  0.098272
 2 |  13376 |  0.103456
 2 |  13368 |  0.085664
 2 |  13360 |  0.088064
 2 |  13352 |  0.111392
 2 |  13344 |  0.089088
 2 |  13336 |  0.123264
 2 |  13328 |  0.092000
 2 |  13320 |  0.085856
 2 |  13312 |  0.181472
 2 |  13304 |  0.144384
 2 |  13296 |  0.071680
 2 |  13288 |  0.101440
 2 |  13280 |  0.094208
 2 |  13272 |  0.122880
 2 |  13264 |  0.109664
 2 |  13256 |  0.166720
 2 |  13248 |  0.110592
 2 |  13240 |  0.081280
 2 |  13232 |  0.089088
 2 |  13224 |  0.101376
 2 |  13216 |  0.108544
 2 |  13208 |  0.113792
 2 |  13200 |  0.161824
 2 |  13192 |  0.117920
 2 |  13184 |  0.110592
 2 |  13176 |  0.077920
 2 |  13168 |  0.088672
 2 |  13160 |  0.152544
 2 |  13152 |  0.116672
 2 |  13144 |  0.093440
 2 |  13136 |  0.175104
 2 |  13128 |  0.078720
 2 |  13120 |  0.071680
 2 |  13112 |  0.069984
 2 |  13104 |  0.067488
 2 |  13096 |  0.094912
 2 |  13088 |  0.105248
 2 |  13080 |  0.120832
 2 |  13072 |  0.115584
 2 |  13064 |  0.142944
 2 |  13056 |  0.073760
 2 |  13048 |  0.081920
 2 |  13040 |  0.085024
 2 |  13032 |  0.113664
 2 |  13024 |  0.071520
 2 |  13016 |  0.159744
 2 |  13008 |  0.107104
 2 |  13000 |  0.121856
 2 |  12992 |  0.112640
 2 |  12984 |  0.112640
 2 |  12976 |  0.241632
 2 |  12968 |  0.076960
 2 |  12960 |  0.099328
 2 |  12952 |  0.109568
 2 |  12944 |  0.076160
 2 |  12936 |  0.119680
 2 |  12928 |  0.079712
 2 |  12920 |  0.103904
 2 |  12912 |  0.097280
 2 |  12904 |  0.119904
 2 |  12896 |  0.082944
 2 |  12888 |  0.108544
 2 |  12880 |  0.122976
 2 |  12872 |  0.104128
 2 |  12864 |  0.149056
 2 |  12856 |  0.092288
 2 |  12848 |  0.081344
 2 |  12840 |  0.203712
 2 |  12832 |  0.135264
 2 |  12824 |  0.096256
 2 |  12816 |  0.122880
 2 |  12808 |  0.103424
 2 |  12800 |  0.095168
 2 |  12792 |  0.102016
 2 |  12784 |  0.071456
 2 |  12776 |  0.096512
 2 |  12768 |  0.065536
 2 |  12760 |  0.129024
 2 |  12752 |  0.155392
 2 |  12744 |  0.097920
 2 |  12736 |  0.086016
 2 |  12728 |  0.114496
 2 |  12720 |  0.110592
 2 |  12712 |  0.117632
 2 |  12704 |  0.104448
 2 |  12696 |  0.101664
 2 |  12688 |  0.118912
 2 |  12680 |  0.072960
 2 |  12672 |  0.109184
 2 |  12664 |  0.113664
 2 |  12656 |  0.143328
 2 |  12648 |  0.063168
 2 |  12640 |  0.129024
 2 |  12632 |  0.102400
 2 |  12624 |  0.118944
 2 |  12616 |  0.145408
 2 |  12608 |  0.129760
 2 |  12600 |  0.135296
 2 |  12592 |  0.123968
 2 |  12584 |  0.064512
 2 |  12576 |  0.110528
 2 |  12568 |  0.104352
 2 |  12560 |  0.097376
 2 |  12552 |  0.180864
 2 |  12544 |  0.158816
 2 |  12536 |  0.156672
 2 |  12528 |  0.114496
 2 |  12520 |  0.126048
 2 |  12512 |  0.084160
 2 |  12504 |  0.078496
 2 |  12496 |  0.104288
 2 |  12488 |  0.162560
 2 |  12480 |  0.084992
 2 |  12472 |  0.132480
 2 |  12464 |  0.095840
 2 |  12456 |  0.111904
 2 |  12448 |  0.088064
 2 |  12440 |  0.100352
 2 |  12432 |  0.085536
 2 |  12424 |  0.064448
 2 |  12416 |  0.167680
 2 |  12408 |  0.143456
 2 |  12400 |  0.118496
 2 |  12392 |  0.130336
 2 |  12384 |  0.068192
 2 |  12376 |  0.115712
 2 |  12368 |  0.075552
 2 |  12360 |  0.123008
 2 |  12352 |  0.135744
 2 |  12344 |  0.093920
 2 |  12336 |  0.158144
 2 |  12328 |  0.096032
 2 |  12320 |  0.099328
 2 |  12312 |  0.096896
 2 |  12304 |  0.058368
 2 |  12296 |  0.088672
 2 |  12288 |  0.083776
 2 |  12280 |  0.121792
 2 |  12272 |  0.244736
 2 |  12264 |  0.120832
 2 |  12256 |  0.440320
 2 |  12248 |  0.104224
 2 |  12240 |  0.148480
 2 |  12232 |  0.090112
 2 |  12224 |  0.085152
 2 |  12216 |  0.126176
 2 |  12208 |  0.079264
 2 |  12200 |  0.112640
 2 |  12192 |  0.124064
 2 |  12184 |  0.114592
 2 |  12176 |  0.136192
 2 |  12168 |  0.104352
 2 |  12160 |  0.098336
 2 |  12152 |  0.095840
 2 |  12144 |  0.077824
 2 |  12136 |  0.119712
 2 |  12128 |  0.081920
 2 |  12120 |  0.151456
 2 |  12112 |  0.097984
 2 |  12104 |  0.152544
 2 |  12096 |  0.100160
 2 |  12088 |  0.100256
 2 |  12080 |  0.117760
 2 |  12072 |  0.100288
 2 |  12064 |  0.137504
 2 |  12056 |  0.151552
 2 |  12048 |  0.058272
 2 |  12040 |  0.109152
 2 |  12032 |  0.117216
 2 |  12024 |  0.117088
 2 |  12016 |  0.090848
 2 |  12008 |  0.097696
 2 |  12000 |  0.096224
 2 |  11992 |  0.114880
 2 |  11984 |  0.063488
 2 |  11976 |  0.142880
 2 |  11968 |  0.074816
 2 |  11960 |  0.109568
 2 |  11952 |  0.106496
 2 |  11944 |  0.064704
 2 |  11936 |  0.143616
 2 |  11928 |  0.144384
 2 |  11920 |  0.089088
 2 |  11912 |  0.081920
 2 |  11904 |  0.164864
 2 |  11896 |  0.104992
 2 |  11888 |  0.110688
 2 |  11880 |  0.126976
 2 |  11872 |  0.067296
 2 |  11864 |  0.113664
 2 |  11856 |  0.094656
 2 |  11848 |  0.080896
 2 |  11840 |  0.117824
 2 |  11832 |  0.107136
 2 |  11824 |  0.107072
 2 |  11816 |  0.100672
 2 |  11808 |  0.091136
 2 |  11800 |  0.114688
 2 |  11792 |  0.069120
 2 |  11784 |  0.126848
 2 |  11776 |  0.154144
 2 |  11768 |  0.096256
 2 |  11760 |  0.123872
 2 |  11752 |  0.097280
 2 |  11744 |  0.152576
 2 |  11736 |  0.063456
 2 |  11728 |  0.101376
 2 |  11720 |  0.122880
 2 |  11712 |  0.158144
 2 |  11704 |  0.143360
 2 |  11696 |  0.094688
 2 |  11688 |  0.134048
 2 |  11680 |  0.103584
 2 |  11672 |  0.074624
 2 |  11664 |  0.172288
 2 |  11656 |  0.106304
 2 |  11648 |  0.098272
 2 |  11640 |  0.134528
 2 |  11632 |  0.116736
 2 |  11624 |  0.074016
 2 |  11616 |  0.105568
 2 |  11608 |  0.129632
 2 |  11600 |  0.097568
 2 |  11592 |  0.110592
 2 |  11584 |  0.116384
 2 |  11576 |  0.118656
 2 |  11568 |  0.178368
 2 |  11560 |  0.091840
 2 |  11552 |  0.102400
 2 |  11544 |  0.123808
 2 |  11536 |  0.123968
 2 |  11528 |  0.095296
 2 |  11520 |  0.077248
 2 |  11512 |  0.132448
 2 |  11504 |  0.167936
 2 |  11496 |  0.094208
 2 |  11488 |  0.099360
 2 |  11480 |  0.097184
 2 |  11472 |  0.158720
 2 |  11464 |  0.119424
 2 |  11456 |  0.095392
 2 |  11448 |  0.104544
 2 |  11440 |  0.149088
 2 |  11432 |  0.060096
 2 |  11424 |  0.100704
 2 |  11416 |  0.120864
 2 |  11408 |  0.084992
 2 |  11400 |  0.111616
 2 |  11392 |  0.111776
 2 |  11384 |  0.097760
 2 |  11376 |  0.114464
 2 |  11368 |  0.089088
 2 |  11360 |  0.113952
 2 |  11352 |  0.096384
 2 |  11344 |  0.123904
 2 |  11336 |  0.134848
 2 |  11328 |  0.146304
 2 |  11320 |  0.127264
 2 |  11312 |  0.116896
 2 |  11304 |  0.066720
 2 |  11296 |  0.124800
 2 |  11288 |  0.141152
 2 |  11280 |  0.109568
 2 |  11272 |  0.097280
 2 |  11264 |  0.093120
 2 |  11256 |  0.127936
 2 |  11248 |  0.105600
 2 |  11240 |  0.118592
 2 |  11232 |  0.131072
 2 |  11224 |  0.113664
 2 |  11216 |  0.106496
 2 |  11208 |  0.095232
 2 |  11200 |  0.114976
 2 |  11192 |  0.085280
 2 |  11184 |  0.158816
 2 |  11176 |  0.131104
 2 |  11168 |  0.100640
 2 |  11160 |  0.078432
 2 |  11152 |  0.104416
 2 |  11144 |  0.121472
 2 |  11136 |  0.115712
 2 |  11128 |  0.093056
 2 |  11120 |  0.106720
 2 |  11112 |  0.128000
 2 |  11104 |  0.156672
 2 |  11096 |  0.080896
 2 |  11088 |  0.108544
 2 |  11080 |  0.142688
 2 |  11072 |  0.095072
 2 |  11064 |  0.108480
 2 |  11056 |  0.102976
 2 |  11048 |  0.097280
 2 |  11040 |  0.072384
 2 |  11032 |  0.146272
 2 |  11024 |  0.116576
 2 |  11016 |  0.123904
 2 |  11008 |  0.154624
 2 |  11000 |  0.116576
 2 |  10992 |  0.077824
 2 |  10984 |  0.153600
 2 |  10976 |  0.129152
 2 |  10968 |  0.166400
 2 |  10960 |  0.112096
 2 |  10952 |  0.077376
 2 |  10944 |  0.103424
 2 |  10936 |  0.121952
 2 |  10928 |  0.172032
 2 |  10920 |  0.116736
 2 |  10912 |  0.118944
 2 |  10904 |  0.126976
 2 |  10896 |  0.089952
 2 |  10888 |  0.102432
 2 |  10880 |  0.158976
 2 |  10872 |  0.060768
 2 |  10864 |  0.131072
 2 |  10856 |  0.105024
 2 |  10848 |  0.115712
 2 |  10840 |  0.071872
 2 |  10832 |  0.109568
 2 |  10824 |  0.205824
 2 |  10816 |  0.153728
 2 |  10808 |  0.109024
 2 |  10800 |  0.146272
 2 |  10792 |  0.140416
 2 |  10784 |  0.108544
 2 |  10776 |  0.104288
 2 |  10768 |  0.073728
 2 |  10760 |  0.088352
 2 |  10752 |  0.106496
 2 |  10744 |  0.126752
 2 |  10736 |  0.118816
 2 |  10728 |  0.078848
 2 |  10720 |  0.103104
 2 |  10712 |  0.161792
 2 |  10704 |  0.112224
 2 |  10696 |  0.135712
 2 |  10688 |  0.113600
 2 |  10680 |  0.059392
 2 |  10672 |  0.123168
 2 |  10664 |  0.106496
 2 |  10656 |  0.089664
 2 |  10648 |  0.085984
 2 |  10640 |  0.118432
 2 |  10632 |  0.117856
 2 |  10624 |  0.087040
 2 |  10616 |  0.111040
 2 |  10608 |  0.137920
 2 |  10600 |  0.129824
 2 |  10592 |  0.060384
 2 |  10584 |  0.085664
 2 |  10576 |  0.074112
 2 |  10568 |  0.194336
 2 |  10560 |  0.065536
 2 |  10552 |  0.104448
 2 |  10544 |  0.088064
 2 |  10536 |  0.126688
 2 |  10528 |  0.184992
 2 |  10520 |  0.107648
 2 |  10512 |  0.146592
 2 |  10504 |  0.089664
 2 |  10496 |  0.109568
 2 |  10488 |  0.114208
 2 |  10480 |  0.126976
 2 |  10472 |  0.123840
 2 |  10464 |  0.129312
 2 |  10456 |  0.108544
 2 |  10448 |  0.133728
 2 |  10440 |  0.151776
 2 |  10432 |  0.140512
 2 |  10424 |  0.144352
 2 |  10416 |  0.124928
 2 |  10408 |  0.121856
 2 |  10400 |  0.102624
 2 |  10392 |  0.131072
 2 |  10384 |  0.128384
 2 |  10376 |  0.115456
 2 |  10368 |  0.111616
 2 |  10360 |  0.115456
 2 |  10352 |  0.104416
 2 |  10344 |  0.151328
 2 |  10336 |  0.096256
 2 |  10328 |  0.116832
 2 |  10320 |  0.165952
 2 |  10312 |  0.132256
 2 |  10304 |  0.101472
 2 |  10296 |  0.117920
 2 |  10288 |  0.087744
 2 |  10280 |  0.080032
 2 |  10272 |  0.075040
 2 |  10264 |  0.120832
 2 |  10256 |  0.137216
 2 |  10248 |  0.121600
 2 |  10240 |  0.100032
 2 |  10232 |  0.063488
 2 |  10224 |  0.118304
 2 |  10216 |  0.171328
 2 |  10208 |  0.126176
 2 |  10200 |  0.105664
 2 |  10192 |  0.128128
 2 |  10184 |  0.197952
 2 |  10176 |  0.099104
 2 |  10168 |  0.111616
 2 |  10160 |  0.086272
 2 |  10152 |  0.088064
 2 |  10144 |  0.115712
 2 |  10136 |  0.083936
 2 |  10128 |  0.071680
 2 |  10120 |  0.122336
 2 |  10112 |  0.132096
 2 |  10104 |  0.125312
 2 |  10096 |  0.100352
 2 |  10088 |  0.097280
 2 |  10080 |  0.115712
 2 |  10072 |  0.106400
 2 |  10064 |  0.082112
 2 |  10056 |  0.086016
 2 |  10048 |  0.061440
 2 |  10040 |  0.082592
 2 |  10032 |  0.150720
 2 |  10024 |  0.091136
 2 |  10016 |  0.101088
 2 |  10008 |  0.100640
 2 |  10000 |  0.060192
 2 |  9992 |  0.109856
 2 |  9984 |  0.110752
 2 |  9976 |  0.098304
 2 |  9968 |  0.107520
 2 |  9960 |  0.098912
 2 |  9952 |  0.077120
 2 |  9944 |  0.126368
 2 |  9936 |  0.113600
 2 |  9928 |  0.117792
 2 |  9920 |  0.067104
 2 |  9912 |  0.070560
 2 |  9904 |  0.127552
 2 |  9896 |  0.089248
 2 |  9888 |  0.107520
 2 |  9880 |  0.073984
 2 |  9872 |  0.166240
 2 |  9864 |  0.138464
 2 |  9856 |  0.095488
 2 |  9848 |  0.109984
 2 |  9840 |  0.084256
 2 |  9832 |  0.140288
 2 |  9824 |  0.117568
 2 |  9816 |  0.130048
 2 |  9808 |  0.092160
 2 |  9800 |  0.108512
 2 |  9792 |  0.151232
 2 |  9784 |  0.137216
 2 |  9776 |  0.092096
 2 |  9768 |  0.103136
 2 |  9760 |  0.111616
 2 |  9752 |  0.112256
 2 |  9744 |  0.101376
 2 |  9736 |  0.084320
 2 |  9728 |  0.117760
 2 |  9720 |  0.107488
 2 |  9712 |  0.092192
 2 |  9704 |  0.068832
 2 |  9696 |  0.091296
 2 |  9688 |  0.126176
 2 |  9680 |  0.077408
 2 |  9672 |  0.060448
 2 |  9664 |  0.108544
 2 |  9656 |  0.096160
 2 |  9648 |  0.104448
 2 |  9640 |  0.087136
 2 |  9632 |  0.111712
 2 |  9624 |  0.070656
 2 |  9616 |  0.112576
 2 |  9608 |  0.102400
 2 |  9600 |  0.084064
 2 |  9592 |  0.116160
 2 |  9584 |  0.092416
 2 |  9576 |  0.094816
 2 |  9568 |  0.085216
 2 |  9560 |  0.118784
 2 |  9552 |  0.118784
 2 |  9544 |  0.115840
 2 |  9536 |  0.088608
 2 |  9528 |  0.132096
 2 |  9520 |  0.098240
 2 |  9512 |  0.116672
 2 |  9504 |  0.136832
 2 |  9496 |  0.109568
 2 |  9488 |  0.102464
 2 |  9480 |  0.122880
 2 |  9472 |  0.125760
 2 |  9464 |  0.114944
 2 |  9456 |  0.134176
 2 |  9448 |  0.128608
 2 |  9440 |  0.087040
 2 |  9432 |  0.138240
 2 |  9424 |  0.108448
 2 |  9416 |  0.104448
 2 |  9408 |  0.132096
 2 |  9400 |  0.149568
 2 |  9392 |  0.100416
 2 |  9384 |  0.190464
 2 |  9376 |  0.155648
 2 |  9368 |  0.092416
 2 |  9360 |  0.109728
 2 |  9352 |  0.087328
 2 |  9344 |  0.110592
 2 |  9336 |  0.131488
 2 |  9328 |  0.185440
 2 |  9320 |  0.096256
 2 |  9312 |  0.121856
 2 |  9304 |  0.127808
 2 |  9296 |  0.126976
 2 |  9288 |  0.052224
 2 |  9280 |  0.116736
 2 |  9272 |  0.067008
 2 |  9264 |  0.059392
 2 |  9256 |  0.164864
 2 |  9248 |  0.134272
 2 |  9240 |  0.066560
 2 |  9232 |  0.127008
 2 |  9224 |  0.098304
 2 |  9216 |  0.107584
 2 |  9208 |  0.121248
 2 |  9200 |  0.160800
 2 |  9192 |  0.090656
 2 |  9184 |  0.108512
 2 |  9176 |  0.078752
 2 |  9168 |  0.146656
 2 |  9160 |  0.113248
 2 |  9152 |  0.092928
 2 |  9144 |  0.094016
 2 |  9136 |  0.096128
 2 |  9128 |  0.107328
 2 |  9120 |  0.081920
 2 |  9112 |  0.102432
 2 |  9104 |  0.096672
 2 |  9096 |  0.114752
 2 |  9088 |  0.118880
 2 |  9080 |  0.128000
 2 |  9072 |  0.068576
 2 |  9064 |  0.084288
 2 |  9056 |  0.084736
 2 |  9048 |  0.074912
 2 |  9040 |  0.170048
 2 |  9032 |  0.090112
 2 |  9024 |  0.107328
 2 |  9016 |  0.087936
 2 |  9008 |  0.114784
 2 |  9000 |  0.151456
 2 |  8992 |  0.117344
 2 |  8984 |  0.121216
 2 |  8976 |  0.098304
 2 |  8968 |  0.090432
 2 |  8960 |  0.105088
 2 |  8952 |  0.152512
 2 |  8944 |  0.099360
 2 |  8936 |  0.102560
 2 |  8928 |  0.124928
 2 |  8920 |  0.096256
 2 |  8912 |  0.119776
 2 |  8904 |  0.088960
 2 |  8896 |  0.104160
 2 |  8888 |  0.069664
 2 |  8880 |  0.078048
 2 |  8872 |  0.127008
 2 |  8864 |  0.107520
 2 |  8856 |  0.095808
 2 |  8848 |  0.153440
 2 |  8840 |  0.095232
 2 |  8832 |  0.146432
 2 |  8824 |  0.054400
 2 |  8816 |  0.140640
 2 |  8808 |  0.100256
 2 |  8800 |  0.116544
 2 |  8792 |  0.123904
 2 |  8784 |  0.101760
 2 |  8776 |  0.144384
 2 |  8768 |  0.134144
 2 |  8760 |  0.185280
 2 |  8752 |  0.107520
 2 |  8744 |  0.103072
 2 |  8736 |  0.080896
 2 |  8728 |  0.092288
 2 |  8720 |  0.125952
 2 |  8712 |  0.106496
 2 |  8704 |  0.144384
 2 |  8696 |  0.056288
 2 |  8688 |  0.130304
 2 |  8680 |  0.099360
 2 |  8672 |  0.106496
 2 |  8664 |  0.069440
 2 |  8656 |  0.104448
 2 |  8648 |  0.140288
 2 |  8640 |  0.124448
 2 |  8632 |  0.153888
 2 |  8624 |  0.141312
 2 |  8616 |  0.110592
 2 |  8608 |  0.101536
 2 |  8600 |  0.137216
 2 |  8592 |  0.139040
 2 |  8584 |  0.092160
 2 |  8576 |  0.060416
 2 |  8568 |  0.064512
 2 |  8560 |  0.145376
 2 |  8552 |  0.107520
 2 |  8544 |  0.080896
 2 |  8536 |  0.112640
 2 |  8528 |  0.126976
 2 |  8520 |  0.091744
 2 |  8512 |  0.065984
 2 |  8504 |  0.119808
 2 |  8496 |  0.130272
 2 |  8488 |  0.105632
 2 |  8480 |  0.119776
 2 |  8472 |  0.130048
 2 |  8464 |  0.142304
 2 |  8456 |  0.056480
 2 |  8448 |  0.097632
 2 |  8440 |  0.082400
 2 |  8432 |  0.079968
 2 |  8424 |  0.125728
 2 |  8416 |  0.117760
 2 |  8408 |  0.201376
 2 |  8400 |  0.062272
 2 |  8392 |  0.087808
 2 |  8384 |  0.107520
 2 |  8376 |  0.106976
 2 |  8368 |  0.110592
 2 |  8360 |  0.133120
 2 |  8352 |  0.079872
 2 |  8344 |  0.117984
 2 |  8336 |  0.120512
 2 |  8328 |  0.097280
 2 |  8320 |  0.075520
 2 |  8312 |  0.084352
 2 |  8304 |  0.135296
 2 |  8296 |  0.064288
 2 |  8288 |  0.062464
 2 |  8280 |  0.084992
 2 |  8272 |  0.135168
 2 |  8264 |  0.108544
 2 |  8256 |  0.124576
 2 |  8248 |  0.128960
 2 |  8240 |  0.107360
 2 |  8232 |  0.098944
 2 |  8224 |  0.094208
 2 |  8216 |  0.107648
 2 |  8208 |  0.100896
 2 |  8200 |  0.100352
 2 |  8192 |  0.114688
 2 |  8184 |  0.093920
 2 |  8176 |  0.044800
 2 |  8168 |  0.057792
 2 |  8160 |  0.121120
 2 |  8152 |  0.098304
 2 |  8144 |  0.069632
 2 |  8136 |  0.098272
 2 |  8128 |  0.117760
 2 |  8120 |  0.137216
 2 |  8112 |  0.147840
 2 |  8104 |  0.101376
 2 |  8096 |  0.129024
 2 |  8088 |  0.123904
 2 |  8080 |  0.091136
 2 |  8072 |  0.120896
 2 |  8064 |  0.112672
 2 |  8056 |  0.156384
 2 |  8048 |  0.115776
 2 |  8040 |  0.090176
 2 |  8032 |  0.126976
 2 |  8024 |  0.126624
 2 |  8016 |  0.105472
 2 |  8008 |  0.152576
 2 |  8000 |  0.153600
 2 |  7992 |  0.060416
 2 |  7984 |  0.107456
 2 |  7976 |  0.116736
 2 |  7968 |  0.071680
 2 |  7960 |  0.133184
 2 |  7952 |  0.131072
 2 |  7944 |  0.160768
 2 |  7936 |  0.148384
 2 |  7928 |  0.116000
 2 |  7920 |  0.089056
 2 |  7912 |  0.126496
 2 |  7904 |  0.088032
 2 |  7896 |  0.079488
 2 |  7888 |  0.130272
 2 |  7880 |  0.129056
 2 |  7872 |  0.086720
 2 |  7864 |  0.104480
 2 |  7856 |  0.140576
 2 |  7848 |  0.095648
 2 |  7840 |  0.161120
 2 |  7832 |  0.102400
 2 |  7824 |  0.084192
 2 |  7816 |  0.078848
 2 |  7808 |  0.085792
 2 |  7800 |  0.155392
 2 |  7792 |  0.090304
 2 |  7784 |  0.068736
 2 |  7776 |  0.086016
 2 |  7768 |  0.090112
 2 |  7760 |  0.204832
 2 |  7752 |  0.101664
 2 |  7744 |  0.123904
 2 |  7736 |  0.116416
 2 |  7728 |  0.069632
 2 |  7720 |  0.110592
 2 |  7712 |  0.110592
 2 |  7704 |  0.099136
 2 |  7696 |  0.120800
 2 |  7688 |  0.087072
 2 |  7680 |  0.112480
 2 |  7672 |  0.191488
 2 |  7664 |  0.108544
 2 |  7656 |  0.132704
 2 |  7648 |  0.089376
 2 |  7640 |  0.113792
 2 |  7632 |  0.130272
 2 |  7624 |  0.148480
 2 |  7616 |  0.120384
 2 |  7608 |  0.077824
 2 |  7600 |  0.074752
 2 |  7592 |  0.081536
 2 |  7584 |  0.131072
 2 |  7576 |  0.081920
 2 |  7568 |  0.098720
 2 |  7560 |  0.057280
 2 |  7552 |  0.110368
 2 |  7544 |  0.104448
 2 |  7536 |  0.090752
 2 |  7528 |  0.114688
 2 |  7520 |  0.149312
 2 |  7512 |  0.109568
 2 |  7504 |  0.101600
 2 |  7496 |  0.092000
 2 |  7488 |  0.086016
 2 |  7480 |  0.140032
 2 |  7472 |  0.112384
 2 |  7464 |  0.095040
 2 |  7456 |  0.117088
 2 |  7448 |  0.120832
 2 |  7440 |  0.112064
 2 |  7432 |  0.091136
 2 |  7424 |  0.083616
 2 |  7416 |  0.069632
 2 |  7408 |  0.099488
 2 |  7400 |  0.120960
 2 |  7392 |  0.105440
 2 |  7384 |  0.063488
 2 |  7376 |  0.102272
 2 |  7368 |  0.099328
 2 |  7360 |  0.126240
 2 |  7352 |  0.085440
 2 |  7344 |  0.095232
 2 |  7336 |  0.098336
 2 |  7328 |  0.100576
 2 |  7320 |  0.087616
 2 |  7312 |  0.145536
 2 |  7304 |  0.112416
 2 |  7296 |  0.194944
 2 |  7288 |  0.100608
 2 |  7280 |  0.151648
 2 |  7272 |  0.102400
 2 |  7264 |  0.100544
 2 |  7256 |  0.107616
 2 |  7248 |  0.154880
 2 |  7240 |  0.095232
 2 |  7232 |  0.077472
 2 |  7224 |  0.124928
 2 |  7216 |  0.060416
 2 |  7208 |  0.111360
 2 |  7200 |  0.122048
 2 |  7192 |  0.127808
 2 |  7184 |  0.062816
 2 |  7176 |  0.136192
 2 |  7168 |  0.061824
 2 |  7160 |  0.060416
 2 |  7152 |  0.132896
 2 |  7144 |  0.138880
 2 |  7136 |  0.076704
 2 |  7128 |  0.092160
 2 |  7120 |  0.103424
 2 |  7112 |  0.081120
 2 |  7104 |  0.079872
 2 |  7096 |  0.106496
 2 |  7088 |  0.114496
 2 |  7080 |  0.117856
 2 |  7072 |  0.098720
 2 |  7064 |  0.107776
 2 |  7056 |  0.100064
 2 |  7048 |  0.089856
 2 |  7040 |  0.097280
 2 |  7032 |  0.083616
 2 |  7024 |  0.153600
 2 |  7016 |  0.144288
 2 |  7008 |  0.095840
 2 |  7000 |  0.101408
 2 |  6992 |  0.091936
 2 |  6984 |  0.123136
 2 |  6976 |  0.091136
 2 |  6968 |  0.122752
 2 |  6960 |  0.053344
 2 |  6952 |  0.139552
 2 |  6944 |  0.091136
 2 |  6936 |  0.182272
 2 |  6928 |  0.122080
 2 |  6920 |  0.148160
 2 |  6912 |  0.109920
 2 |  6904 |  0.089120
 2 |  6896 |  0.090784
 2 |  6888 |  0.066208
 2 |  6880 |  0.136320
 2 |  6872 |  0.145408
 2 |  6864 |  0.156672
 2 |  6856 |  0.095232
 2 |  6848 |  0.089152
 2 |  6840 |  0.069376
 2 |  6832 |  0.096416
 2 |  6824 |  0.140704
 2 |  6816 |  0.096960
 2 |  6808 |  0.123968
 2 |  6800 |  0.080896
 2 |  6792 |  0.187392
 2 |  6784 |  0.153600
 2 |  6776 |  0.106560
 2 |  6768 |  0.078240
 2 |  6760 |  0.088544
 2 |  6752 |  0.097920
 2 |  6744 |  0.086720
 2 |  6736 |  0.111680
 2 |  6728 |  0.123648
 2 |  6720 |  0.107488
 2 |  6712 |  0.078048
 2 |  6704 |  0.093600
 2 |  6696 |  0.128672
 2 |  6688 |  0.133248
 2 |  6680 |  0.077632
 2 |  6672 |  0.153600
 2 |  6664 |  0.090400
 2 |  6656 |  0.089600
 2 |  6648 |  0.085536
 2 |  6640 |  0.084992
 2 |  6632 |  0.170656
 2 |  6624 |  0.098176
 2 |  6616 |  0.146112
 2 |  6608 |  0.118784
 2 |  6600 |  0.125024
 2 |  6592 |  0.095872
 2 |  6584 |  0.134432
 2 |  6576 |  0.141312
 2 |  6568 |  0.109536
 2 |  6560 |  0.087904
 2 |  6552 |  0.100352
 2 |  6544 |  0.099264
 2 |  6536 |  0.131744
 2 |  6528 |  0.114816
 2 |  6520 |  0.133792
 2 |  6512 |  0.120256
 2 |  6504 |  0.068032
 2 |  6496 |  0.048640
 2 |  6488 |  0.085920
 2 |  6480 |  0.139296
 2 |  6472 |  0.187520
 2 |  6464 |  0.111872
 2 |  6456 |  0.069664
 2 |  6448 |  0.132192
 2 |  6440 |  0.096256
 2 |  6432 |  0.100352
 2 |  6424 |  0.115776
 2 |  6416 |  0.101984
 2 |  6408 |  0.121856
 2 |  6400 |  0.113920
 2 |  6392 |  0.144544
 2 |  6384 |  0.149504
 2 |  6376 |  0.060160
 2 |  6368 |  0.120640
 2 |  6360 |  0.166848
 2 |  6352 |  0.104352
 2 |  6344 |  0.096160
 2 |  6336 |  0.057344
 2 |  6328 |  0.121120
 2 |  6320 |  0.088384
 2 |  6312 |  0.076768
 2 |  6304 |  0.112640
 2 |  6296 |  0.086816
 2 |  6288 |  0.106944
 2 |  6280 |  0.128672
 2 |  6272 |  0.116096
 2 |  6264 |  0.089152
 2 |  6256 |  0.116096
 2 |  6248 |  0.067584
 2 |  6240 |  0.109472
 2 |  6232 |  0.103424
 2 |  6224 |  0.073728
 2 |  6216 |  0.094208
 2 |  6208 |  0.111072
 2 |  6200 |  0.106592
 2 |  6192 |  0.084352
 2 |  6184 |  0.119808
 2 |  6176 |  0.102400
 2 |  6168 |  0.156672
 2 |  6160 |  0.091488
 2 |  6152 |  0.095808
 2 |  6144 |  0.119808
 2 |  6136 |  0.082080
 2 |  6128 |  0.133184
 2 |  6120 |  0.079808
 2 |  6112 |  0.154944
 2 |  6104 |  0.102400
 2 |  6096 |  0.088736
 2 |  6088 |  0.128256
 2 |  6080 |  0.119808
 2 |  6072 |  0.130784
 2 |  6064 |  0.108544
 2 |  6056 |  0.101856
 2 |  6048 |  0.070528
 2 |  6040 |  0.086784
 2 |  6032 |  0.099552
 2 |  6024 |  0.110080
 2 |  6016 |  0.099488
 2 |  6008 |  0.131104
 2 |  6000 |  0.059296
 2 |  5992 |  0.136192
 2 |  5984 |  0.080896
 2 |  5976 |  0.112832
 2 |  5968 |  0.087072
 2 |  5960 |  0.069632
 2 |  5952 |  0.106048
 2 |  5944 |  0.093184
 2 |  5936 |  0.106400
 2 |  5928 |  0.118784
 2 |  5920 |  0.094208
 2 |  5912 |  0.063552
 2 |  5904 |  0.112032
 2 |  5896 |  0.087328
 2 |  5888 |  0.081120
 2 |  5880 |  0.129024
 2 |  5872 |  0.071712
 2 |  5864 |  0.080416
 2 |  5856 |  0.066560
 2 |  5848 |  0.130528
 2 |  5840 |  0.074176
 2 |  5832 |  0.119808
 2 |  5824 |  0.108352
 2 |  5816 |  0.110336
 2 |  5808 |  0.113472
 2 |  5800 |  0.111392
 2 |  5792 |  0.117760
 2 |  5784 |  0.055296
 2 |  5776 |  0.120832
 2 |  5768 |  0.073696
 2 |  5760 |  0.130048
 2 |  5752 |  0.095040
 2 |  5744 |  0.112640
 2 |  5736 |  0.077792
 2 |  5728 |  0.102400
 2 |  5720 |  0.116896
 2 |  5712 |  0.175104
 2 |  5704 |  0.098304
 2 |  5696 |  0.118688
 2 |  5688 |  0.101664
 2 |  5680 |  0.098432
 2 |  5672 |  0.160800
 2 |  5664 |  0.100448
 2 |  5656 |  0.110656
 2 |  5648 |  0.088800
 2 |  5640 |  0.108544
 2 |  5632 |  0.106688
 2 |  5624 |  0.149856
 2 |  5616 |  0.138848
 2 |  5608 |  0.129376
 2 |  5600 |  0.126976
 2 |  5592 |  0.123872
 2 |  5584 |  0.125120
 2 |  5576 |  0.218400
 2 |  5568 |  0.195008
 2 |  5560 |  0.103424
 2 |  5552 |  0.098848
 2 |  5544 |  0.126688
 2 |  5536 |  0.099328
 2 |  5528 |  0.123104
 2 |  5520 |  0.079776
 2 |  5512 |  0.096928
 2 |  5504 |  0.101376
 2 |  5496 |  0.064928
 2 |  5488 |  0.093472
 2 |  5480 |  0.128096
 2 |  5472 |  0.071104
 2 |  5464 |  0.075104
 2 |  5456 |  0.110592
 2 |  5448 |  0.107008
 2 |  5440 |  0.107520
 2 |  5432 |  0.131424
 2 |  5424 |  0.123840
 2 |  5416 |  0.096256
 2 |  5408 |  0.069632
 2 |  5400 |  0.142336
 2 |  5392 |  0.149280
 2 |  5384 |  0.100672
 2 |  5376 |  0.142176
 2 |  5368 |  0.073344
 2 |  5360 |  0.169984
 2 |  5352 |  0.119040
 2 |  5344 |  0.056320
 2 |  5336 |  0.185344
 2 |  5328 |  0.072704
 2 |  5320 |  0.115712
 2 |  5312 |  0.114272
 2 |  5304 |  0.061440
 2 |  5296 |  0.105696
 2 |  5288 |  0.131072
 2 |  5280 |  0.143360
 2 |  5272 |  0.067584
 2 |  5264 |  0.120960
 2 |  5256 |  0.144192
 2 |  5248 |  0.155360
 2 |  5240 |  0.087840
 2 |  5232 |  0.107232
 2 |  5224 |  0.056736
 2 |  5216 |  0.125856
 2 |  5208 |  0.114112
 2 |  5200 |  0.094144
 2 |  5192 |  0.104864
 2 |  5184 |  0.122400
 2 |  5176 |  0.078848
 2 |  5168 |  0.089024
 2 |  5160 |  0.076864
 2 |  5152 |  0.091072
 2 |  5144 |  0.102400
 2 |  5136 |  0.083200
 2 |  5128 |  0.142400
 2 |  5120 |  0.113280
 2 |  5112 |  0.114688
 2 |  5104 |  0.100384
 2 |  5096 |  0.092160
 2 |  5088 |  0.084992
 2 |  5080 |  0.107520
 2 |  5072 |  0.124928
 2 |  5064 |  0.097248
 2 |  5056 |  0.082304
 2 |  5048 |  0.114688
 2 |  5040 |  0.191552
 2 |  5032 |  0.102016
 2 |  5024 |  0.102496
 2 |  5016 |  0.103424
 2 |  5008 |  0.127648
 2 |  5000 |  0.125408
 2 |  4992 |  0.141568
 2 |  4984 |  0.096384
 2 |  4976 |  0.102400
 2 |  4968 |  0.155648
 2 |  4960 |  0.091584
 2 |  4952 |  0.164864
 2 |  4944 |  0.132640
 2 |  4936 |  0.136128
 2 |  4928 |  0.142176
 2 |  4920 |  0.107360
 2 |  4912 |  0.088384
 2 |  4904 |  0.091808
 2 |  4896 |  0.122176
 2 |  4888 |  0.089088
 2 |  4880 |  0.068480
 2 |  4872 |  0.104256
 2 |  4864 |  0.111776
 2 |  4856 |  0.149600
 2 |  4848 |  0.102944
 2 |  4840 |  0.147328
 2 |  4832 |  0.109568
 2 |  4824 |  0.109344
 2 |  4816 |  0.115712
 2 |  4808 |  0.119200
 2 |  4800 |  0.112352
 2 |  4792 |  0.116096
 2 |  4784 |  0.112640
 2 |  4776 |  0.099328
 2 |  4768 |  0.139040
 2 |  4760 |  0.104448
 2 |  4752 |  0.126144
 2 |  4744 |  0.152480
 2 |  4736 |  0.069664
 2 |  4728 |  0.093184
 2 |  4720 |  0.133184
 2 |  4712 |  0.088000
 2 |  4704 |  0.126976
 2 |  4696 |  0.109856
 2 |  4688 |  0.178400
 2 |  4680 |  0.078848
 2 |  4672 |  0.101408
 2 |  4664 |  0.181248
 2 |  4656 |  0.121888
 2 |  4648 |  0.104096
 2 |  4640 |  0.084768
 2 |  4632 |  0.129760
 2 |  4624 |  0.124928
 2 |  4616 |  0.046112
 2 |  4608 |  0.116032
 2 |  4600 |  0.094560
 2 |  4592 |  0.084128
 2 |  4584 |  0.124512
 2 |  4576 |  0.145408
 2 |  4568 |  0.095296
 2 |  4560 |  0.115072
 2 |  4552 |  0.105376
 2 |  4544 |  0.142112
 2 |  4536 |  0.082560
 2 |  4528 |  0.085536
 2 |  4520 |  0.090176
 2 |  4512 |  0.151552
 2 |  4504 |  0.104544
 2 |  4496 |  0.086016
 2 |  4488 |  0.118624
 2 |  4480 |  0.081664
 2 |  4472 |  0.128000
 2 |  4464 |  0.141408
 2 |  4456 |  0.147456
 2 |  4448 |  0.128800
 2 |  4440 |  0.147680
 2 |  4432 |  0.114304
 2 |  4424 |  0.144672
 2 |  4416 |  0.162816
 2 |  4408 |  0.079872
 2 |  4400 |  0.106016
 2 |  4392 |  0.086464
 2 |  4384 |  0.094144
 2 |  4376 |  0.139264
 2 |  4368 |  0.112640
 2 |  4360 |  0.098880
 2 |  4352 |  0.124000
 2 |  4344 |  0.097696
 2 |  4336 |  0.088032
 2 |  4328 |  0.148192
 2 |  4320 |  0.083968
 2 |  4312 |  0.136032
 2 |  4304 |  0.062464
 2 |  4296 |  0.124640
 2 |  4288 |  0.094048
 2 |  4280 |  0.100928
 2 |  4272 |  0.129024
 2 |  4264 |  0.117760
 2 |  4256 |  0.120416
 2 |  4248 |  0.148480
 2 |  4240 |  0.118304
 2 |  4232 |  0.107488
 2 |  4224 |  0.143360
 2 |  4216 |  0.105472
 2 |  4208 |  0.114688
 2 |  4200 |  0.082592
 2 |  4192 |  0.079648
 2 |  4184 |  0.056480
 2 |  4176 |  0.087680
 2 |  4168 |  0.111232
 2 |  4160 |  0.148384
 2 |  4152 |  0.060288
 2 |  4144 |  0.099488
 2 |  4136 |  0.206784
 2 |  4128 |  0.092416
 2 |  4120 |  0.075072
 2 |  4112 |  0.082944
 2 |  4104 |  0.088064
 2 |  4096 |  0.101536
 2 |  4088 |  0.158016
 2 |  4080 |  0.158016
 2 |  4072 |  0.158016
 2 |  4064 |  0.158016
 2 |  4056 |  0.158016
 2 |  4048 |  0.158016
 2 |  4040 |  0.158016
 2 |  4032 |  0.158016
 2 |  4024 |  0.158016
 2 |  4016 |  0.158016
 2 |  4008 |  0.158016
 2 |  4000 |  0.158016
 2 |  3992 |  0.158016
 2 |  3984 |  0.158016
 2 |  3976 |  0.158016
 2 |  3968 |  0.158016
 2 |  3960 |  0.158016
 2 |  3952 |  0.158016
 2 |  3944 |  0.158016
 2 |  3936 |  0.158016
 2 |  3928 |  0.158016
 2 |  3920 |  0.158016
 2 |  3912 |  0.158016
 2 |  3904 |  0.158016
 2 |  3896 |  0.158016
 2 |  3888 |  0.158016
 2 |  3880 |  0.158016
 2 |  3872 |  0.158016
 2 |  3864 |  0.158016
 2 |  3856 |  0.158016
 2 |  3848 |  0.158016
 2 |  3840 |  0.158016
 2 |  3832 |  0.158016
 2 |  3824 |  0.158016
 2 |  3816 |  0.158016
 2 |  3808 |  0.158016
 2 |  3800 |  0.158016
 2 |  3792 |  0.158016
 2 |  3784 |  0.158016
 2 |  3776 |  0.158016
 2 |  3768 |  0.158016
 2 |  3760 |  0.158016
 2 |  3752 |  0.158016
 2 |  3744 |  0.158016
 2 |  3736 |  0.158016
 2 |  3728 |  0.158016
 2 |  3720 |  0.158016
 2 |  3712 |  0.158016
 2 |  3704 |  0.158016
 2 |  3696 |  0.158016
 2 |  3688 |  0.158016
 2 |  3680 |  0.158016
 2 |  3672 |  0.158016
 2 |  3664 |  0.158016
 2 |  3656 |  0.158016
 2 |  3648 |  0.158016
 2 |  3640 |  0.158016
 2 |  3632 |  0.158016
 2 |  3624 |  0.158016
 2 |  3616 |  0.158016
 2 |  3608 |  0.158016
 2 |  3600 |  0.158016
 2 |  3592 |  0.158016
 2 |  3584 |  0.158016
 2 |  3576 |  0.158016
 2 |  3568 |  0.158016
 2 |  3560 |  0.158016
 2 |  3552 |  0.158016
 2 |  3544 |  0.158016
 2 |  3536 |  0.158016
 2 |  3528 |  0.158016
 2 |  3520 |  0.158016
 2 |  3512 |  0.158016
 2 |  3504 |  0.158016
 2 |  3496 |  0.158016
 2 |  3488 |  0.158016
 2 |  3480 |  0.158016
 2 |  3472 |  0.158016
 2 |  3464 |  0.158016
 2 |  3456 |  0.158016
 2 |  3448 |  0.158016
 2 |  3440 |  0.158016
 2 |  3432 |  0.158016
 2 |  3424 |  0.158016
 2 |  3416 |  0.158016
 2 |  3408 |  0.158016
 2 |  3400 |  0.158016
 2 |  3392 |  0.158016
 2 |  3384 |  0.158016
 2 |  3376 |  0.158016
 2 |  3368 |  0.158016
 2 |  3360 |  0.158016
 2 |  3352 |  0.158016
 2 |  3344 |  0.158016
 2 |  3336 |  0.158016
 2 |  3328 |  0.158016
 2 |  3320 |  0.158016
 2 |  3312 |  0.158016
 2 |  3304 |  0.158016
 2 |  3296 |  0.158016
 2 |  3288 |  0.158016
 2 |  3280 |  0.158016
 2 |  3272 |  0.158016
 2 |  3264 |  0.158016
 2 |  3256 |  0.158016
 2 |  3248 |  0.158016
 2 |  3240 |  0.158016
 2 |  3232 |  0.158016
 2 |  3224 |  0.158016
 2 |  3216 |  0.158016
 2 |  3208 |  0.158016
 2 |  3200 |  0.158016
 2 |  3192 |  0.158016
 2 |  3184 |  0.158016
 2 |  3176 |  0.158016
 2 |  3168 |  0.158016
 2 |  3160 |  0.158016
 2 |  3152 |  0.158016
 2 |  3144 |  0.158016
 2 |  3136 |  0.158016
 2 |  3128 |  0.158016
 2 |  3120 |  0.158016
 2 |  3112 |  0.158016
 2 |  3104 |  0.158016
 2 |  3096 |  0.158016
 2 |  3088 |  0.158016
 2 |  3080 |  0.158016
 2 |  3072 |  0.158016
 2 |  3064 |  0.158016
 2 |  3056 |  0.158016
 2 |  3048 |  0.158016
 2 |  3040 |  0.158016
 2 |  3032 |  0.158016
 2 |  3024 |  0.158016
 2 |  3016 |  0.158016
 2 |  3008 |  0.158016
 2 |  3000 |  0.158016
 2 |  2992 |  0.158016
 2 |  2984 |  0.158016
 2 |  2976 |  0.158016
 2 |  2968 |  0.158016
 2 |  2960 |  0.158016
 2 |  2952 |  0.158016
 2 |  2944 |  0.158016
 2 |  2936 |  0.158016
 2 |  2928 |  0.158016
 2 |  2920 |  0.158016
 2 |  2912 |  0.158016
 2 |  2904 |  0.158016
 2 |  2896 |  0.158016
 2 |  2888 |  0.158016
 2 |  2880 |  0.158016
 2 |  2872 |  0.158016
 2 |  2864 |  0.158016
 2 |  2856 |  0.158016
 2 |  2848 |  0.158016
 2 |  2840 |  0.158016
 2 |  2832 |  0.158016
 2 |  2824 |  0.158016
 2 |  2816 |  0.158016
 2 |  2808 |  0.158016
 2 |  2800 |  0.158016
 2 |  2792 |  0.158016
 2 |  2784 |  0.158016
 2 |  2776 |  0.158016
 2 |  2768 |  0.158016
 2 |  2760 |  0.158016
 2 |  2752 |  0.158016
 2 |  2744 |  0.158016
 2 |  2736 |  0.158016
 2 |  2728 |  0.158016
 2 |  2720 |  0.158016
 2 |  2712 |  0.158016
 2 |  2704 |  0.158016
 2 |  2696 |  0.158016
 2 |  2688 |  0.158016
 2 |  2680 |  0.158016
 2 |  2672 |  0.158016
 2 |  2664 |  0.158016
 2 |  2656 |  0.158016
 2 |  2648 |  0.158016
 2 |  2640 |  0.158016
 2 |  2632 |  0.158016
 2 |  2624 |  0.158016
 2 |  2616 |  0.158016
 2 |  2608 |  0.158016
 2 |  2600 |  0.158016
 2 |  2592 |  0.158016
 2 |  2584 |  0.158016
 2 |  2576 |  0.158016
 2 |  2568 |  0.158016
 2 |  2560 |  0.158016
 2 |  2552 |  0.158016
 2 |  2544 |  0.158016
 2 |  2536 |  0.158016
 2 |  2528 |  0.158016
 2 |  2520 |  0.158016
 2 |  2512 |  0.158016
 2 |  2504 |  0.158016
 2 |  2496 |  0.158016
 2 |  2488 |  0.158016
 2 |  2480 |  0.158016
 2 |  2472 |  0.158016
 2 |  2464 |  0.158016
 2 |  2456 |  0.158016
 2 |  2448 |  0.158016
 2 |  2440 |  0.158016
 2 |  2432 |  0.158016
 2 |  2424 |  0.158016
 2 |  2416 |  0.158016
 2 |  2408 |  0.158016
 2 |  2400 |  0.158016
 2 |  2392 |  0.158016
 2 |  2384 |  0.158016
 2 |  2376 |  0.158016
 2 |  2368 |  0.158016
 2 |  2360 |  0.158016
 2 |  2352 |  0.158016
 2 |  2344 |  0.158016
 2 |  2336 |  0.158016
 2 |  2328 |  0.158016
 2 |  2320 |  0.158016
 2 |  2312 |  0.158016
 2 |  2304 |  0.158016
 2 |  2296 |  0.158016
 2 |  2288 |  0.158016
 2 |  2280 |  0.158016
 2 |  2272 |  0.158016
 2 |  2264 |  0.158016
 2 |  2256 |  0.158016
 2 |  2248 |  0.158016
 2 |  2240 |  0.158016
 2 |  2232 |  0.158016
 2 |  2224 |  0.158016
 2 |  2216 |  0.158016
 2 |  2208 |  0.158016
 2 |  2200 |  0.158016
 2 |  2192 |  0.158016
 2 |  2184 |  0.158016
 2 |  2176 |  0.158016
 2 |  2168 |  0.158016
 2 |  2160 |  0.158016
 2 |  2152 |  0.158016
 2 |  2144 |  0.158016
 2 |  2136 |  0.158016
 2 |  2128 |  0.158016
 2 |  2120 |  0.158016
 2 |  2112 |  0.158016
 2 |  2104 |  0.158016
 2 |  2096 |  0.158016
 2 |  2088 |  0.158016
 2 |  2080 |  0.158016
 2 |  2072 |  0.158016
 2 |  2064 |  0.158016
 2 |  2056 |  0.158016
 2 |  2048 |  0.158016
 2 |  2040 |  0.158016
 2 |  2032 |  0.158016
 2 |  2024 |  0.158016
 2 |  2016 |  0.158016
 2 |  2008 |  0.158016
 2 |  2000 |  0.158016
 2 |  1992 |  0.158016
 2 |  1984 |  0.158016
 2 |  1976 |  0.158016
 2 |  1968 |  0.158016
 2 |  1960 |  0.158016
 2 |  1952 |  0.158016
 2 |  1944 |  0.158016
 2 |  1936 |  0.158016
 2 |  1928 |  0.158016
 2 |  1920 |  0.158016
 2 |  1912 |  0.158016
 2 |  1904 |  0.158016
 2 |  1896 |  0.158016
 2 |  1888 |  0.158016
 2 |  1880 |  0.158016
 2 |  1872 |  0.158016
 2 |  1864 |  0.158016
 2 |  1856 |  0.158016
 2 |  1848 |  0.158016
 2 |  1840 |  0.158016
 2 |  1832 |  0.158016
 2 |  1824 |  0.158016
 2 |  1816 |  0.158016
 2 |  1808 |  0.158016
 2 |  1800 |  0.158016
 2 |  1792 |  0.158016
 2 |  1784 |  0.158016
 2 |  1776 |  0.158016
 2 |  1768 |  0.158016
 2 |  1760 |  0.158016
 2 |  1752 |  0.158016
 2 |  1744 |  0.158016
 2 |  1736 |  0.158016
 2 |  1728 |  0.158016
 2 |  1720 |  0.158016
 2 |  1712 |  0.158016
 2 |  1704 |  0.158016
 2 |  1696 |  0.158016
 2 |  1688 |  0.158016
 2 |  1680 |  0.158016
 2 |  1672 |  0.158016
 2 |  1664 |  0.158016
 2 |  1656 |  0.158016
 2 |  1648 |  0.158016
 2 |  1640 |  0.158016
 2 |  1632 |  0.158016
 2 |  1624 |  0.158016
 2 |  1616 |  0.158016
 2 |  1608 |  0.158016
 2 |  1600 |  0.158016
 2 |  1592 |  0.158016
 2 |  1584 |  0.158016
 2 |  1576 |  0.158016
 2 |  1568 |  0.158016
 2 |  1560 |  0.158016
 2 |  1552 |  0.158016
 2 |  1544 |  0.158016
 2 |  1536 |  0.158016
 2 |  1528 |  0.158016
 2 |  1520 |  0.158016
 2 |  1512 |  0.158016
 2 |  1504 |  0.158016
 2 |  1496 |  0.158016
 2 |  1488 |  0.158016
 2 |  1480 |  0.158016
 2 |  1472 |  0.158016
 2 |  1464 |  0.158016
 2 |  1456 |  0.158016
 2 |  1448 |  0.158016
 2 |  1440 |  0.158016
 2 |  1432 |  0.158016
 2 |  1424 |  0.158016
 2 |  1416 |  0.158016
 2 |  1408 |  0.158016
 2 |  1400 |  0.158016
 2 |  1392 |  0.158016
 2 |  1384 |  0.158016
 2 |  1376 |  0.158016
 2 |  1368 |  0.158016
 2 |  1360 |  0.158016
 2 |  1352 |  0.158016
 2 |  1344 |  0.158016
 2 |  1336 |  0.158016
 2 |  1328 |  0.158016
 2 |  1320 |  0.158016
 2 |  1312 |  0.158016
 2 |  1304 |  0.158016
 2 |  1296 |  0.158016
 2 |  1288 |  0.158016
 2 |  1280 |  0.158016
 2 |  1272 |  0.158016
 2 |  1264 |  0.158016
 2 |  1256 |  0.158016
 2 |  1248 |  0.158016
 2 |  1240 |  0.158016
 2 |  1232 |  0.158016
 2 |  1224 |  0.158016
 2 |  1216 |  0.158016
 2 |  1208 |  0.158016
 2 |  1200 |  0.158016
 2 |  1192 |  0.158016
 2 |  1184 |  0.158016
 2 |  1176 |  0.158016
 2 |  1168 |  0.158016
 2 |  1160 |  0.158016
 2 |  1152 |  0.158016
 2 |  1144 |  0.158016
 2 |  1136 |  0.158016
 2 |  1128 |  0.158016
 2 |  1120 |  0.158016
 2 |  1112 |  0.158016
 2 |  1104 |  0.158016
 2 |  1096 |  0.158016
 2 |  1088 |  0.158016
 2 |  1080 |  0.158016
 2 |  1072 |  0.158016
 2 |  1064 |  0.158016
 2 |  1056 |  0.158016
 2 |  1048 |  0.158016
 2 |  1040 |  0.158016
 2 |  1032 |  0.158016
 2 |  1024 |  0.158016
 2 |  1016 |  0.158016
 2 |  1008 |  0.158016
 2 |  1000 |  0.158016
 2 |  992 |  0.158016
 2 |  984 |  0.158016
 2 |  976 |  0.158016
 2 |  968 |  0.158016
 2 |  960 |  0.158016
 2 |  952 |  0.158016
 2 |  944 |  0.158016
 2 |  936 |  0.158016
 2 |  928 |  0.158016
 2 |  920 |  0.158016
 2 |  912 |  0.158016
 2 |  904 |  0.158016
 2 |  896 |  0.158016
 2 |  888 |  0.158016
 2 |  880 |  0.158016
 2 |  872 |  0.158016
 2 |  864 |  0.158016
 2 |  856 |  0.158016
 2 |  848 |  0.158016
 2 |  840 |  0.158016
 2 |  832 |  0.158016
 2 |  824 |  0.158016
 2 |  816 |  0.158016
 2 |  808 |  0.158016
 2 |  800 |  0.158016
 2 |  792 |  0.158016
 2 |  784 |  0.158016
 2 |  776 |  0.158016
 2 |  768 |  0.158016
 2 |  760 |  0.158016
 2 |  752 |  0.158016
 2 |  744 |  0.158016
 2 |  736 |  0.158016
 2 |  728 |  0.158016
 2 |  720 |  0.158016
 2 |  712 |  0.158016
 2 |  704 |  0.158016
 2 |  696 |  0.158016
 2 |  688 |  0.158016
 2 |  680 |  0.158016
 2 |  672 |  0.158016
 2 |  664 |  0.158016
 2 |  656 |  0.158016
 2 |  648 |  0.158016
 2 |  640 |  0.158016
 2 |  632 |  0.158016
 2 |  624 |  0.158016
 2 |  616 |  0.158016
 2 |  608 |  0.158016
 2 |  600 |  0.158016
 2 |  592 |  0.158016
 2 |  584 |  0.158016
 2 |  576 |  0.158016
 2 |  568 |  0.158016
 2 |  560 |  0.158016
 2 |  552 |  0.158016
 2 |  544 |  0.158016
 2 |  536 |  0.158016
 2 |  528 |  0.158016
 2 |  520 |  0.158016
 2 |  512 |  0.158016
 2 |  504 |  0.158016
 2 |  496 |  0.158016
 2 |  488 |  0.158016
 2 |  480 |  0.158016
 2 |  472 |  0.158016
 2 |  464 |  0.158016
 2 |  456 |  0.158016
 2 |  448 |  0.158016
 2 |  440 |  0.158016
 2 |  432 |  0.158016
 2 |  424 |  0.158016
 2 |  416 |  0.158016
 2 |  408 |  0.158016
 2 |  400 |  0.158016
 2 |  392 |  0.158016
 2 |  384 |  0.158016
 2 |  376 |  0.158016
 2 |  368 |  0.158016
 2 |  360 |  0.158016
 2 |  352 |  0.158016
 2 |  344 |  0.158016
 2 |  336 |  0.158016
 2 |  328 |  0.158016
 2 |  320 |  0.158016
 2 |  312 |  0.158016
 2 |  304 |  0.158016
 2 |  296 |  0.158016
 2 |  288 |  0.158016
 2 |  280 |  0.158016
 2 |  272 |  0.158016
 2 |  264 |  0.158016
 2 |  256 |  0.158016
 2 |  248 |  0.158016
 2 |  240 |  0.158016
 2 |  232 |  0.158016
 2 |  224 |  0.158016
 2 |  216 |  0.158016
 2 |  208 |  0.158016
 2 |  200 |  0.158016
 2 |  192 |  0.158016
 2 |  184 |  0.158016
 2 |  176 |  0.158016
 2 |  168 |  0.158016
 2 |  160 |  0.158016
 2 |  152 |  0.158016
 2 |  144 |  0.158016
 2 |  136 |  0.158016
 2 |  128 |  0.158016
 2 |  120 |  0.158016
 2 |  112 |  0.158016
 2 |  104 |  0.158016
 2 |  96 |  0.158016
 2 |  88 |  0.158016
 2 |  80 |  0.158016
 2 |  72 |  0.158016
 2 |  64 |  0.158016
 2 |  56 |  0.158016
 2 |  48 |  0.158016
 2 |  40 |  0.158016
 2 |  32 |  0.158016
 2 |  24 |  0.158016
 2 |  16 |  0.158016
 2 |  8 |  0.158016
