num_tree | num_queries | time_taken
 8 |  8160 |  0.065600
 8 |  8128 |  0.079872
 8 |  8096 |  0.105856
 8 |  8064 |  0.103168
 8 |  8032 |  0.099328
 8 |  8000 |  0.072448
 8 |  7968 |  0.087488
 8 |  7936 |  0.122144
 8 |  7904 |  0.120160
 8 |  7872 |  0.096224
 8 |  7840 |  0.106240
 8 |  7808 |  0.059200
 8 |  7776 |  0.078560
 8 |  7744 |  0.125088
 8 |  7712 |  0.103424
 8 |  7680 |  0.112960
 8 |  7648 |  0.065376
 8 |  7616 |  0.067840
 8 |  7584 |  0.127584
 8 |  7552 |  0.071680
 8 |  7520 |  0.079328
 8 |  7488 |  0.080416
 8 |  7456 |  0.064480
 8 |  7424 |  0.090112
 8 |  7392 |  0.069632
 8 |  7360 |  0.061408
 8 |  7328 |  0.084992
 8 |  7296 |  0.062464
 8 |  7264 |  0.071520
 8 |  7232 |  0.180032
 8 |  7200 |  0.076032
 8 |  7168 |  0.113408
 8 |  7136 |  0.131008
 8 |  7104 |  0.097280
 8 |  7072 |  0.069632
 8 |  7040 |  0.065568
 8 |  7008 |  0.073248
 8 |  6976 |  0.108544
 8 |  6944 |  0.147136
 8 |  6912 |  0.078752
 8 |  6880 |  0.105504
 8 |  6848 |  0.066912
 8 |  6816 |  0.065248
 8 |  6784 |  0.102400
 8 |  6752 |  0.063488
 8 |  6720 |  0.138880
 8 |  6688 |  0.076256
 8 |  6656 |  0.071040
 8 |  6624 |  0.115712
 8 |  6592 |  0.071680
 8 |  6560 |  0.102080
 8 |  6528 |  0.090208
 8 |  6496 |  0.067648
 8 |  6464 |  0.059520
 8 |  6432 |  0.078400
 8 |  6400 |  0.060480
 8 |  6368 |  0.110720
 8 |  6336 |  0.091808
 8 |  6304 |  0.072704
 8 |  6272 |  0.084992
 8 |  6240 |  0.089280
 8 |  6208 |  0.100576
 8 |  6176 |  0.079008
 8 |  6144 |  0.067424
 8 |  6112 |  0.103744
 8 |  6080 |  0.072224
 8 |  6048 |  0.074336
 8 |  6016 |  0.086080
 8 |  5984 |  0.071712
 8 |  5952 |  0.134144
 8 |  5920 |  0.102336
 8 |  5888 |  0.120448
 8 |  5856 |  0.071680
 8 |  5824 |  0.079680
 8 |  5792 |  0.092288
 8 |  5760 |  0.115616
 8 |  5728 |  0.066016
 8 |  5696 |  0.108192
 8 |  5664 |  0.106144
 8 |  5632 |  0.069920
 8 |  5600 |  0.107392
 8 |  5568 |  0.184480
 8 |  5536 |  0.068608
 8 |  5504 |  0.080288
 8 |  5472 |  0.061504
 8 |  5440 |  0.074752
 8 |  5408 |  0.095392
 8 |  5376 |  0.133184
 8 |  5344 |  0.118432
 8 |  5312 |  0.078784
 8 |  5280 |  0.094112
 8 |  5248 |  0.092256
 8 |  5216 |  0.098688
 8 |  5184 |  0.059680
 8 |  5152 |  0.065440
 8 |  5120 |  0.106144
 8 |  5088 |  0.084256
 8 |  5056 |  0.099104
 8 |  5024 |  0.064512
 8 |  4992 |  0.110432
 8 |  4960 |  0.116320
 8 |  4928 |  0.080768
 8 |  4896 |  0.076576
 8 |  4864 |  0.104512
 8 |  4832 |  0.079840
 8 |  4800 |  0.097280
 8 |  4768 |  0.071648
 8 |  4736 |  0.082880
 8 |  4704 |  0.080192
 8 |  4672 |  0.090112
 8 |  4640 |  0.085280
 8 |  4608 |  0.093056
 8 |  4576 |  0.118176
 8 |  4544 |  0.124992
 8 |  4512 |  0.107040
 8 |  4480 |  0.161792
 8 |  4448 |  0.110592
 8 |  4416 |  0.092192
 8 |  4384 |  0.059744
 8 |  4352 |  0.094208
 8 |  4320 |  0.110592
 8 |  4288 |  0.123904
 8 |  4256 |  0.150464
 8 |  4224 |  0.101440
 8 |  4192 |  0.125888
 8 |  4160 |  0.101760
 8 |  4128 |  0.095424
 8 |  4096 |  0.059968
 8 |  4064 |  0.058048
 8 |  4032 |  0.157920
 8 |  4000 |  0.135744
 8 |  3968 |  0.079424
 8 |  3936 |  0.120640
 8 |  3904 |  0.066400
 8 |  3872 |  0.140288
 8 |  3840 |  0.079744
 8 |  3808 |  0.132096
 8 |  3776 |  0.118176
 8 |  3744 |  0.129056
 8 |  3712 |  0.148992
 8 |  3680 |  0.082336
 8 |  3648 |  0.065600
 8 |  3616 |  0.144672
 8 |  3584 |  0.096416
 8 |  3552 |  0.076672
 8 |  3520 |  0.151552
 8 |  3488 |  0.131968
 8 |  3456 |  0.088000
 8 |  3424 |  0.075392
 8 |  3392 |  0.080896
 8 |  3360 |  0.070304
 8 |  3328 |  0.107776
 8 |  3296 |  0.094208
 8 |  3264 |  0.059392
 8 |  3232 |  0.114624
 8 |  3200 |  0.107744
 8 |  3168 |  0.154368
 8 |  3136 |  0.116992
 8 |  3104 |  0.162496
 8 |  3072 |  0.118400
 8 |  3040 |  0.128768
 8 |  3008 |  0.123360
 8 |  2976 |  0.114336
 8 |  2944 |  0.117760
 8 |  2912 |  0.078208
 8 |  2880 |  0.073728
 8 |  2848 |  0.104448
 8 |  2816 |  0.112640
 8 |  2784 |  0.121856
 8 |  2752 |  0.108544
 8 |  2720 |  0.070528
 8 |  2688 |  0.108928
 8 |  2656 |  0.056192
 8 |  2624 |  0.112064
 8 |  2592 |  0.088416
 8 |  2560 |  0.108544
 8 |  2528 |  0.205024
 8 |  2496 |  0.096704
 8 |  2464 |  0.112704
 8 |  2432 |  0.076000
 8 |  2400 |  0.125056
 8 |  2368 |  0.110464
 8 |  2336 |  0.129056
 8 |  2304 |  0.208096
 8 |  2272 |  0.117440
 8 |  2240 |  0.068224
 8 |  2208 |  0.127808
 8 |  2176 |  0.162816
 8 |  2144 |  0.086464
 8 |  2112 |  0.137632
 8 |  2080 |  0.184320
 8 |  2048 |  0.111872
 8 |  2016 |  0.107968
 8 |  1984 |  0.129568
 8 |  1952 |  0.135168
 8 |  1920 |  0.112448
 8 |  1888 |  0.130048
 8 |  1856 |  0.107424
 8 |  1824 |  0.096992
 8 |  1792 |  0.116640
 8 |  1760 |  0.076480
 8 |  1728 |  0.109568
 8 |  1696 |  0.067584
 8 |  1664 |  0.114368
 8 |  1632 |  0.116736
 8 |  1600 |  0.130048
 8 |  1568 |  0.180736
 8 |  1536 |  0.098304
 8 |  1504 |  0.108768
 8 |  1472 |  0.096448
 8 |  1440 |  0.112448
 8 |  1408 |  0.072448
 8 |  1376 |  0.109664
 8 |  1344 |  0.119808
 8 |  1312 |  0.126976
 8 |  1280 |  0.095232
 8 |  1248 |  0.110592
 8 |  1216 |  0.096256
 8 |  1184 |  0.136896
 8 |  1152 |  0.096256
 8 |  1120 |  0.074144
 8 |  1088 |  0.151552
 8 |  1056 |  0.136000
 8 |  1024 |  0.096224
 8 |  992 |  0.074752
 8 |  960 |  0.095872
 8 |  928 |  0.088512
 8 |  896 |  0.121536
 8 |  864 |  0.160768
 8 |  832 |  0.132512
 8 |  800 |  0.143360
 8 |  768 |  0.090272
 8 |  736 |  0.095168
 8 |  704 |  0.123904
 8 |  672 |  0.112640
 8 |  640 |  0.136192
 8 |  608 |  0.144768
 8 |  576 |  0.107040
 8 |  544 |  0.137728
 8 |  512 |  0.169856
 8 |  480 |  0.102080
 8 |  448 |  0.134336
 8 |  416 |  0.110592
 8 |  384 |  0.118784
 8 |  352 |  0.113120
 8 |  320 |  0.109984
 8 |  288 |  0.200704
 8 |  256 |  0.128352
 8 |  224 |  0.115328
 8 |  192 |  0.105536
 8 |  160 |  0.105376
 8 |  128 |  0.069472
 8 |  96 |  0.106496
 8 |  64 |  0.096384
 8 |  32 |  0.132288
