num_tree | num_queries | time_taken
 8 |  16368 |  0.106528
 8 |  16352 |  0.075744
 8 |  16336 |  0.071680
 8 |  16320 |  0.151552
 8 |  16304 |  0.079488
 8 |  16288 |  0.072192
 8 |  16272 |  0.110592
 8 |  16256 |  0.111616
 8 |  16240 |  0.056352
 8 |  16224 |  0.072704
 8 |  16208 |  0.087040
 8 |  16192 |  0.075136
 8 |  16176 |  0.106496
 8 |  16160 |  0.123680
 8 |  16144 |  0.154624
 8 |  16128 |  0.114688
 8 |  16112 |  0.104096
 8 |  16096 |  0.173952
 8 |  16080 |  0.065312
 8 |  16064 |  0.072704
 8 |  16048 |  0.087584
 8 |  16032 |  0.120512
 8 |  16016 |  0.158080
 8 |  16000 |  0.100352
 8 |  15984 |  0.121856
 8 |  15968 |  0.114688
 8 |  15952 |  0.111616
 8 |  15936 |  0.118752
 8 |  15920 |  0.094208
 8 |  15904 |  0.075776
 8 |  15888 |  0.090688
 8 |  15872 |  0.208896
 8 |  15856 |  0.131808
 8 |  15840 |  0.120096
 8 |  15824 |  0.085600
 8 |  15808 |  0.081984
 8 |  15792 |  0.126240
 8 |  15776 |  0.103872
 8 |  15760 |  0.075648
 8 |  15744 |  0.126784
 8 |  15728 |  0.144544
 8 |  15712 |  0.131904
 8 |  15696 |  0.088064
 8 |  15680 |  0.105472
 8 |  15664 |  0.095232
 8 |  15648 |  0.098336
 8 |  15632 |  0.082624
 8 |  15616 |  0.126976
 8 |  15600 |  0.208512
 8 |  15584 |  0.103424
 8 |  15568 |  0.146432
 8 |  15552 |  0.113664
 8 |  15536 |  0.237344
 8 |  15520 |  0.074464
 8 |  15504 |  0.100352
 8 |  15488 |  0.097280
 8 |  15472 |  0.110592
 8 |  15456 |  0.121440
 8 |  15440 |  0.100064
 8 |  15424 |  0.097344
 8 |  15408 |  0.084096
 8 |  15392 |  0.084384
 8 |  15376 |  0.145920
 8 |  15360 |  0.097472
 8 |  15344 |  0.098560
 8 |  15328 |  0.102848
 8 |  15312 |  0.105440
 8 |  15296 |  0.125024
 8 |  15280 |  0.169984
 8 |  15264 |  0.116736
 8 |  15248 |  0.105536
 8 |  15232 |  0.096896
 8 |  15216 |  0.076992
 8 |  15200 |  0.089728
 8 |  15184 |  0.089280
 8 |  15168 |  0.077728
 8 |  15152 |  0.096576
 8 |  15136 |  0.063488
 8 |  15120 |  0.102144
 8 |  15104 |  0.068608
 8 |  15088 |  0.092960
 8 |  15072 |  0.100384
 8 |  15056 |  0.058240
 8 |  15040 |  0.088288
 8 |  15024 |  0.201952
 8 |  15008 |  0.150176
 8 |  14992 |  0.103488
 8 |  14976 |  0.101312
 8 |  14960 |  0.067360
 8 |  14944 |  0.102336
 8 |  14928 |  0.086848
 8 |  14912 |  0.075808
 8 |  14896 |  0.100544
 8 |  14880 |  0.144384
 8 |  14864 |  0.093984
 8 |  14848 |  0.095008
 8 |  14832 |  0.065408
 8 |  14816 |  0.132704
 8 |  14800 |  0.123744
 8 |  14784 |  0.141248
 8 |  14768 |  0.105472
 8 |  14752 |  0.080544
 8 |  14736 |  0.095104
 8 |  14720 |  0.089376
 8 |  14704 |  0.085376
 8 |  14688 |  0.064512
 8 |  14672 |  0.068448
 8 |  14656 |  0.121856
 8 |  14640 |  0.052224
 8 |  14624 |  0.053216
 8 |  14608 |  0.071680
 8 |  14592 |  0.081760
 8 |  14576 |  0.101376
 8 |  14560 |  0.112320
 8 |  14544 |  0.056320
 8 |  14528 |  0.110816
 8 |  14512 |  0.101376
 8 |  14496 |  0.061952
 8 |  14480 |  0.088064
 8 |  14464 |  0.117760
 8 |  14448 |  0.052032
 8 |  14432 |  0.072960
 8 |  14416 |  0.102688
 8 |  14400 |  0.108544
 8 |  14384 |  0.070432
 8 |  14368 |  0.087296
 8 |  14352 |  0.057344
 8 |  14336 |  0.061792
 8 |  14320 |  0.057920
 8 |  14304 |  0.077472
 8 |  14288 |  0.058368
 8 |  14272 |  0.077056
 8 |  14256 |  0.092608
 8 |  14240 |  0.075616
 8 |  14224 |  0.090752
 8 |  14208 |  0.107072
 8 |  14192 |  0.107904
 8 |  14176 |  0.076800
 8 |  14160 |  0.053056
 8 |  14144 |  0.107520
 8 |  14128 |  0.106624
 8 |  14112 |  0.069632
 8 |  14096 |  0.096992
 8 |  14080 |  0.103232
 8 |  14064 |  0.094208
 8 |  14048 |  0.097280
 8 |  14032 |  0.059584
 8 |  14016 |  0.060256
 8 |  14000 |  0.121312
 8 |  13984 |  0.075680
 8 |  13968 |  0.050144
 8 |  13952 |  0.079520
 8 |  13936 |  0.134624
 8 |  13920 |  0.090304
 8 |  13904 |  0.123104
 8 |  13888 |  0.098368
 8 |  13872 |  0.088672
 8 |  13856 |  0.104768
 8 |  13840 |  0.048288
 8 |  13824 |  0.100736
 8 |  13808 |  0.145408
 8 |  13792 |  0.056320
 8 |  13776 |  0.088800
 8 |  13760 |  0.078432
 8 |  13744 |  0.098496
 8 |  13728 |  0.106496
 8 |  13712 |  0.133216
 8 |  13696 |  0.078592
 8 |  13680 |  0.111424
 8 |  13664 |  0.092160
 8 |  13648 |  0.068672
 8 |  13632 |  0.076800
 8 |  13616 |  0.104448
 8 |  13600 |  0.059488
 8 |  13584 |  0.133120
 8 |  13568 |  0.100352
 8 |  13552 |  0.106400
 8 |  13536 |  0.117760
 8 |  13520 |  0.073024
 8 |  13504 |  0.088352
 8 |  13488 |  0.121824
 8 |  13472 |  0.088160
 8 |  13456 |  0.118976
 8 |  13440 |  0.080960
 8 |  13424 |  0.065856
 8 |  13408 |  0.101344
 8 |  13392 |  0.139264
 8 |  13376 |  0.142496
 8 |  13360 |  0.159200
 8 |  13344 |  0.099648
 8 |  13328 |  0.130944
 8 |  13312 |  0.060512
 8 |  13296 |  0.108544
 8 |  13280 |  0.100352
 8 |  13264 |  0.157696
 8 |  13248 |  0.141760
 8 |  13232 |  0.078560
 8 |  13216 |  0.091328
 8 |  13200 |  0.124928
 8 |  13184 |  0.091232
 8 |  13168 |  0.105696
 8 |  13152 |  0.098720
 8 |  13136 |  0.115680
 8 |  13120 |  0.098144
 8 |  13104 |  0.123264
 8 |  13088 |  0.065728
 8 |  13072 |  0.069952
 8 |  13056 |  0.143328
 8 |  13040 |  0.119456
 8 |  13024 |  0.062592
 8 |  13008 |  0.132288
 8 |  12992 |  0.082944
 8 |  12976 |  0.059392
 8 |  12960 |  0.123936
 8 |  12944 |  0.086432
 8 |  12928 |  0.164864
 8 |  12912 |  0.086016
 8 |  12896 |  0.129024
 8 |  12880 |  0.058848
 8 |  12864 |  0.153632
 8 |  12848 |  0.115744
 8 |  12832 |  0.095296
 8 |  12816 |  0.068480
 8 |  12800 |  0.065440
 8 |  12784 |  0.073120
 8 |  12768 |  0.075968
 8 |  12752 |  0.111616
 8 |  12736 |  0.091136
 8 |  12720 |  0.098816
 8 |  12704 |  0.073248
 8 |  12688 |  0.137312
 8 |  12672 |  0.087904
 8 |  12656 |  0.167616
 8 |  12640 |  0.087904
 8 |  12624 |  0.109856
 8 |  12608 |  0.117856
 8 |  12592 |  0.120384
 8 |  12576 |  0.186176
 8 |  12560 |  0.108640
 8 |  12544 |  0.087232
 8 |  12528 |  0.130048
 8 |  12512 |  0.126176
 8 |  12496 |  0.129216
 8 |  12480 |  0.049440
 8 |  12464 |  0.101792
 8 |  12448 |  0.086272
 8 |  12432 |  0.106368
 8 |  12416 |  0.129024
 8 |  12400 |  0.119808
 8 |  12384 |  0.116608
 8 |  12368 |  0.079264
 8 |  12352 |  0.083712
 8 |  12336 |  0.080608
 8 |  12320 |  0.092160
 8 |  12304 |  0.101376
 8 |  12288 |  0.135488
 8 |  12272 |  0.184320
 8 |  12256 |  0.122656
 8 |  12240 |  0.124928
 8 |  12224 |  0.156384
 8 |  12208 |  0.108672
 8 |  12192 |  0.102176
 8 |  12176 |  0.083744
 8 |  12160 |  0.119808
 8 |  12144 |  0.061056
 8 |  12128 |  0.105536
 8 |  12112 |  0.111616
 8 |  12096 |  0.113728
 8 |  12080 |  0.104448
 8 |  12064 |  0.063616
 8 |  12048 |  0.106496
 8 |  12032 |  0.126784
 8 |  12016 |  0.105120
 8 |  12000 |  0.133120
 8 |  11984 |  0.109472
 8 |  11968 |  0.080896
 8 |  11952 |  0.139136
 8 |  11936 |  0.117760
 8 |  11920 |  0.063488
 8 |  11904 |  0.088192
 8 |  11888 |  0.105152
 8 |  11872 |  0.153600
 8 |  11856 |  0.099328
 8 |  11840 |  0.123936
 8 |  11824 |  0.065536
 8 |  11808 |  0.065664
 8 |  11792 |  0.125952
 8 |  11776 |  0.114592
 8 |  11760 |  0.094592
 8 |  11744 |  0.127840
 8 |  11728 |  0.087488
 8 |  11712 |  0.166880
 8 |  11696 |  0.091104
 8 |  11680 |  0.077792
 8 |  11664 |  0.107712
 8 |  11648 |  0.067616
 8 |  11632 |  0.075328
 8 |  11616 |  0.088064
 8 |  11600 |  0.064000
 8 |  11584 |  0.143584
 8 |  11568 |  0.125952
 8 |  11552 |  0.125952
 8 |  11536 |  0.098240
 8 |  11520 |  0.077920
 8 |  11504 |  0.096832
 8 |  11488 |  0.092320
 8 |  11472 |  0.102400
 8 |  11456 |  0.156640
 8 |  11440 |  0.112800
 8 |  11424 |  0.083968
 8 |  11408 |  0.104448
 8 |  11392 |  0.093184
 8 |  11376 |  0.125216
 8 |  11360 |  0.101984
 8 |  11344 |  0.103424
 8 |  11328 |  0.131072
 8 |  11312 |  0.077664
 8 |  11296 |  0.100832
 8 |  11280 |  0.177152
 8 |  11264 |  0.077568
 8 |  11248 |  0.159872
 8 |  11232 |  0.161984
 8 |  11216 |  0.122656
 8 |  11200 |  0.112000
 8 |  11184 |  0.100384
 8 |  11168 |  0.091200
 8 |  11152 |  0.124928
 8 |  11136 |  0.096448
 8 |  11120 |  0.135168
 8 |  11104 |  0.125952
 8 |  11088 |  0.239424
 8 |  11072 |  0.097408
 8 |  11056 |  0.077888
 8 |  11040 |  0.064512
 8 |  11024 |  0.055264
 8 |  11008 |  0.102400
 8 |  10992 |  0.086752
 8 |  10976 |  0.135296
 8 |  10960 |  0.100352
 8 |  10944 |  0.146112
 8 |  10928 |  0.099328
 8 |  10912 |  0.099744
 8 |  10896 |  0.150944
 8 |  10880 |  0.084864
 8 |  10864 |  0.063648
 8 |  10848 |  0.167744
 8 |  10832 |  0.124192
 8 |  10816 |  0.116768
 8 |  10800 |  0.059392
 8 |  10784 |  0.101376
 8 |  10768 |  0.203808
 8 |  10752 |  0.124096
 8 |  10736 |  0.086304
 8 |  10720 |  0.128800
 8 |  10704 |  0.070784
 8 |  10688 |  0.114496
 8 |  10672 |  0.100352
 8 |  10656 |  0.133760
 8 |  10640 |  0.105472
 8 |  10624 |  0.065408
 8 |  10608 |  0.095424
 8 |  10592 |  0.119872
 8 |  10576 |  0.094848
 8 |  10560 |  0.105472
 8 |  10544 |  0.147456
 8 |  10528 |  0.118784
 8 |  10512 |  0.051360
 8 |  10496 |  0.160928
 8 |  10480 |  0.112096
 8 |  10464 |  0.090112
 8 |  10448 |  0.172032
 8 |  10432 |  0.119424
 8 |  10416 |  0.078784
 8 |  10400 |  0.075776
 8 |  10384 |  0.115520
 8 |  10368 |  0.343296
 8 |  10352 |  0.069984
 8 |  10336 |  0.129248
 8 |  10320 |  0.119936
 8 |  10304 |  0.142336
 8 |  10288 |  0.082944
 8 |  10272 |  0.087200
 8 |  10256 |  0.074720
 8 |  10240 |  0.078880
 8 |  10224 |  0.108512
 8 |  10208 |  0.119488
 8 |  10192 |  0.117760
 8 |  10176 |  0.094208
 8 |  10160 |  0.092832
 8 |  10144 |  0.084288
 8 |  10128 |  0.077792
 8 |  10112 |  0.062368
 8 |  10096 |  0.107904
 8 |  10080 |  0.075232
 8 |  10064 |  0.098080
 8 |  10048 |  0.107552
 8 |  10032 |  0.118048
 8 |  10016 |  0.143808
 8 |  10000 |  0.046240
 8 |  9984 |  0.149344
 8 |  9968 |  0.160608
 8 |  9952 |  0.127488
 8 |  9936 |  0.117760
 8 |  9920 |  0.090080
 8 |  9904 |  0.184032
 8 |  9888 |  0.118784
 8 |  9872 |  0.123904
 8 |  9856 |  0.072512
 8 |  9840 |  0.095456
 8 |  9824 |  0.149856
 8 |  9808 |  0.126976
 8 |  9792 |  0.074624
 8 |  9776 |  0.188416
 8 |  9760 |  0.113856
 8 |  9744 |  0.049152
 8 |  9728 |  0.147296
 8 |  9712 |  0.136416
 8 |  9696 |  0.177824
 8 |  9680 |  0.103744
 8 |  9664 |  0.093184
 8 |  9648 |  0.092160
 8 |  9632 |  0.119936
 8 |  9616 |  0.097280
 8 |  9600 |  0.077920
 8 |  9584 |  0.124288
 8 |  9568 |  0.093696
 8 |  9552 |  0.077824
 8 |  9536 |  0.126976
 8 |  9520 |  0.070656
 8 |  9504 |  0.053760
 8 |  9488 |  0.076800
 8 |  9472 |  0.081536
 8 |  9456 |  0.106496
 8 |  9440 |  0.078496
 8 |  9424 |  0.142400
 8 |  9408 |  0.134016
 8 |  9392 |  0.095872
 8 |  9376 |  0.086976
 8 |  9360 |  0.065856
 8 |  9344 |  0.074080
 8 |  9328 |  0.102912
 8 |  9312 |  0.116736
 8 |  9296 |  0.116768
 8 |  9280 |  0.107904
 8 |  9264 |  0.094464
 8 |  9248 |  0.101376
 8 |  9232 |  0.125856
 8 |  9216 |  0.058368
 8 |  9200 |  0.081728
 8 |  9184 |  0.098656
 8 |  9168 |  0.112640
 8 |  9152 |  0.097920
 8 |  9136 |  0.115840
 8 |  9120 |  0.117760
 8 |  9104 |  0.149568
 8 |  9088 |  0.084864
 8 |  9072 |  0.132192
 8 |  9056 |  0.090080
 8 |  9040 |  0.079232
 8 |  9024 |  0.161792
 8 |  9008 |  0.060864
 8 |  8992 |  0.134144
 8 |  8976 |  0.048384
 8 |  8960 |  0.113216
 8 |  8944 |  0.163808
 8 |  8928 |  0.109792
 8 |  8912 |  0.110656
 8 |  8896 |  0.110624
 8 |  8880 |  0.097312
 8 |  8864 |  0.113696
 8 |  8848 |  0.137568
 8 |  8832 |  0.057696
 8 |  8816 |  0.160608
 8 |  8800 |  0.082944
 8 |  8784 |  0.090912
 8 |  8768 |  0.096512
 8 |  8752 |  0.087648
 8 |  8736 |  0.077056
 8 |  8720 |  0.110752
 8 |  8704 |  0.115040
 8 |  8688 |  0.088096
 8 |  8672 |  0.104416
 8 |  8656 |  0.051200
 8 |  8640 |  0.157696
 8 |  8624 |  0.105632
 8 |  8608 |  0.155744
 8 |  8592 |  0.169408
 8 |  8576 |  0.166912
 8 |  8560 |  0.098912
 8 |  8544 |  0.102912
 8 |  8528 |  0.108480
 8 |  8512 |  0.106848
 8 |  8496 |  0.081920
 8 |  8480 |  0.101408
 8 |  8464 |  0.121856
 8 |  8448 |  0.122272
 8 |  8432 |  0.088064
 8 |  8416 |  0.047008
 8 |  8400 |  0.100704
 8 |  8384 |  0.111264
 8 |  8368 |  0.150528
 8 |  8352 |  0.109632
 8 |  8336 |  0.055424
 8 |  8320 |  0.070112
 8 |  8304 |  0.107520
 8 |  8288 |  0.078112
 8 |  8272 |  0.103072
 8 |  8256 |  0.116736
 8 |  8240 |  0.147456
 8 |  8224 |  0.103264
 8 |  8208 |  0.101472
 8 |  8192 |  0.124928
 8 |  8176 |  0.055296
 8 |  8160 |  0.092352
 8 |  8144 |  0.110368
 8 |  8128 |  0.121632
 8 |  8112 |  0.126144
 8 |  8096 |  0.074752
 8 |  8080 |  0.141312
 8 |  8064 |  0.059392
 8 |  8048 |  0.103296
 8 |  8032 |  0.063200
 8 |  8016 |  0.091136
 8 |  8000 |  0.112224
 8 |  7984 |  0.059136
 8 |  7968 |  0.115168
 8 |  7952 |  0.148480
 8 |  7936 |  0.067584
 8 |  7920 |  0.072704
 8 |  7904 |  0.059392
 8 |  7888 |  0.152576
 8 |  7872 |  0.090752
 8 |  7856 |  0.126848
 8 |  7840 |  0.090112
 8 |  7824 |  0.158272
 8 |  7808 |  0.159968
 8 |  7792 |  0.089024
 8 |  7776 |  0.109632
 8 |  7760 |  0.183520
 8 |  7744 |  0.102400
 8 |  7728 |  0.124928
 8 |  7712 |  0.167104
 8 |  7696 |  0.137216
 8 |  7680 |  0.088768
 8 |  7664 |  0.123776
 8 |  7648 |  0.121152
 8 |  7632 |  0.115008
 8 |  7616 |  0.100352
 8 |  7600 |  0.099840
 8 |  7584 |  0.136832
 8 |  7568 |  0.129024
 8 |  7552 |  0.087232
 8 |  7536 |  0.067776
 8 |  7520 |  0.108544
 8 |  7504 |  0.124576
 8 |  7488 |  0.067584
 8 |  7472 |  0.136768
 8 |  7456 |  0.097920
 8 |  7440 |  0.093536
 8 |  7424 |  0.141312
 8 |  7408 |  0.068384
 8 |  7392 |  0.098560
 8 |  7376 |  0.127104
 8 |  7360 |  0.107744
 8 |  7344 |  0.104448
 8 |  7328 |  0.072704
 8 |  7312 |  0.116256
 8 |  7296 |  0.071648
 8 |  7280 |  0.089632
 8 |  7264 |  0.108544
 8 |  7248 |  0.105472
 8 |  7232 |  0.104192
 8 |  7216 |  0.137888
 8 |  7200 |  0.110592
 8 |  7184 |  0.123072
 8 |  7168 |  0.120832
 8 |  7152 |  0.110560
 8 |  7136 |  0.069632
 8 |  7120 |  0.054752
 8 |  7104 |  0.113664
 8 |  7088 |  0.093472
 8 |  7072 |  0.076896
 8 |  7056 |  0.111328
 8 |  7040 |  0.101376
 8 |  7024 |  0.077824
 8 |  7008 |  0.064512
 8 |  6992 |  0.098400
 8 |  6976 |  0.139968
 8 |  6960 |  0.098304
 8 |  6944 |  0.104448
 8 |  6928 |  0.101344
 8 |  6912 |  0.097920
 8 |  6896 |  0.116672
 8 |  6880 |  0.091712
 8 |  6864 |  0.172736
 8 |  6848 |  0.076416
 8 |  6832 |  0.116096
 8 |  6816 |  0.199552
 8 |  6800 |  0.071360
 8 |  6784 |  0.057568
 8 |  6768 |  0.106368
 8 |  6752 |  0.098240
 8 |  6736 |  0.098304
 8 |  6720 |  0.135232
 8 |  6704 |  0.179808
 8 |  6688 |  0.076768
 8 |  6672 |  0.116416
 8 |  6656 |  0.073728
 8 |  6640 |  0.065536
 8 |  6624 |  0.086016
 8 |  6608 |  0.134912
 8 |  6592 |  0.111456
 8 |  6576 |  0.091328
 8 |  6560 |  0.051360
 8 |  6544 |  0.113472
 8 |  6528 |  0.088864
 8 |  6512 |  0.156000
 8 |  6496 |  0.106496
 8 |  6480 |  0.155648
 8 |  6464 |  0.088032
 8 |  6448 |  0.168256
 8 |  6432 |  0.107552
 8 |  6416 |  0.122944
 8 |  6400 |  0.062464
 8 |  6384 |  0.159744
 8 |  6368 |  0.099712
 8 |  6352 |  0.132448
 8 |  6336 |  0.101344
 8 |  6320 |  0.099392
 8 |  6304 |  0.157696
 8 |  6288 |  0.127168
 8 |  6272 |  0.105536
 8 |  6256 |  0.126976
 8 |  6240 |  0.126848
 8 |  6224 |  0.148480
 8 |  6208 |  0.103424
 8 |  6192 |  0.119936
 8 |  6176 |  0.137568
 8 |  6160 |  0.105344
 8 |  6144 |  0.088448
 8 |  6128 |  0.115616
 8 |  6112 |  0.107520
 8 |  6096 |  0.128736
 8 |  6080 |  0.107520
 8 |  6064 |  0.105472
 8 |  6048 |  0.125280
 8 |  6032 |  0.158496
 8 |  6016 |  0.166016
 8 |  6000 |  0.079872
 8 |  5984 |  0.108896
 8 |  5968 |  0.059168
 8 |  5952 |  0.112640
 8 |  5936 |  0.127712
 8 |  5920 |  0.125952
 8 |  5904 |  0.082592
 8 |  5888 |  0.096576
 8 |  5872 |  0.105344
 8 |  5856 |  0.086016
 8 |  5840 |  0.078848
 8 |  5824 |  0.103072
 8 |  5808 |  0.103424
 8 |  5792 |  0.073376
 8 |  5776 |  0.105504
 8 |  5760 |  0.076800
 8 |  5744 |  0.130592
 8 |  5728 |  0.101376
 8 |  5712 |  0.070816
 8 |  5696 |  0.124864
 8 |  5680 |  0.096256
 8 |  5664 |  0.136288
 8 |  5648 |  0.105984
 8 |  5632 |  0.119392
 8 |  5616 |  0.100768
 8 |  5600 |  0.120096
 8 |  5584 |  0.103520
 8 |  5568 |  0.134560
 8 |  5552 |  0.085632
 8 |  5536 |  0.102400
 8 |  5520 |  0.116608
 8 |  5504 |  0.135648
 8 |  5488 |  0.119008
 8 |  5472 |  0.092160
 8 |  5456 |  0.108768
 8 |  5440 |  0.125152
 8 |  5424 |  0.141344
 8 |  5408 |  0.148864
 8 |  5392 |  0.088064
 8 |  5376 |  0.084992
 8 |  5360 |  0.102656
 8 |  5344 |  0.152832
 8 |  5328 |  0.066560
 8 |  5312 |  0.125312
 8 |  5296 |  0.138240
 8 |  5280 |  0.123136
 8 |  5264 |  0.110688
 8 |  5248 |  0.156672
 8 |  5232 |  0.174592
 8 |  5216 |  0.125984
 8 |  5200 |  0.148256
 8 |  5184 |  0.123936
 8 |  5168 |  0.085216
 8 |  5152 |  0.090112
 8 |  5136 |  0.095616
 8 |  5120 |  0.104416
 8 |  5104 |  0.125088
 8 |  5088 |  0.119808
 8 |  5072 |  0.165824
 8 |  5056 |  0.108544
 8 |  5040 |  0.114688
 8 |  5024 |  0.120864
 8 |  5008 |  0.146432
 8 |  4992 |  0.121856
 8 |  4976 |  0.162016
 8 |  4960 |  0.119840
 8 |  4944 |  0.128928
 8 |  4928 |  0.136192
 8 |  4912 |  0.093184
 8 |  4896 |  0.118624
 8 |  4880 |  0.059392
 8 |  4864 |  0.079776
 8 |  4848 |  0.109760
 8 |  4832 |  0.112512
 8 |  4816 |  0.107936
 8 |  4800 |  0.111040
 8 |  4784 |  0.118784
 8 |  4768 |  0.089088
 8 |  4752 |  0.068512
 8 |  4736 |  0.233568
 8 |  4720 |  0.175104
 8 |  4704 |  0.102496
 8 |  4688 |  0.141312
 8 |  4672 |  0.130304
 8 |  4656 |  0.096160
 8 |  4640 |  0.080416
 8 |  4624 |  0.097728
 8 |  4608 |  0.140992
 8 |  4592 |  0.068608
 8 |  4576 |  0.069632
 8 |  4560 |  0.087616
 8 |  4544 |  0.121952
 8 |  4528 |  0.118720
 8 |  4512 |  0.099200
 8 |  4496 |  0.100736
 8 |  4480 |  0.113504
 8 |  4464 |  0.135168
 8 |  4448 |  0.094560
 8 |  4432 |  0.147424
 8 |  4416 |  0.151072
 8 |  4400 |  0.104448
 8 |  4384 |  0.130720
 8 |  4368 |  0.095232
 8 |  4352 |  0.131232
 8 |  4336 |  0.084992
 8 |  4320 |  0.142496
 8 |  4304 |  0.104384
 8 |  4288 |  0.131072
 8 |  4272 |  0.121632
 8 |  4256 |  0.107456
 8 |  4240 |  0.167904
 8 |  4224 |  0.057280
 8 |  4208 |  0.149120
 8 |  4192 |  0.113344
 8 |  4176 |  0.128288
 8 |  4160 |  0.122752
 8 |  4144 |  0.078240
 8 |  4128 |  0.098112
 8 |  4112 |  0.120832
 8 |  4096 |  0.134144
 8 |  4080 |  0.113408
 8 |  4064 |  0.113408
 8 |  4048 |  0.113408
 8 |  4032 |  0.113408
 8 |  4016 |  0.113408
 8 |  4000 |  0.113408
 8 |  3984 |  0.113408
 8 |  3968 |  0.113408
 8 |  3952 |  0.113408
 8 |  3936 |  0.113408
 8 |  3920 |  0.113408
 8 |  3904 |  0.113408
 8 |  3888 |  0.113408
 8 |  3872 |  0.113408
 8 |  3856 |  0.113408
 8 |  3840 |  0.113408
 8 |  3824 |  0.113408
 8 |  3808 |  0.113408
 8 |  3792 |  0.113408
 8 |  3776 |  0.113408
 8 |  3760 |  0.113408
 8 |  3744 |  0.113408
 8 |  3728 |  0.113408
 8 |  3712 |  0.113408
 8 |  3696 |  0.113408
 8 |  3680 |  0.113408
 8 |  3664 |  0.113408
 8 |  3648 |  0.113408
 8 |  3632 |  0.113408
 8 |  3616 |  0.113408
 8 |  3600 |  0.113408
 8 |  3584 |  0.113408
 8 |  3568 |  0.113408
 8 |  3552 |  0.113408
 8 |  3536 |  0.113408
 8 |  3520 |  0.113408
 8 |  3504 |  0.113408
 8 |  3488 |  0.113408
 8 |  3472 |  0.113408
 8 |  3456 |  0.113408
 8 |  3440 |  0.113408
 8 |  3424 |  0.113408
 8 |  3408 |  0.113408
 8 |  3392 |  0.113408
 8 |  3376 |  0.113408
 8 |  3360 |  0.113408
 8 |  3344 |  0.113408
 8 |  3328 |  0.113408
 8 |  3312 |  0.113408
 8 |  3296 |  0.113408
 8 |  3280 |  0.113408
 8 |  3264 |  0.113408
 8 |  3248 |  0.113408
 8 |  3232 |  0.113408
 8 |  3216 |  0.113408
 8 |  3200 |  0.113408
 8 |  3184 |  0.113408
 8 |  3168 |  0.113408
 8 |  3152 |  0.113408
 8 |  3136 |  0.113408
 8 |  3120 |  0.113408
 8 |  3104 |  0.113408
 8 |  3088 |  0.113408
 8 |  3072 |  0.113408
 8 |  3056 |  0.113408
 8 |  3040 |  0.113408
 8 |  3024 |  0.113408
 8 |  3008 |  0.113408
 8 |  2992 |  0.113408
 8 |  2976 |  0.113408
 8 |  2960 |  0.113408
 8 |  2944 |  0.113408
 8 |  2928 |  0.113408
 8 |  2912 |  0.113408
 8 |  2896 |  0.113408
 8 |  2880 |  0.113408
 8 |  2864 |  0.113408
 8 |  2848 |  0.113408
 8 |  2832 |  0.113408
 8 |  2816 |  0.113408
 8 |  2800 |  0.113408
 8 |  2784 |  0.113408
 8 |  2768 |  0.113408
 8 |  2752 |  0.113408
 8 |  2736 |  0.113408
 8 |  2720 |  0.113408
 8 |  2704 |  0.113408
 8 |  2688 |  0.113408
 8 |  2672 |  0.113408
 8 |  2656 |  0.113408
 8 |  2640 |  0.113408
 8 |  2624 |  0.113408
 8 |  2608 |  0.113408
 8 |  2592 |  0.113408
 8 |  2576 |  0.113408
 8 |  2560 |  0.113408
 8 |  2544 |  0.113408
 8 |  2528 |  0.113408
 8 |  2512 |  0.113408
 8 |  2496 |  0.113408
 8 |  2480 |  0.113408
 8 |  2464 |  0.113408
 8 |  2448 |  0.113408
 8 |  2432 |  0.113408
 8 |  2416 |  0.113408
 8 |  2400 |  0.113408
 8 |  2384 |  0.113408
 8 |  2368 |  0.113408
 8 |  2352 |  0.113408
 8 |  2336 |  0.113408
 8 |  2320 |  0.113408
 8 |  2304 |  0.113408
 8 |  2288 |  0.113408
 8 |  2272 |  0.113408
 8 |  2256 |  0.113408
 8 |  2240 |  0.113408
 8 |  2224 |  0.113408
 8 |  2208 |  0.113408
 8 |  2192 |  0.113408
 8 |  2176 |  0.113408
 8 |  2160 |  0.113408
 8 |  2144 |  0.113408
 8 |  2128 |  0.113408
 8 |  2112 |  0.113408
 8 |  2096 |  0.113408
 8 |  2080 |  0.113408
 8 |  2064 |  0.113408
 8 |  2048 |  0.113408
 8 |  2032 |  0.113408
 8 |  2016 |  0.113408
 8 |  2000 |  0.113408
 8 |  1984 |  0.113408
 8 |  1968 |  0.113408
 8 |  1952 |  0.113408
 8 |  1936 |  0.113408
 8 |  1920 |  0.113408
 8 |  1904 |  0.113408
 8 |  1888 |  0.113408
 8 |  1872 |  0.113408
 8 |  1856 |  0.113408
 8 |  1840 |  0.113408
 8 |  1824 |  0.113408
 8 |  1808 |  0.113408
 8 |  1792 |  0.113408
 8 |  1776 |  0.113408
 8 |  1760 |  0.113408
 8 |  1744 |  0.113408
 8 |  1728 |  0.113408
 8 |  1712 |  0.113408
 8 |  1696 |  0.113408
 8 |  1680 |  0.113408
 8 |  1664 |  0.113408
 8 |  1648 |  0.113408
 8 |  1632 |  0.113408
 8 |  1616 |  0.113408
 8 |  1600 |  0.113408
 8 |  1584 |  0.113408
 8 |  1568 |  0.113408
 8 |  1552 |  0.113408
 8 |  1536 |  0.113408
 8 |  1520 |  0.113408
 8 |  1504 |  0.113408
 8 |  1488 |  0.113408
 8 |  1472 |  0.113408
 8 |  1456 |  0.113408
 8 |  1440 |  0.113408
 8 |  1424 |  0.113408
 8 |  1408 |  0.113408
 8 |  1392 |  0.113408
 8 |  1376 |  0.113408
 8 |  1360 |  0.113408
 8 |  1344 |  0.113408
 8 |  1328 |  0.113408
 8 |  1312 |  0.113408
 8 |  1296 |  0.113408
 8 |  1280 |  0.113408
 8 |  1264 |  0.113408
 8 |  1248 |  0.113408
 8 |  1232 |  0.113408
 8 |  1216 |  0.113408
 8 |  1200 |  0.113408
 8 |  1184 |  0.113408
 8 |  1168 |  0.113408
 8 |  1152 |  0.113408
 8 |  1136 |  0.113408
 8 |  1120 |  0.113408
 8 |  1104 |  0.113408
 8 |  1088 |  0.113408
 8 |  1072 |  0.113408
 8 |  1056 |  0.113408
 8 |  1040 |  0.113408
 8 |  1024 |  0.113408
 8 |  1008 |  0.113408
 8 |  992 |  0.113408
 8 |  976 |  0.113408
 8 |  960 |  0.113408
 8 |  944 |  0.113408
 8 |  928 |  0.113408
 8 |  912 |  0.113408
 8 |  896 |  0.113408
 8 |  880 |  0.113408
 8 |  864 |  0.113408
 8 |  848 |  0.113408
 8 |  832 |  0.113408
 8 |  816 |  0.113408
 8 |  800 |  0.113408
 8 |  784 |  0.113408
 8 |  768 |  0.113408
 8 |  752 |  0.113408
 8 |  736 |  0.113408
 8 |  720 |  0.113408
 8 |  704 |  0.113408
 8 |  688 |  0.113408
 8 |  672 |  0.113408
 8 |  656 |  0.113408
 8 |  640 |  0.113408
 8 |  624 |  0.113408
 8 |  608 |  0.113408
 8 |  592 |  0.113408
 8 |  576 |  0.113408
 8 |  560 |  0.113408
 8 |  544 |  0.113408
 8 |  528 |  0.113408
 8 |  512 |  0.113408
 8 |  496 |  0.113408
 8 |  480 |  0.113408
 8 |  464 |  0.113408
 8 |  448 |  0.113408
 8 |  432 |  0.113408
 8 |  416 |  0.113408
 8 |  400 |  0.113408
 8 |  384 |  0.113408
 8 |  368 |  0.113408
 8 |  352 |  0.113408
 8 |  336 |  0.113408
 8 |  320 |  0.113408
 8 |  304 |  0.113408
 8 |  288 |  0.113408
 8 |  272 |  0.113408
 8 |  256 |  0.113408
 8 |  240 |  0.113408
 8 |  224 |  0.113408
 8 |  208 |  0.113408
 8 |  192 |  0.113408
 8 |  176 |  0.113408
 8 |  160 |  0.113408
 8 |  144 |  0.113408
 8 |  128 |  0.113408
 8 |  112 |  0.113408
 8 |  96 |  0.113408
 8 |  80 |  0.113408
 8 |  64 |  0.113408
 8 |  48 |  0.113408
 8 |  32 |  0.113408
 8 |  16 |  0.113408
