num_tree | num_queries | time_taken
 2 |  8184 |  0.111776
 2 |  8176 |  0.096032
 2 |  8168 |  0.064256
 2 |  8160 |  0.065408
 2 |  8152 |  0.168256
 2 |  8144 |  0.111616
 2 |  8136 |  0.113568
 2 |  8128 |  0.131488
 2 |  8120 |  0.126976
 2 |  8112 |  0.120160
 2 |  8104 |  0.217280
 2 |  8096 |  0.122880
 2 |  8088 |  0.053248
 2 |  8080 |  0.110592
 2 |  8072 |  0.137120
 2 |  8064 |  0.115552
 2 |  8056 |  0.082016
 2 |  8048 |  0.142656
 2 |  8040 |  0.106368
 2 |  8032 |  0.113856
 2 |  8024 |  0.105984
 2 |  8016 |  0.104448
 2 |  8008 |  0.074208
 2 |  8000 |  0.070656
 2 |  7992 |  0.096512
 2 |  7984 |  0.167616
 2 |  7976 |  0.095552
 2 |  7968 |  0.092736
 2 |  7960 |  0.109120
 2 |  7952 |  0.119808
 2 |  7944 |  0.109632
 2 |  7936 |  0.118944
 2 |  7928 |  0.092256
 2 |  7920 |  0.115712
 2 |  7912 |  0.103200
 2 |  7904 |  0.053248
 2 |  7896 |  0.094592
 2 |  7888 |  0.135168
 2 |  7880 |  0.055136
 2 |  7872 |  0.135552
 2 |  7864 |  0.095232
 2 |  7856 |  0.109312
 2 |  7848 |  0.110592
 2 |  7840 |  0.060416
 2 |  7832 |  0.119776
 2 |  7824 |  0.100352
 2 |  7816 |  0.132224
 2 |  7808 |  0.148800
 2 |  7800 |  0.096256
 2 |  7792 |  0.095872
 2 |  7784 |  0.103424
 2 |  7776 |  0.072704
 2 |  7768 |  0.071872
 2 |  7760 |  0.138112
 2 |  7752 |  0.058528
 2 |  7744 |  0.136320
 2 |  7736 |  0.094912
 2 |  7728 |  0.084992
 2 |  7720 |  0.126144
 2 |  7712 |  0.087040
 2 |  7704 |  0.065536
 2 |  7696 |  0.159232
 2 |  7688 |  0.101952
 2 |  7680 |  0.101344
 2 |  7672 |  0.064864
 2 |  7664 |  0.148352
 2 |  7656 |  0.077472
 2 |  7648 |  0.122880
 2 |  7640 |  0.097280
 2 |  7632 |  0.117568
 2 |  7624 |  0.123904
 2 |  7616 |  0.107040
 2 |  7608 |  0.105440
 2 |  7600 |  0.072576
 2 |  7592 |  0.139392
 2 |  7584 |  0.093440
 2 |  7576 |  0.061248
 2 |  7568 |  0.096480
 2 |  7560 |  0.098528
 2 |  7552 |  0.077376
 2 |  7544 |  0.099328
 2 |  7536 |  0.087040
 2 |  7528 |  0.067904
 2 |  7520 |  0.094816
 2 |  7512 |  0.092896
 2 |  7504 |  0.106560
 2 |  7496 |  0.085728
 2 |  7488 |  0.107712
 2 |  7480 |  0.084960
 2 |  7472 |  0.088864
 2 |  7464 |  0.116704
 2 |  7456 |  0.104960
 2 |  7448 |  0.231040
 2 |  7440 |  0.104448
 2 |  7432 |  0.139264
 2 |  7424 |  0.119456
 2 |  7416 |  0.099328
 2 |  7408 |  0.064512
 2 |  7400 |  0.113664
 2 |  7392 |  0.101536
 2 |  7384 |  0.094272
 2 |  7376 |  0.172864
 2 |  7368 |  0.120096
 2 |  7360 |  0.085984
 2 |  7352 |  0.109280
 2 |  7344 |  0.092896
 2 |  7336 |  0.104448
 2 |  7328 |  0.079968
 2 |  7320 |  0.066560
 2 |  7312 |  0.055904
 2 |  7304 |  0.083200
 2 |  7296 |  0.061600
 2 |  7288 |  0.063648
 2 |  7280 |  0.117664
 2 |  7272 |  0.192064
 2 |  7264 |  0.079904
 2 |  7256 |  0.083008
 2 |  7248 |  0.080896
 2 |  7240 |  0.065536
 2 |  7232 |  0.107456
 2 |  7224 |  0.059936
 2 |  7216 |  0.102656
 2 |  7208 |  0.106496
 2 |  7200 |  0.103808
 2 |  7192 |  0.079872
 2 |  7184 |  0.123488
 2 |  7176 |  0.095072
 2 |  7168 |  0.124928
 2 |  7160 |  0.076800
 2 |  7152 |  0.088064
 2 |  7144 |  0.114432
 2 |  7136 |  0.075680
 2 |  7128 |  0.073728
 2 |  7120 |  0.079104
 2 |  7112 |  0.107328
 2 |  7104 |  0.111904
 2 |  7096 |  0.133952
 2 |  7088 |  0.141376
 2 |  7080 |  0.103424
 2 |  7072 |  0.099712
 2 |  7064 |  0.120000
 2 |  7056 |  0.143360
 2 |  7048 |  0.099232
 2 |  7040 |  0.093664
 2 |  7032 |  0.102272
 2 |  7024 |  0.102272
 2 |  7016 |  0.072992
 2 |  7008 |  0.146784
 2 |  7000 |  0.103840
 2 |  6992 |  0.098272
 2 |  6984 |  0.093440
 2 |  6976 |  0.093184
 2 |  6968 |  0.069888
 2 |  6960 |  0.102784
 2 |  6952 |  0.098976
 2 |  6944 |  0.063488
 2 |  6936 |  0.134720
 2 |  6928 |  0.095808
 2 |  6920 |  0.089056
 2 |  6912 |  0.051200
 2 |  6904 |  0.121152
 2 |  6896 |  0.134240
 2 |  6888 |  0.095232
 2 |  6880 |  0.130048
 2 |  6872 |  0.117760
 2 |  6864 |  0.082912
 2 |  6856 |  0.114592
 2 |  6848 |  0.093184
 2 |  6840 |  0.109632
 2 |  6832 |  0.082720
 2 |  6824 |  0.093696
 2 |  6816 |  0.116608
 2 |  6808 |  0.109280
 2 |  6800 |  0.098560
 2 |  6792 |  0.120736
 2 |  6784 |  0.087040
 2 |  6776 |  0.076576
 2 |  6768 |  0.104448
 2 |  6760 |  0.086016
 2 |  6752 |  0.057888
 2 |  6744 |  0.150528
 2 |  6736 |  0.086016
 2 |  6728 |  0.112928
 2 |  6720 |  0.073760
 2 |  6712 |  0.113504
 2 |  6704 |  0.089312
 2 |  6696 |  0.122880
 2 |  6688 |  0.089088
 2 |  6680 |  0.085184
 2 |  6672 |  0.187424
 2 |  6664 |  0.083680
 2 |  6656 |  0.109088
 2 |  6648 |  0.101248
 2 |  6640 |  0.133120
 2 |  6632 |  0.063584
 2 |  6624 |  0.134240
 2 |  6616 |  0.107872
 2 |  6608 |  0.104384
 2 |  6600 |  0.095232
 2 |  6592 |  0.113664
 2 |  6584 |  0.087840
 2 |  6576 |  0.128064
 2 |  6568 |  0.096064
 2 |  6560 |  0.073088
 2 |  6552 |  0.089120
 2 |  6544 |  0.130432
 2 |  6536 |  0.106304
 2 |  6528 |  0.132928
 2 |  6520 |  0.081440
 2 |  6512 |  0.169504
 2 |  6504 |  0.110432
 2 |  6496 |  0.106208
 2 |  6488 |  0.112960
 2 |  6480 |  0.143360
 2 |  6472 |  0.113664
 2 |  6464 |  0.098400
 2 |  6456 |  0.081888
 2 |  6448 |  0.094368
 2 |  6440 |  0.092160
 2 |  6432 |  0.126976
 2 |  6424 |  0.145312
 2 |  6416 |  0.112544
 2 |  6408 |  0.083840
 2 |  6400 |  0.128768
 2 |  6392 |  0.074048
 2 |  6384 |  0.128864
 2 |  6376 |  0.144416
 2 |  6368 |  0.105824
 2 |  6360 |  0.115072
 2 |  6352 |  0.087040
 2 |  6344 |  0.095232
 2 |  6336 |  0.099328
 2 |  6328 |  0.099456
 2 |  6320 |  0.148480
 2 |  6312 |  0.133280
 2 |  6304 |  0.070528
 2 |  6296 |  0.154656
 2 |  6288 |  0.099072
 2 |  6280 |  0.092160
 2 |  6272 |  0.078336
 2 |  6264 |  0.082944
 2 |  6256 |  0.097760
 2 |  6248 |  0.066592
 2 |  6240 |  0.132000
 2 |  6232 |  0.122304
 2 |  6224 |  0.075776
 2 |  6216 |  0.110656
 2 |  6208 |  0.073216
 2 |  6200 |  0.109568
 2 |  6192 |  0.111232
 2 |  6184 |  0.104960
 2 |  6176 |  0.131072
 2 |  6168 |  0.110336
 2 |  6160 |  0.125088
 2 |  6152 |  0.136096
 2 |  6144 |  0.088672
 2 |  6136 |  0.107520
 2 |  6128 |  0.106304
 2 |  6120 |  0.094432
 2 |  6112 |  0.069856
 2 |  6104 |  0.124896
 2 |  6096 |  0.109760
 2 |  6088 |  0.074528
 2 |  6080 |  0.099584
 2 |  6072 |  0.116864
 2 |  6064 |  0.095232
 2 |  6056 |  0.070592
 2 |  6048 |  0.093184
 2 |  6040 |  0.067232
 2 |  6032 |  0.077856
 2 |  6024 |  0.093440
 2 |  6016 |  0.148096
 2 |  6008 |  0.098688
 2 |  6000 |  0.071840
 2 |  5992 |  0.077824
 2 |  5984 |  0.103648
 2 |  5976 |  0.108544
 2 |  5968 |  0.082784
 2 |  5960 |  0.073504
 2 |  5952 |  0.076128
 2 |  5944 |  0.111648
 2 |  5936 |  0.076064
 2 |  5928 |  0.094624
 2 |  5920 |  0.136864
 2 |  5912 |  0.104448
 2 |  5904 |  0.137216
 2 |  5896 |  0.059424
 2 |  5888 |  0.130912
 2 |  5880 |  0.172736
 2 |  5872 |  0.113216
 2 |  5864 |  0.096256
 2 |  5856 |  0.083008
 2 |  5848 |  0.142304
 2 |  5840 |  0.117760
 2 |  5832 |  0.097280
 2 |  5824 |  0.102400
 2 |  5816 |  0.103424
 2 |  5808 |  0.100608
 2 |  5800 |  0.093184
 2 |  5792 |  0.078848
 2 |  5784 |  0.105792
 2 |  5776 |  0.114560
 2 |  5768 |  0.131040
 2 |  5760 |  0.133120
 2 |  5752 |  0.092256
 2 |  5744 |  0.107488
 2 |  5736 |  0.114592
 2 |  5728 |  0.116352
 2 |  5720 |  0.084352
 2 |  5712 |  0.092960
 2 |  5704 |  0.126240
 2 |  5696 |  0.157600
 2 |  5688 |  0.086944
 2 |  5680 |  0.137216
 2 |  5672 |  0.092160
 2 |  5664 |  0.101376
 2 |  5656 |  0.109568
 2 |  5648 |  0.126944
 2 |  5640 |  0.103392
 2 |  5632 |  0.108544
 2 |  5624 |  0.114784
 2 |  5616 |  0.100352
 2 |  5608 |  0.096256
 2 |  5600 |  0.102400
 2 |  5592 |  0.105056
 2 |  5584 |  0.145248
 2 |  5576 |  0.081728
 2 |  5568 |  0.109568
 2 |  5560 |  0.153600
 2 |  5552 |  0.097312
 2 |  5544 |  0.098752
 2 |  5536 |  0.114432
 2 |  5528 |  0.112640
 2 |  5520 |  0.080896
 2 |  5512 |  0.091136
 2 |  5504 |  0.122592
 2 |  5496 |  0.063488
 2 |  5488 |  0.162976
 2 |  5480 |  0.113024
 2 |  5472 |  0.078336
 2 |  5464 |  0.146208
 2 |  5456 |  0.133920
 2 |  5448 |  0.075168
 2 |  5440 |  0.149504
 2 |  5432 |  0.100352
 2 |  5424 |  0.122464
 2 |  5416 |  0.068608
 2 |  5408 |  0.118784
 2 |  5400 |  0.113664
 2 |  5392 |  0.128960
 2 |  5384 |  0.110496
 2 |  5376 |  0.066560
 2 |  5368 |  0.142336
 2 |  5360 |  0.111616
 2 |  5352 |  0.115744
 2 |  5344 |  0.116736
 2 |  5336 |  0.125696
 2 |  5328 |  0.093280
 2 |  5320 |  0.058368
 2 |  5312 |  0.094208
 2 |  5304 |  0.175488
 2 |  5296 |  0.194656
 2 |  5288 |  0.076800
 2 |  5280 |  0.106720
 2 |  5272 |  0.130048
 2 |  5264 |  0.099296
 2 |  5256 |  0.102400
 2 |  5248 |  0.126976
 2 |  5240 |  0.138176
 2 |  5232 |  0.096256
 2 |  5224 |  0.160768
 2 |  5216 |  0.107520
 2 |  5208 |  0.099968
 2 |  5200 |  0.121856
 2 |  5192 |  0.144000
 2 |  5184 |  0.107520
 2 |  5176 |  0.114688
 2 |  5168 |  0.097280
 2 |  5160 |  0.080544
 2 |  5152 |  0.089088
 2 |  5144 |  0.112384
 2 |  5136 |  0.112544
 2 |  5128 |  0.082912
 2 |  5120 |  0.107328
 2 |  5112 |  0.096256
 2 |  5104 |  0.154976
 2 |  5096 |  0.145408
 2 |  5088 |  0.103424
 2 |  5080 |  0.099328
 2 |  5072 |  0.090304
 2 |  5064 |  0.093184
 2 |  5056 |  0.065728
 2 |  5048 |  0.087712
 2 |  5040 |  0.142336
 2 |  5032 |  0.112640
 2 |  5024 |  0.131040
 2 |  5016 |  0.058912
 2 |  5008 |  0.104000
 2 |  5000 |  0.105632
 2 |  4992 |  0.107520
 2 |  4984 |  0.067616
 2 |  4976 |  0.056480
 2 |  4968 |  0.096544
 2 |  4960 |  0.112640
 2 |  4952 |  0.118784
 2 |  4944 |  0.121856
 2 |  4936 |  0.113216
 2 |  4928 |  0.090112
 2 |  4920 |  0.160960
 2 |  4912 |  0.053664
 2 |  4904 |  0.130304
 2 |  4896 |  0.097856
 2 |  4888 |  0.088064
 2 |  4880 |  0.123200
 2 |  4872 |  0.113664
 2 |  4864 |  0.091072
 2 |  4856 |  0.106656
 2 |  4848 |  0.088960
 2 |  4840 |  0.085856
 2 |  4832 |  0.113920
 2 |  4824 |  0.123968
 2 |  4816 |  0.097920
 2 |  4808 |  0.159744
 2 |  4800 |  0.116480
 2 |  4792 |  0.115712
 2 |  4784 |  0.139744
 2 |  4776 |  0.104800
 2 |  4768 |  0.101792
 2 |  4760 |  0.101504
 2 |  4752 |  0.192512
 2 |  4744 |  0.104000
 2 |  4736 |  0.108768
 2 |  4728 |  0.096256
 2 |  4720 |  0.164448
 2 |  4712 |  0.110336
 2 |  4704 |  0.184256
 2 |  4696 |  0.083968
 2 |  4688 |  0.111936
 2 |  4680 |  0.098176
 2 |  4672 |  0.107200
 2 |  4664 |  0.103104
 2 |  4656 |  0.057024
 2 |  4648 |  0.078528
 2 |  4640 |  0.117280
 2 |  4632 |  0.121856
 2 |  4624 |  0.100352
 2 |  4616 |  0.084000
 2 |  4608 |  0.135168
 2 |  4600 |  0.106240
 2 |  4592 |  0.099328
 2 |  4584 |  0.079072
 2 |  4576 |  0.079872
 2 |  4568 |  0.084992
 2 |  4560 |  0.137120
 2 |  4552 |  0.079872
 2 |  4544 |  0.096256
 2 |  4536 |  0.151136
 2 |  4528 |  0.137280
 2 |  4520 |  0.083072
 2 |  4512 |  0.181248
 2 |  4504 |  0.068768
 2 |  4496 |  0.069664
 2 |  4488 |  0.089088
 2 |  4480 |  0.128000
 2 |  4472 |  0.122880
 2 |  4464 |  0.115680
 2 |  4456 |  0.104448
 2 |  4448 |  0.152896
 2 |  4440 |  0.153696
 2 |  4432 |  0.071584
 2 |  4424 |  0.136576
 2 |  4416 |  0.129248
 2 |  4408 |  0.107136
 2 |  4400 |  0.121728
 2 |  4392 |  0.104448
 2 |  4384 |  0.094208
 2 |  4376 |  0.111456
 2 |  4368 |  0.090112
 2 |  4360 |  0.084064
 2 |  4352 |  0.140288
 2 |  4344 |  0.084224
 2 |  4336 |  0.092160
 2 |  4328 |  0.103424
 2 |  4320 |  0.115808
 2 |  4312 |  0.105472
 2 |  4304 |  0.118080
 2 |  4296 |  0.093024
 2 |  4288 |  0.132480
 2 |  4280 |  0.089056
 2 |  4272 |  0.089216
 2 |  4264 |  0.126976
 2 |  4256 |  0.112384
 2 |  4248 |  0.096160
 2 |  4240 |  0.113984
 2 |  4232 |  0.066592
 2 |  4224 |  0.097952
 2 |  4216 |  0.147456
 2 |  4208 |  0.083968
 2 |  4200 |  0.087040
 2 |  4192 |  0.133280
 2 |  4184 |  0.148544
 2 |  4176 |  0.145600
 2 |  4168 |  0.099328
 2 |  4160 |  0.076256
 2 |  4152 |  0.101312
 2 |  4144 |  0.164832
 2 |  4136 |  0.124928
 2 |  4128 |  0.114080
 2 |  4120 |  0.109568
 2 |  4112 |  0.116736
 2 |  4104 |  0.114688
 2 |  4096 |  0.143968
 2 |  4088 |  0.076800
 2 |  4080 |  0.119104
 2 |  4072 |  0.101248
 2 |  4064 |  0.065504
 2 |  4056 |  0.097280
 2 |  4048 |  0.076736
 2 |  4040 |  0.109152
 2 |  4032 |  0.073920
 2 |  4024 |  0.080704
 2 |  4016 |  0.072736
 2 |  4008 |  0.097280
 2 |  4000 |  0.129984
 2 |  3992 |  0.073728
 2 |  3984 |  0.094208
 2 |  3976 |  0.064256
 2 |  3968 |  0.134976
 2 |  3960 |  0.084992
 2 |  3952 |  0.117760
 2 |  3944 |  0.116544
 2 |  3936 |  0.152576
 2 |  3928 |  0.185344
 2 |  3920 |  0.101248
 2 |  3912 |  0.085152
 2 |  3904 |  0.181216
 2 |  3896 |  0.100352
 2 |  3888 |  0.070656
 2 |  3880 |  0.109568
 2 |  3872 |  0.134144
 2 |  3864 |  0.119808
 2 |  3856 |  0.064736
 2 |  3848 |  0.106496
 2 |  3840 |  0.186624
 2 |  3832 |  0.135776
 2 |  3824 |  0.134144
 2 |  3816 |  0.063488
 2 |  3808 |  0.154624
 2 |  3800 |  0.105984
 2 |  3792 |  0.132096
 2 |  3784 |  0.097536
 2 |  3776 |  0.088064
 2 |  3768 |  0.086016
 2 |  3760 |  0.120544
 2 |  3752 |  0.110848
 2 |  3744 |  0.133952
 2 |  3736 |  0.110784
 2 |  3728 |  0.088064
 2 |  3720 |  0.094080
 2 |  3712 |  0.090112
 2 |  3704 |  0.103424
 2 |  3696 |  0.087872
 2 |  3688 |  0.129344
 2 |  3680 |  0.112736
 2 |  3672 |  0.118752
 2 |  3664 |  0.113664
 2 |  3656 |  0.072704
 2 |  3648 |  0.100512
 2 |  3640 |  0.098304
 2 |  3632 |  0.104352
 2 |  3624 |  0.089664
 2 |  3616 |  0.122880
 2 |  3608 |  0.110496
 2 |  3600 |  0.079872
 2 |  3592 |  0.083264
 2 |  3584 |  0.136192
 2 |  3576 |  0.132096
 2 |  3568 |  0.157760
 2 |  3560 |  0.154624
 2 |  3552 |  0.082944
 2 |  3544 |  0.072672
 2 |  3536 |  0.121376
 2 |  3528 |  0.112896
 2 |  3520 |  0.085696
 2 |  3512 |  0.098304
 2 |  3504 |  0.069120
 2 |  3496 |  0.089344
 2 |  3488 |  0.177088
 2 |  3480 |  0.175968
 2 |  3472 |  0.056288
 2 |  3464 |  0.161856
 2 |  3456 |  0.156896
 2 |  3448 |  0.087040
 2 |  3440 |  0.136160
 2 |  3432 |  0.106496
 2 |  3424 |  0.110464
 2 |  3416 |  0.106112
 2 |  3408 |  0.100000
 2 |  3400 |  0.103200
 2 |  3392 |  0.111456
 2 |  3384 |  0.128192
 2 |  3376 |  0.098208
 2 |  3368 |  0.142208
 2 |  3360 |  0.101824
 2 |  3352 |  0.131936
 2 |  3344 |  0.078208
 2 |  3336 |  0.106496
 2 |  3328 |  0.075776
 2 |  3320 |  0.091136
 2 |  3312 |  0.101440
 2 |  3304 |  0.076992
 2 |  3296 |  0.095328
 2 |  3288 |  0.124352
 2 |  3280 |  0.088704
 2 |  3272 |  0.104448
 2 |  3264 |  0.084992
 2 |  3256 |  0.069088
 2 |  3248 |  0.086016
 2 |  3240 |  0.185312
 2 |  3232 |  0.126976
 2 |  3224 |  0.212832
 2 |  3216 |  0.083968
 2 |  3208 |  0.104288
 2 |  3200 |  0.117312
 2 |  3192 |  0.073696
 2 |  3184 |  0.088928
 2 |  3176 |  0.116224
 2 |  3168 |  0.135552
 2 |  3160 |  0.133120
 2 |  3152 |  0.115424
 2 |  3144 |  0.153600
 2 |  3136 |  0.119488
 2 |  3128 |  0.113824
 2 |  3120 |  0.101376
 2 |  3112 |  0.107520
 2 |  3104 |  0.159616
 2 |  3096 |  0.149408
 2 |  3088 |  0.103456
 2 |  3080 |  0.141312
 2 |  3072 |  0.061440
 2 |  3064 |  0.076192
 2 |  3056 |  0.113408
 2 |  3048 |  0.080896
 2 |  3040 |  0.099328
 2 |  3032 |  0.115712
 2 |  3024 |  0.082944
 2 |  3016 |  0.079648
 2 |  3008 |  0.115712
 2 |  3000 |  0.066432
 2 |  2992 |  0.153600
 2 |  2984 |  0.162080
 2 |  2976 |  0.151552
 2 |  2968 |  0.122880
 2 |  2960 |  0.124928
 2 |  2952 |  0.109600
 2 |  2944 |  0.114592
 2 |  2936 |  0.108384
 2 |  2928 |  0.110592
 2 |  2920 |  0.079232
 2 |  2912 |  0.152768
 2 |  2904 |  0.157696
 2 |  2896 |  0.113280
 2 |  2888 |  0.102400
 2 |  2880 |  0.119872
 2 |  2872 |  0.120832
 2 |  2864 |  0.103136
 2 |  2856 |  0.067392
 2 |  2848 |  0.115584
 2 |  2840 |  0.137216
 2 |  2832 |  0.079744
 2 |  2824 |  0.103712
 2 |  2816 |  0.114688
 2 |  2808 |  0.130720
 2 |  2800 |  0.125376
 2 |  2792 |  0.065440
 2 |  2784 |  0.082912
 2 |  2776 |  0.120832
 2 |  2768 |  0.131072
 2 |  2760 |  0.126464
 2 |  2752 |  0.139168
 2 |  2744 |  0.131936
 2 |  2736 |  0.060960
 2 |  2728 |  0.116736
 2 |  2720 |  0.116736
 2 |  2712 |  0.106496
 2 |  2704 |  0.104896
 2 |  2696 |  0.089088
 2 |  2688 |  0.134304
 2 |  2680 |  0.143360
 2 |  2672 |  0.107168
 2 |  2664 |  0.106176
 2 |  2656 |  0.145184
 2 |  2648 |  0.114560
 2 |  2640 |  0.095968
 2 |  2632 |  0.119680
 2 |  2624 |  0.119776
 2 |  2616 |  0.143360
 2 |  2608 |  0.119616
 2 |  2600 |  0.161792
 2 |  2592 |  0.112704
 2 |  2584 |  0.126976
 2 |  2576 |  0.100832
 2 |  2568 |  0.078176
 2 |  2560 |  0.084960
 2 |  2552 |  0.065536
 2 |  2544 |  0.102144
 2 |  2536 |  0.124928
 2 |  2528 |  0.124640
 2 |  2520 |  0.139264
 2 |  2512 |  0.112800
 2 |  2504 |  0.146272
 2 |  2496 |  0.091296
 2 |  2488 |  0.099200
 2 |  2480 |  0.131072
 2 |  2472 |  0.122880
 2 |  2464 |  0.102176
 2 |  2456 |  0.113728
 2 |  2448 |  0.108608
 2 |  2440 |  0.121184
 2 |  2432 |  0.118240
 2 |  2424 |  0.122144
 2 |  2416 |  0.065056
 2 |  2408 |  0.084544
 2 |  2400 |  0.113664
 2 |  2392 |  0.093280
 2 |  2384 |  0.161792
 2 |  2376 |  0.095680
 2 |  2368 |  0.119520
 2 |  2360 |  0.111616
 2 |  2352 |  0.066560
 2 |  2344 |  0.114752
 2 |  2336 |  0.086016
 2 |  2328 |  0.084000
 2 |  2320 |  0.128640
 2 |  2312 |  0.108544
 2 |  2304 |  0.106496
 2 |  2296 |  0.076064
 2 |  2288 |  0.117376
 2 |  2280 |  0.103520
 2 |  2272 |  0.108672
 2 |  2264 |  0.119168
 2 |  2256 |  0.164096
 2 |  2248 |  0.107008
 2 |  2240 |  0.118464
 2 |  2232 |  0.080320
 2 |  2224 |  0.105472
 2 |  2216 |  0.094816
 2 |  2208 |  0.092064
 2 |  2200 |  0.116736
 2 |  2192 |  0.137440
 2 |  2184 |  0.122848
 2 |  2176 |  0.083936
 2 |  2168 |  0.086688
 2 |  2160 |  0.137664
 2 |  2152 |  0.124352
 2 |  2144 |  0.123904
 2 |  2136 |  0.061440
 2 |  2128 |  0.125952
 2 |  2120 |  0.107808
 2 |  2112 |  0.089824
 2 |  2104 |  0.127712
 2 |  2096 |  0.109568
 2 |  2088 |  0.117760
 2 |  2080 |  0.119808
 2 |  2072 |  0.105632
 2 |  2064 |  0.132096
 2 |  2056 |  0.123872
 2 |  2048 |  0.100256
 2 |  2040 |  0.141632
 2 |  2032 |  0.101376
 2 |  2024 |  0.098304
 2 |  2016 |  0.131904
 2 |  2008 |  0.126976
 2 |  2000 |  0.067584
 2 |  1992 |  0.103584
 2 |  1984 |  0.102400
 2 |  1976 |  0.115712
 2 |  1968 |  0.055136
 2 |  1960 |  0.144960
 2 |  1952 |  0.097280
 2 |  1944 |  0.070656
 2 |  1936 |  0.095232
 2 |  1928 |  0.084992
 2 |  1920 |  0.091456
 2 |  1912 |  0.160192
 2 |  1904 |  0.071680
 2 |  1896 |  0.093184
 2 |  1888 |  0.115648
 2 |  1880 |  0.123904
 2 |  1872 |  0.098656
 2 |  1864 |  0.142336
 2 |  1856 |  0.097568
 2 |  1848 |  0.080864
 2 |  1840 |  0.095808
 2 |  1832 |  0.073728
 2 |  1824 |  0.122880
 2 |  1816 |  0.113984
 2 |  1808 |  0.114688
 2 |  1800 |  0.094144
 2 |  1792 |  0.153504
 2 |  1784 |  0.115712
 2 |  1776 |  0.112096
 2 |  1768 |  0.121856
 2 |  1760 |  0.102400
 2 |  1752 |  0.099040
 2 |  1744 |  0.073728
 2 |  1736 |  0.088096
 2 |  1728 |  0.096480
 2 |  1720 |  0.094208
 2 |  1712 |  0.143936
 2 |  1704 |  0.101376
 2 |  1696 |  0.098304
 2 |  1688 |  0.101024
 2 |  1680 |  0.075776
 2 |  1672 |  0.139392
 2 |  1664 |  0.078048
 2 |  1656 |  0.117024
 2 |  1648 |  0.072032
 2 |  1640 |  0.094208
 2 |  1632 |  0.126336
 2 |  1624 |  0.159296
 2 |  1616 |  0.123584
 2 |  1608 |  0.103424
 2 |  1600 |  0.112512
 2 |  1592 |  0.136192
 2 |  1584 |  0.075776
 2 |  1576 |  0.134080
 2 |  1568 |  0.134176
 2 |  1560 |  0.071520
 2 |  1552 |  0.102400
 2 |  1544 |  0.120896
 2 |  1536 |  0.188416
 2 |  1528 |  0.087808
 2 |  1520 |  0.147136
 2 |  1512 |  0.129920
 2 |  1504 |  0.107520
 2 |  1496 |  0.106496
 2 |  1488 |  0.093536
 2 |  1480 |  0.133216
 2 |  1472 |  0.081632
 2 |  1464 |  0.107616
 2 |  1456 |  0.105152
 2 |  1448 |  0.107264
 2 |  1440 |  0.136224
 2 |  1432 |  0.147712
 2 |  1424 |  0.097280
 2 |  1416 |  0.307136
 2 |  1408 |  0.091136
 2 |  1400 |  0.129568
 2 |  1392 |  0.072960
 2 |  1384 |  0.155648
 2 |  1376 |  0.100992
 2 |  1368 |  0.111840
 2 |  1360 |  0.088064
 2 |  1352 |  0.088000
 2 |  1344 |  0.104448
 2 |  1336 |  0.113536
 2 |  1328 |  0.095232
 2 |  1320 |  0.174080
 2 |  1312 |  0.161024
 2 |  1304 |  0.112640
 2 |  1296 |  0.052544
 2 |  1288 |  0.083744
 2 |  1280 |  0.151552
 2 |  1272 |  0.197088
 2 |  1264 |  0.122240
 2 |  1256 |  0.172928
 2 |  1248 |  0.087776
 2 |  1240 |  0.087040
 2 |  1232 |  0.105856
 2 |  1224 |  0.101952
 2 |  1216 |  0.116736
 2 |  1208 |  0.134144
 2 |  1200 |  0.100192
 2 |  1192 |  0.099328
 2 |  1184 |  0.064512
 2 |  1176 |  0.073728
 2 |  1168 |  0.081536
 2 |  1160 |  0.139520
 2 |  1152 |  0.109888
 2 |  1144 |  0.106528
 2 |  1136 |  0.128768
 2 |  1128 |  0.116864
 2 |  1120 |  0.104160
 2 |  1112 |  0.130048
 2 |  1104 |  0.140960
 2 |  1096 |  0.107424
 2 |  1088 |  0.158720
 2 |  1080 |  0.101376
 2 |  1072 |  0.094752
 2 |  1064 |  0.157248
 2 |  1056 |  0.114688
 2 |  1048 |  0.148480
 2 |  1040 |  0.119456
 2 |  1032 |  0.143360
 2 |  1024 |  0.148576
 2 |  1016 |  0.110880
 2 |  1008 |  0.125152
 2 |  1000 |  0.068608
 2 |  992 |  0.097024
 2 |  984 |  0.102400
 2 |  976 |  0.109568
 2 |  968 |  0.104640
 2 |  960 |  0.110912
 2 |  952 |  0.104064
 2 |  944 |  0.093312
 2 |  936 |  0.129024
 2 |  928 |  0.118784
 2 |  920 |  0.106496
 2 |  912 |  0.120288
 2 |  904 |  0.109472
 2 |  896 |  0.107744
 2 |  888 |  0.121440
 2 |  880 |  0.095232
 2 |  872 |  0.115744
 2 |  864 |  0.199872
 2 |  856 |  0.092096
 2 |  848 |  0.098496
 2 |  840 |  0.082624
 2 |  832 |  0.085216
 2 |  824 |  0.127712
 2 |  816 |  0.081984
 2 |  808 |  0.073632
 2 |  800 |  0.102144
 2 |  792 |  0.169952
 2 |  784 |  0.060320
 2 |  776 |  0.094816
 2 |  768 |  0.065728
 2 |  760 |  0.127136
 2 |  752 |  0.088928
 2 |  744 |  0.163840
 2 |  736 |  0.071488
 2 |  728 |  0.146912
 2 |  720 |  0.084992
 2 |  712 |  0.112992
 2 |  704 |  0.120288
 2 |  696 |  0.119584
 2 |  688 |  0.092192
 2 |  680 |  0.136192
 2 |  672 |  0.118784
 2 |  664 |  0.074944
 2 |  656 |  0.088320
 2 |  648 |  0.110592
 2 |  640 |  0.112416
 2 |  632 |  0.146368
 2 |  624 |  0.108288
 2 |  616 |  0.100384
 2 |  608 |  0.063552
 2 |  600 |  0.098304
 2 |  592 |  0.161664
 2 |  584 |  0.125984
 2 |  576 |  0.123744
 2 |  568 |  0.097984
 2 |  560 |  0.153408
 2 |  552 |  0.067328
 2 |  544 |  0.088000
 2 |  536 |  0.104448
 2 |  528 |  0.088384
 2 |  520 |  0.143648
 2 |  512 |  0.113888
 2 |  504 |  0.115712
 2 |  496 |  0.081408
 2 |  488 |  0.105472
 2 |  480 |  0.132768
 2 |  472 |  0.099200
 2 |  464 |  0.138400
 2 |  456 |  0.097024
 2 |  448 |  0.157696
 2 |  440 |  0.084992
 2 |  432 |  0.106848
 2 |  424 |  0.092160
 2 |  416 |  0.104096
 2 |  408 |  0.103680
 2 |  400 |  0.136384
 2 |  392 |  0.098304
 2 |  384 |  0.094208
 2 |  376 |  0.117600
 2 |  368 |  0.121344
 2 |  360 |  0.152576
 2 |  352 |  0.102400
 2 |  344 |  0.172320
 2 |  336 |  0.141216
 2 |  328 |  0.094496
 2 |  320 |  0.110336
 2 |  312 |  0.142336
 2 |  304 |  0.191488
 2 |  296 |  0.091136
 2 |  288 |  0.107712
 2 |  280 |  0.135392
 2 |  272 |  0.116736
 2 |  264 |  0.107712
 2 |  256 |  0.152960
 2 |  248 |  0.067168
 2 |  240 |  0.136192
 2 |  232 |  0.077568
 2 |  224 |  0.080896
 2 |  216 |  0.105760
 2 |  208 |  0.096896
 2 |  200 |  0.093504
 2 |  192 |  0.108000
 2 |  184 |  0.098304
 2 |  176 |  0.073248
 2 |  168 |  0.117792
 2 |  160 |  0.092160
 2 |  152 |  0.130240
 2 |  144 |  0.125376
 2 |  136 |  0.092160
 2 |  128 |  0.112640
 2 |  120 |  0.148480
 2 |  112 |  0.105472
 2 |  104 |  0.099392
 2 |  96 |  0.124928
 2 |  88 |  0.098304
 2 |  80 |  0.111648
 2 |  72 |  0.108736
 2 |  64 |  0.102784
 2 |  56 |  0.179520
 2 |  48 |  0.132096
 2 |  40 |  0.125216
 2 |  32 |  0.089408
 2 |  24 |  0.109632
 2 |  16 |  0.101856
 2 |  8 |  0.142816
