3 1065
21492.000000		14987.000000		162.000000		268435456
6458.000000		17801.000000		31305.000000		268435456
6961.000000		30321.000000		30842.000000		268435456
3572.000000		13814.000000		4878.000000		268435456
4383.000000		22741.000000		30248.000000		268435456
21053.000000		11649.000000		27164.000000		268435456
12866.000000		25694.000000		24850.000000		268435456
22986.000000		27478.000000		11017.000000		268435456
6300.000000		27854.000000		28836.000000		268435456
7759.000000		31352.000000		17518.000000		268435456
24939.000000		5955.000000		5888.000000		268435456
7401.000000		255.000000		9146.000000		268435456
32070.000000		24411.000000		4380.000000		268435456
18254.000000		2055.000000		2784.000000		268435456
9850.000000		19881.000000		30426.000000		268435456
14588.000000		11169.000000		4608.000000		268435456
10157.000000		16699.000000		1535.000000		268435456
24541.000000		1138.000000		16404.000000		268435456
4408.000000		20770.000000		30998.000000		268435456
1299.000000		25789.000000		19787.000000		268435456
1459.000000		11320.000000		6048.000000		268435456
3571.000000		16646.000000		26266.000000		268435456
30375.000000		19609.000000		24355.000000		268435456
13903.000000		24735.000000		32165.000000		268435456
4199.000000		8592.000000		15602.000000		268435456
15526.000000		19631.000000		8473.000000		268435456
16508.000000		19934.000000		24263.000000		268435456
19919.000000		29851.000000		22784.000000		268435456
17446.000000		4517.000000		13445.000000		268435456
16696.000000		13528.000000		24512.000000		268435456
5343.000000		15980.000000		26555.000000		268435456
14298.000000		27019.000000		7106.000000		268435456
26350.000000		30948.000000		24001.000000		268435456
16226.000000		2183.000000		18159.000000		268435456
21089.000000		24445.000000		24452.000000		268435456
2124.000000		30343.000000		2190.000000		268435456
14597.000000		15858.000000		20064.000000		268435456
22751.000000		31160.000000		15137.000000		268435456
7229.000000		5455.000000		28564.000000		268435456
69.000000		24550.000000		31572.000000		268435456
27594.000000		15645.000000		24625.000000		268435456
29756.000000		14584.000000		15900.000000		268435456
29395.000000		3512.000000		16800.000000		268435456
18704.000000		30325.000000		23450.000000		268435456
31450.000000		11521.000000		13067.000000		268435456
9950.000000		26437.000000		2396.000000		268435456
5217.000000		3559.000000		17987.000000		268435456
4177.000000		29430.000000		31244.000000		268435456
17254.000000		18553.000000		24334.000000		268435456
3667.000000		14885.000000		4540.000000		268435456
8707.000000		29564.000000		25044.000000		268435456
29042.000000		27100.000000		9538.000000		268435456
30163.000000		27080.000000		21280.000000		268435456
9437.000000		11781.000000		24677.000000		268435456
17645.000000		13515.000000		7043.000000		268435456
22606.000000		21316.000000		464.000000		268435456
15762.000000		775.000000		7079.000000		268435456
23868.000000		25299.000000		27900.000000		268435456
20454.000000		27756.000000		10938.000000		268435456
18719.000000		25398.000000		29075.000000		268435456
15169.000000		8145.000000		3459.000000		268435456
4539.000000		32478.000000		25862.000000		268435456
6407.000000		15366.000000		32434.000000		268435456
14756.000000		11804.000000		5690.000000		268435456
11523.000000		23597.000000		4430.000000		268435456
4732.000000		13292.000000		3230.000000		268435456
1973.000000		4700.000000		7251.000000		268435456
26519.000000		21890.000000		15122.000000		268435456
24860.000000		31931.000000		2775.000000		268435456
24327.000000		17052.000000		9306.000000		268435456
4828.000000		8344.000000		28241.000000		268435456
22606.000000		14607.000000		12822.000000		268435456
20176.000000		5154.000000		6363.000000		268435456
22289.000000		6142.000000		122.000000		268435456
11117.000000		2774.000000		25475.000000		268435456
28078.000000		26563.000000		28726.000000		268435456
29052.000000		25017.000000		10501.000000		268435456
28297.000000		24944.000000		15698.000000		268435456
20249.000000		8179.000000		30598.000000		268435456
15448.000000		19826.000000		29926.000000		268435456
16885.000000		21875.000000		7208.000000		268435456
12520.000000		12987.000000		15609.000000		268435456
16206.000000		9367.000000		402.000000		268435456
3854.000000		22656.000000		18666.000000		268435456
27168.000000		25872.000000		30395.000000		268435456
8121.000000		6766.000000		23090.000000		268435456
6257.000000		32128.000000		26011.000000		268435456
17254.000000		5085.000000		8288.000000		268435456
3794.000000		7809.000000		22933.000000		268435456
14438.000000		16505.000000		31897.000000		268435456
17758.000000		17680.000000		939.000000		268435456
27570.000000		28995.000000		27661.000000		268435456
19433.000000		9114.000000		16105.000000		268435456
11589.000000		27404.000000		31250.000000		268435456
2845.000000		6169.000000		382.000000		268435456
25134.000000		16303.000000		26092.000000		268435456
16042.000000		31487.000000		14211.000000		268435456
7650.000000		1457.000000		29039.000000		268435456
10469.000000		9703.000000		19039.000000		268435456
14699.000000		2589.000000		25844.000000		268435456
14941.000000		25160.000000		9283.000000		268435456
23181.000000		1704.000000		2655.000000		268435456
18517.000000		20367.000000		24897.000000		268435456
13819.000000		23175.000000		1064.000000		268435456
807.000000		3446.000000		10202.000000		268435456
32551.000000		20098.000000		18078.000000		268435456
14832.000000		25206.000000		24865.000000		268435456
15709.000000		7455.000000		26852.000000		268435456
11046.000000		32666.000000		19652.000000		268435456
28968.000000		24064.000000		20570.000000		268435456
14810.000000		14883.000000		18330.000000		268435456
26155.000000		8139.000000		13414.000000		268435456
28114.000000		26818.000000		7045.000000		268435456
3316.000000		32301.000000		29155.000000		268435456
14545.000000		21833.000000		26057.000000		268435456
5505.000000		27104.000000		27803.000000		268435456
9619.000000		13607.000000		7463.000000		268435456
3679.000000		14009.000000		8854.000000		268435456
25966.000000		10767.000000		4963.000000		268435456
21936.000000		26659.000000		26667.000000		268435456
14238.000000		14740.000000		1523.000000		268435456
126.000000		11928.000000		21771.000000		268435456
29084.000000		17826.000000		19.000000		268435456
21027.000000		10492.000000		2502.000000		268435456
4628.000000		10521.000000		1134.000000		268435456
16559.000000		21211.000000		29308.000000		268435456
20567.000000		765.000000		16152.000000		268435456
9360.000000		9468.000000		22192.000000		268435456
6236.000000		16369.000000		28823.000000		268435456
24810.000000		24526.000000		12152.000000		268435456
26537.000000		25846.000000		26911.000000		268435456
24418.000000		20369.000000		13450.000000		268435456
6592.000000		20399.000000		22366.000000		268435456
30025.000000		10322.000000		9673.000000		268435456
29410.000000		24460.000000		28766.000000		268435456
358.000000		27655.000000		23138.000000		268435456
11846.000000		6319.000000		7783.000000		268435456
6358.000000		14203.000000		24482.000000		268435456
4374.000000		7280.000000		753.000000		268435456
16053.000000		25282.000000		16638.000000		268435456
5584.000000		7356.000000		15359.000000		268435456
13715.000000		10349.000000		16396.000000		268435456
15324.000000		1745.000000		6008.000000		268435456
19169.000000		4794.000000		7780.000000		268435456
30071.000000		22269.000000		16222.000000		268435456
23503.000000		20594.000000		29842.000000		268435456
8772.000000		10859.000000		32752.000000		268435456
4194.000000		23350.000000		14508.000000		268435456
3875.000000		1317.000000		9502.000000		268435456
13479.000000		5984.000000		23595.000000		268435456
9241.000000		12753.000000		7890.000000		268435456
322.000000		22988.000000		7178.000000		268435456
20334.000000		28122.000000		13307.000000		268435456
23514.000000		6697.000000		3943.000000		268435456
26967.000000		4090.000000		6761.000000		268435456
27911.000000		6296.000000		22.000000		268435456
19898.000000		20581.000000		24012.000000		268435456
11473.000000		29635.000000		30173.000000		268435456
20975.000000		8458.000000		10872.000000		268435456
2017.000000		10427.000000		26717.000000		268435456
6801.000000		27035.000000		24769.000000		268435456
20205.000000		18490.000000		5331.000000		268435456
14777.000000		20065.000000		23564.000000		268435456
3860.000000		25879.000000		19501.000000		268435456
30780.000000		14858.000000		9439.000000		268435456
3347.000000		28178.000000		815.000000		268435456
19641.000000		489.000000		26525.000000		268435456
13991.000000		22856.000000		20892.000000		268435456
22950.000000		31079.000000		4536.000000		268435456
17525.000000		20962.000000		11933.000000		268435456
26518.000000		29851.000000		30059.000000		268435456
19532.000000		2277.000000		26586.000000		268435456
17265.000000		25399.000000		22638.000000		268435456
30370.000000		28717.000000		24065.000000		268435456
16471.000000		9299.000000		27671.000000		268435456
15250.000000		4855.000000		19639.000000		268435456
27481.000000		18621.000000		28137.000000		268435456
19152.000000		387.000000		7455.000000		268435456
21343.000000		31957.000000		9600.000000		268435456
24394.000000		28089.000000		18807.000000		268435456
12745.000000		5155.000000		12631.000000		268435456
2664.000000		13528.000000		32136.000000		268435456
20651.000000		30.000000		9696.000000		268435456
19510.000000		13970.000000		13013.000000		268435456
20923.000000		10474.000000		31460.000000		268435456
25811.000000		5156.000000		22727.000000		268435456
1353.000000		31215.000000		12582.000000		268435456
248.000000		21071.000000		30804.000000		268435456
25300.000000		19862.000000		3770.000000		268435456
1667.000000		28475.000000		32716.000000		268435456
32028.000000		2711.000000		23189.000000		268435456
10041.000000		22949.000000		20173.000000		268435456
2496.000000		2709.000000		12347.000000		268435456
20291.000000		26862.000000		920.000000		268435456
22733.000000		5376.000000		27293.000000		268435456
21015.000000		3557.000000		16949.000000		268435456
29386.000000		10865.000000		20861.000000		268435456
13250.000000		609.000000		809.000000		268435456
5140.000000		23548.000000		14073.000000		268435456
26068.000000		20993.000000		15022.000000		268435456
29374.000000		18230.000000		6918.000000		268435456
5726.000000		16558.000000		10920.000000		268435456
14376.000000		23249.000000		18697.000000		268435456
5308.000000		25534.000000		16593.000000		268435456
27138.000000		4388.000000		18377.000000		268435456
9005.000000		18619.000000		20432.000000		268435456
13955.000000		9474.000000		28272.000000		268435456
7511.000000		20795.000000		3385.000000		268435456
17907.000000		15000.000000		4447.000000		268435456
31569.000000		3416.000000		22433.000000		268435456
26587.000000		22878.000000		4081.000000		268435456
13776.000000		26273.000000		12114.000000		268435456
15485.000000		13623.000000		10377.000000		268435456
15228.000000		27548.000000		20805.000000		268435456
27484.000000		29774.000000		27270.000000		268435456
20643.000000		4139.000000		22371.000000		268435456
7677.000000		11357.000000		30182.000000		268435456
10689.000000		20864.000000		29250.000000		268435456
25130.000000		3419.000000		1730.000000		268435456
9869.000000		27737.000000		4058.000000		268435456
22874.000000		26821.000000		7920.000000		268435456
5788.000000		19132.000000		24545.000000		268435456
17173.000000		19453.000000		2664.000000		268435456
12720.000000		2672.000000		29142.000000		268435456
3681.000000		2424.000000		2876.000000		268435456
15684.000000		4065.000000		29150.000000		268435456
17054.000000		8107.000000		16459.000000		268435456
1541.000000		4405.000000		8442.000000		268435456
19041.000000		15866.000000		26098.000000		268435456
12080.000000		29623.000000		23120.000000		268435456
2858.000000		1823.000000		29287.000000		268435456
13063.000000		18921.000000		6767.000000		268435456
19207.000000		28083.000000		22410.000000		268435456
5863.000000		19160.000000		24281.000000		268435456
16772.000000		29416.000000		29248.000000		268435456
6813.000000		19335.000000		9018.000000		268435456
25467.000000		30874.000000		29640.000000		268435456
24076.000000		10637.000000		3858.000000		268435456
4505.000000		3893.000000		27515.000000		268435456
26951.000000		16956.000000		25024.000000		268435456
24506.000000		32040.000000		6137.000000		268435456
680.000000		5096.000000		9264.000000		268435456
16238.000000		224.000000		23738.000000		268435456
7052.000000		3879.000000		28310.000000		268435456
566.000000		20348.000000		13678.000000		268435456
10169.000000		31778.000000		30203.000000		268435456
30820.000000		25017.000000		21180.000000		268435456
15522.000000		15441.000000		26766.000000		268435456
30635.000000		3530.000000		17465.000000		268435456
11515.000000		11062.000000		12529.000000		268435456
24752.000000		2068.000000		16820.000000		268435456
19039.000000		238.000000		22526.000000		268435456
23875.000000		32264.000000		23078.000000		268435456
23030.000000		28605.000000		14773.000000		268435456
6420.000000		26004.000000		6376.000000		268435456
27231.000000		20950.000000		27985.000000		268435456
13549.000000		8411.000000		8700.000000		268435456
26696.000000		12044.000000		27069.000000		268435456
14562.000000		2361.000000		27789.000000		268435456
23670.000000		14910.000000		26323.000000		268435456
25594.000000		9663.000000		12021.000000		268435456
31027.000000		13451.000000		4411.000000		268435456
30771.000000		4264.000000		20962.000000		268435456
22103.000000		30906.000000		10681.000000		268435456
6136.000000		11382.000000		26746.000000		268435456
17001.000000		23384.000000		27211.000000		268435456
1634.000000		5305.000000		18827.000000		268435456
13445.000000		7287.000000		23151.000000		268435456
11731.000000		32690.000000		2595.000000		268435456
32278.000000		28188.000000		26973.000000		268435456
18639.000000		23878.000000		21551.000000		268435456
11386.000000		7860.000000		37.000000		268435456
30505.000000		13573.000000		29677.000000		268435456
27182.000000		22827.000000		5861.000000		268435456
32209.000000		26673.000000		3412.000000		268435456
27670.000000		13441.000000		32667.000000		268435456
31212.000000		24071.000000		18109.000000		268435456
25336.000000		2786.000000		24129.000000		268435456
32764.000000		4022.000000		26745.000000		268435456
21066.000000		21691.000000		31020.000000		268435456
1598.000000		14025.000000		2325.000000		268435456
25819.000000		7741.000000		32234.000000		268435456
9620.000000		23539.000000		27764.000000		268435456
11524.000000		11847.000000		22041.000000		268435456
16008.000000		32122.000000		20500.000000		268435456
359.000000		11191.000000		1247.000000		268435456
30800.000000		19380.000000		2318.000000		268435456
10333.000000		2701.000000		4374.000000		268435456
28124.000000		24407.000000		10419.000000		268435456
5030.000000		23654.000000		2381.000000		268435456
16723.000000		8323.000000		25308.000000		268435456
23296.000000		22583.000000		1562.000000		268435456
18572.000000		9943.000000		15678.000000		268435456
16292.000000		6998.000000		1154.000000		268435456
9575.000000		31215.000000		12640.000000		268435456
7133.000000		23083.000000		21858.000000		268435456
29451.000000		5911.000000		29456.000000		268435456
2364.000000		293.000000		19.000000		268435456
19835.000000		19484.000000		2912.000000		268435456
3342.000000		14021.000000		9670.000000		268435456
27394.000000		8323.000000		31890.000000		268435456
3620.000000		21983.000000		75.000000		268435456
22366.000000		32139.000000		15748.000000		268435456
2057.000000		25433.000000		21056.000000		268435456
11958.000000		23237.000000		7029.000000		268435456
12091.000000		17691.000000		22487.000000		268435456
2749.000000		14378.000000		1846.000000		268435456
22279.000000		10216.000000		20153.000000		268435456
16025.000000		28658.000000		3886.000000		268435456
13585.000000		8277.000000		20656.000000		268435456
3674.000000		14750.000000		22966.000000		268435456
26547.000000		14113.000000		20502.000000		268435456
21805.000000		25842.000000		27570.000000		268435456
15287.000000		19342.000000		22087.000000		268435456
6542.000000		11984.000000		30075.000000		268435456
25366.000000		5786.000000		898.000000		268435456
28960.000000		27440.000000		21618.000000		268435456
29128.000000		12322.000000		3319.000000		268435456
24065.000000		26293.000000		465.000000		268435456
22210.000000		21327.000000		24829.000000		268435456
3493.000000		10115.000000		22425.000000		268435456
30391.000000		20968.000000		679.000000		268435456
9639.000000		26721.000000		31408.000000		268435456
23357.000000		15962.000000		25893.000000		268435456
9488.000000		6747.000000		25989.000000		268435456
25690.000000		25231.000000		25789.000000		268435456
24829.000000		14414.000000		4313.000000		268435456
25520.000000		11764.000000		15939.000000		268435456
22965.000000		5422.000000		8322.000000		268435456
20407.000000		28471.000000		26443.000000		268435456
8581.000000		22761.000000		22583.000000		268435456
8912.000000		32427.000000		14488.000000		268435456
24834.000000		26917.000000		205.000000		268435456
19726.000000		1102.000000		18804.000000		268435456
15487.000000		21085.000000		24692.000000		268435456
12555.000000		20709.000000		30185.000000		268435456
3289.000000		15106.000000		2248.000000		268435456
17190.000000		25517.000000		8990.000000		268435456
4584.000000		19875.000000		5081.000000		268435456
24566.000000		16020.000000		15432.000000		268435456
3890.000000		10324.000000		1401.000000		268435456
6620.000000		10483.000000		26590.000000		268435456
13240.000000		3785.000000		30826.000000		268435456
26358.000000		1339.000000		26660.000000		268435456
21489.000000		10718.000000		5960.000000		268435456
4072.000000		30752.000000		19232.000000		268435456
26966.000000		23170.000000		12097.000000		268435456
21805.000000		24608.000000		19859.000000		268435456
3332.000000		24388.000000		32505.000000		268435456
17393.000000		4725.000000		29077.000000		268435456
19295.000000		4847.000000		20010.000000		268435456
29863.000000		3794.000000		5342.000000		268435456
19649.000000		12279.000000		27367.000000		268435456
15571.000000		28042.000000		7138.000000		268435456
29592.000000		6059.000000		28544.000000		268435456
2756.000000		17374.000000		24141.000000		268435456
19070.000000		28002.000000		16514.000000		268435456
32047.000000		10415.000000		13957.000000		268435456
32047.000000		13596.000000		5191.000000		268435456
8680.000000		30669.000000		14644.000000		268435456
11632.000000		25172.000000		7690.000000		268435456
28212.000000		31879.000000		31498.000000		268435456
20793.000000		12023.000000		13449.000000		268435456
18529.000000		23648.000000		14909.000000		268435456
31176.000000		31664.000000		4236.000000		268435456
11692.000000		227.000000		3694.000000		268435456
31592.000000		12820.000000		6644.000000		268435456
28824.000000		27662.000000		15607.000000		268435456
31755.000000		30291.000000		14877.000000		268435456
2889.000000		25820.000000		18643.000000		268435456
780.000000		14708.000000		24756.000000		268435456
24187.000000		20926.000000		7327.000000		268435456
20146.000000		15942.000000		25686.000000		268435456
16688.000000		30003.000000		4709.000000		268435456
1100.000000		12943.000000		14990.000000		268435456
20010.000000		9409.000000		28717.000000		268435456
22018.000000		27428.000000		15119.000000		268435456
13254.000000		3308.000000		396.000000		268435456
1445.000000		27875.000000		20541.000000		268435456
16351.000000		13586.000000		5538.000000		268435456
20012.000000		1485.000000		11103.000000		268435456
17593.000000		19496.000000		9810.000000		268435456
17826.000000		8377.000000		23825.000000		268435456
5411.000000		25552.000000		6288.000000		268435456
18343.000000		843.000000		8915.000000		268435456
1362.000000		12611.000000		12054.000000		268435456
31964.000000		6457.000000		24773.000000		268435456
27438.000000		17403.000000		16362.000000		268435456
11725.000000		8452.000000		10989.000000		268435456
21497.000000		28718.000000		21105.000000		268435456
20533.000000		19888.000000		927.000000		268435456
24222.000000		32622.000000		20236.000000		268435456
13236.000000		3617.000000		7391.000000		268435456
12553.000000		9229.000000		10856.000000		268435456
28496.000000		30239.000000		2254.000000		268435456
9307.000000		15388.000000		17933.000000		268435456
17230.000000		3645.000000		27016.000000		268435456
22229.000000		14100.000000		27859.000000		268435456
6995.000000		26376.000000		27391.000000		268435456
9161.000000		32142.000000		11587.000000		268435456
19140.000000		337.000000		12718.000000		268435456
24826.000000		7326.000000		11533.000000		268435456
4576.000000		16500.000000		32576.000000		268435456
32303.000000		16028.000000		14359.000000		268435456
1039.000000		31967.000000		10877.000000		268435456
3814.000000		14734.000000		4829.000000		268435456
6224.000000		15432.000000		14873.000000		268435456
12135.000000		16235.000000		19211.000000		268435456
4823.000000		25181.000000		2624.000000		268435456
28072.000000		5866.000000		12963.000000		268435456
9009.000000		10185.000000		29416.000000		268435456
13255.000000		17318.000000		12552.000000		268435456
5263.000000		7907.000000		31069.000000		268435456
29946.000000		15028.000000		29381.000000		268435456
22018.000000		21612.000000		16765.000000		268435456
24398.000000		15616.000000		3052.000000		268435456
32464.000000		24.000000		17302.000000		268435456
25484.000000		17163.000000		10843.000000		268435456
22317.000000		3042.000000		20982.000000		268435456
21010.000000		7657.000000		19539.000000		268435456
26614.000000		19033.000000		17790.000000		268435456
26258.000000		8067.000000		25882.000000		268435456
13381.000000		21347.000000		19163.000000		268435456
13800.000000		20623.000000		15525.000000		268435456
5624.000000		31787.000000		21049.000000		268435456
22671.000000		1216.000000		30846.000000		268435456
21120.000000		2618.000000		8573.000000		268435456
12629.000000		3607.000000		27487.000000		268435456
28556.000000		27363.000000		3447.000000		268435456
9059.000000		30297.000000		22075.000000		268435456
10103.000000		12176.000000		30859.000000		268435456
15285.000000		4636.000000		166.000000		268435456
11131.000000		9363.000000		30130.000000		268435456
4498.000000		747.000000		18404.000000		268435456
13851.000000		23421.000000		25845.000000		268435456
16041.000000		26216.000000		19208.000000		268435456
23105.000000		17207.000000		6822.000000		268435456
6870.000000		3707.000000		32732.000000		268435456
3066.000000		14156.000000		13572.000000		268435456
12485.000000		17137.000000		3988.000000		268435456
9704.000000		7455.000000		15377.000000		268435456
30696.000000		18193.000000		11133.000000		268435456
15028.000000		269.000000		5562.000000		268435456
5498.000000		15894.000000		26909.000000		268435456
25638.000000		32415.000000		19628.000000		268435456
2442.000000		8081.000000		29319.000000		268435456
2487.000000		26208.000000		12903.000000		268435456
3648.000000		18714.000000		17098.000000		268435456
22196.000000		22773.000000		5480.000000		268435456
24280.000000		27867.000000		4042.000000		268435456
23618.000000		17023.000000		10892.000000		268435456
26888.000000		13536.000000		14818.000000		268435456
13808.000000		4730.000000		29933.000000		268435456
26319.000000		294.000000		28439.000000		268435456
1944.000000		2957.000000		31219.000000		268435456
22496.000000		15080.000000		29397.000000		268435456
25013.000000		25612.000000		30543.000000		268435456
6430.000000		24985.000000		31843.000000		268435456
5507.000000		31518.000000		12046.000000		268435456
15848.000000		18057.000000		11661.000000		268435456
21626.000000		28602.000000		16914.000000		268435456
8748.000000		29227.000000		4156.000000		268435456
12043.000000		15878.000000		2960.000000		268435456
15732.000000		31344.000000		9461.000000		268435456
13481.000000		31921.000000		4193.000000		268435456
24169.000000		13244.000000		9585.000000		268435456
11127.000000		14181.000000		27466.000000		268435456
29569.000000		11864.000000		1482.000000		268435456
8257.000000		1126.000000		15241.000000		268435456
12504.000000		28787.000000		17404.000000		268435456
32644.000000		8946.000000		3399.000000		268435456
3165.000000		24843.000000		2209.000000		268435456
3758.000000		32004.000000		3003.000000		268435456
220.000000		29273.000000		19763.000000		268435456
2276.000000		8839.000000		6954.000000		268435456
7569.000000		23192.000000		31545.000000		268435456
25832.000000		3352.000000		19714.000000		268435456
27458.000000		8246.000000		5422.000000		268435456
29177.000000		749.000000		2758.000000		268435456
28946.000000		31445.000000		17666.000000		268435456
6090.000000		5242.000000		25730.000000		268435456
29327.000000		7339.000000		30075.000000		268435456
10707.000000		17384.000000		13822.000000		268435456
11688.000000		28696.000000		13037.000000		268435456
30900.000000		13950.000000		25074.000000		268435456
14987.000000		17296.000000		17664.000000		268435456
11366.000000		12166.000000		17631.000000		268435456
2206.000000		21041.000000		5749.000000		268435456
2147.000000		20827.000000		18779.000000		268435456
6926.000000		8592.000000		24879.000000		268435456
5903.000000		3235.000000		17915.000000		268435456
27818.000000		23978.000000		1005.000000		268435456
27663.000000		3803.000000		4370.000000		268435456
5641.000000		16897.000000		13424.000000		268435456
17737.000000		14528.000000		4359.000000		268435456
16926.000000		19266.000000		15371.000000		268435456
24773.000000		31300.000000		4083.000000		268435456
31958.000000		28424.000000		26059.000000		268435456
29099.000000		13573.000000		20407.000000		268435456
17488.000000		32678.000000		3253.000000		268435456
18695.000000		18309.000000		22495.000000		268435456
20676.000000		16365.000000		7636.000000		268435456
5925.000000		29331.000000		18649.000000		268435456
4166.000000		3953.000000		13578.000000		268435456
12449.000000		14244.000000		14455.000000		268435456
10973.000000		4539.000000		3292.000000		268435456
3707.000000		27150.000000		18864.000000		268435456
22693.000000		21350.000000		6324.000000		268435456
25293.000000		18022.000000		26137.000000		268435456
14074.000000		17948.000000		7764.000000		268435456
9217.000000		19050.000000		18835.000000		268435456
27355.000000		2283.000000		20076.000000		268435456
28298.000000		3392.000000		282.000000		268435456
3593.000000		25715.000000		1412.000000		268435456
8599.000000		19189.000000		9157.000000		268435456
29067.000000		15049.000000		21965.000000		268435456
13625.000000		1918.000000		31045.000000		268435456
31645.000000		31033.000000		3949.000000		268435456
2279.000000		27813.000000		917.000000		268435456
8249.000000		28194.000000		93.000000		268435456
24441.000000		9137.000000		2452.000000		268435456
31414.000000		20380.000000		26107.000000		268435456
31198.000000		13987.000000		24249.000000		268435456
13366.000000		20402.000000		23000.000000		268435456
21571.000000		20061.000000		18478.000000		268435456
30161.000000		24917.000000		12398.000000		268435456
360.000000		14871.000000		6632.000000		268435456
30412.000000		23882.000000		7103.000000		268435456
3656.000000		25058.000000		1696.000000		268435456
5683.000000		6345.000000		15626.000000		268435456
19567.000000		26933.000000		13237.000000		268435456
11437.000000		18312.000000		30752.000000		268435456
27530.000000		10155.000000		32350.000000		268435456
11889.000000		16738.000000		8189.000000		268435456
31509.000000		3463.000000		4531.000000		268435456
7833.000000		2011.000000		18343.000000		268435456
21304.000000		22165.000000		1403.000000		268435456
3139.000000		16943.000000		29584.000000		268435456
4143.000000		27004.000000		19397.000000		268435456
10062.000000		26294.000000		26341.000000		268435456
19919.000000		15010.000000		18343.000000		268435456
15754.000000		32442.000000		9617.000000		268435456
14597.000000		20785.000000		4549.000000		268435456
29364.000000		28179.000000		20191.000000		268435456
27501.000000		29150.000000		16234.000000		268435456
5278.000000		31273.000000		32255.000000		268435456
26952.000000		18046.000000		1880.000000		268435456
23112.000000		1067.000000		13530.000000		268435456
5240.000000		27280.000000		27551.000000		268435456
30684.000000		6296.000000		19191.000000		268435456
1876.000000		25667.000000		12816.000000		268435456
2761.000000		10867.000000		15716.000000		268435456
8303.000000		3749.000000		32050.000000		268435456
18543.000000		6837.000000		24030.000000		268435456
9383.000000		9460.000000		21955.000000		268435456
24353.000000		7385.000000		3750.000000		268435456
20239.000000		18520.000000		31005.000000		268435456
27742.000000		12188.000000		17871.000000		268435456
32416.000000		20579.000000		23338.000000		268435456
7317.000000		19776.000000		19944.000000		268435456
32682.000000		19494.000000		2720.000000		268435456
18390.000000		14580.000000		29510.000000		268435456
17275.000000		7372.000000		7356.000000		268435456
31792.000000		30520.000000		21604.000000		268435456
17090.000000		21488.000000		447.000000		268435456
12729.000000		7498.000000		12558.000000		268435456
22412.000000		20262.000000		13772.000000		268435456
11628.000000		18433.000000		10064.000000		268435456
8684.000000		14193.000000		14849.000000		268435456
12134.000000		17580.000000		7783.000000		268435456
5818.000000		26279.000000		12257.000000		268435456
15906.000000		22210.000000		32549.000000		268435456
14820.000000		3555.000000		25958.000000		268435456
969.000000		7049.000000		5756.000000		268435456
20031.000000		8088.000000		10837.000000		268435456
5044.000000		26886.000000		27188.000000		268435456
747.000000		17644.000000		30632.000000		268435456
23974.000000		14280.000000		12547.000000		268435456
27293.000000		22874.000000		22576.000000		268435456
24952.000000		16246.000000		22123.000000		268435456
25448.000000		22734.000000		11702.000000		268435456
12578.000000		31782.000000		18485.000000		268435456
5603.000000		11193.000000		28742.000000		268435456
18534.000000		26333.000000		3684.000000		268435456
26814.000000		6607.000000		28014.000000		268435456
2194.000000		21972.000000		12272.000000		268435456
16929.000000		14191.000000		27535.000000		268435456
3077.000000		18776.000000		30126.000000		268435456
17003.000000		10981.000000		31129.000000		268435456
22663.000000		28752.000000		2602.000000		268435456
23593.000000		32251.000000		11717.000000		268435456
2194.000000		31708.000000		4191.000000		268435456
23394.000000		9637.000000		13867.000000		268435456
8984.000000		31619.000000		25752.000000		268435456
8839.000000		19620.000000		29764.000000		268435456
22130.000000		1005.000000		8666.000000		268435456
11689.000000		3949.000000		30907.000000		268435456
30322.000000		24604.000000		2975.000000		268435456
23746.000000		1735.000000		10013.000000		268435456
18137.000000		4508.000000		28380.000000		268435456
11317.000000		3024.000000		8511.000000		268435456
4765.000000		32299.000000		15994.000000		268435456
28371.000000		23400.000000		26747.000000		268435456
9659.000000		27073.000000		28364.000000		268435456
24324.000000		30785.000000		30477.000000		268435456
17041.000000		20993.000000		12461.000000		268435456
1253.000000		12792.000000		32314.000000		268435456
27891.000000		31866.000000		30787.000000		268435456
3452.000000		23811.000000		1550.000000		268435456
13432.000000		6982.000000		1193.000000		268435456
21326.000000		23139.000000		29125.000000		268435456
21681.000000		25571.000000		13530.000000		268435456
4866.000000		24400.000000		30788.000000		268435456
23877.000000		25179.000000		11199.000000		268435456
9934.000000		19549.000000		560.000000		268435456
27945.000000		18198.000000		26675.000000		268435456
14814.000000		8391.000000		10110.000000		268435456
13172.000000		30705.000000		22346.000000		268435456
16646.000000		492.000000		17557.000000		268435456
11641.000000		23909.000000		22090.000000		268435456
14414.000000		14363.000000		25433.000000		268435456
19747.000000		19177.000000		26391.000000		268435456
15675.000000		14649.000000		3763.000000		268435456
9178.000000		3542.000000		21756.000000		268435456
11240.000000		12025.000000		10105.000000		268435456
11601.000000		12398.000000		279.000000		268435456
31051.000000		10643.000000		1987.000000		268435456
13066.000000		26335.000000		21719.000000		268435456
12085.000000		12601.000000		15880.000000		268435456
19573.000000		31313.000000		15944.000000		268435456
16111.000000		30660.000000		31645.000000		268435456
2296.000000		27234.000000		27940.000000		268435456
25994.000000		22856.000000		2671.000000		268435456
10306.000000		30628.000000		6369.000000		268435456
10546.000000		30103.000000		19468.000000		268435456
15024.000000		27115.000000		14130.000000		268435456
6440.000000		17877.000000		30803.000000		268435456
26296.000000		15257.000000		1980.000000		268435456
561.000000		30889.000000		7277.000000		268435456
12681.000000		28456.000000		1252.000000		268435456
18326.000000		25786.000000		19155.000000		268435456
22638.000000		18075.000000		29447.000000		268435456
5396.000000		21615.000000		5006.000000		268435456
21901.000000		27816.000000		15997.000000		268435456
14398.000000		7980.000000		18431.000000		268435456
26141.000000		28077.000000		28206.000000		268435456
12363.000000		17287.000000		20421.000000		268435456
8489.000000		13016.000000		29610.000000		268435456
31046.000000		21286.000000		31899.000000		268435456
13680.000000		7171.000000		25346.000000		268435456
21517.000000		19523.000000		26958.000000		268435456
2581.000000		25914.000000		27600.000000		268435456
24241.000000		17938.000000		5140.000000		268435456
4363.000000		19167.000000		6702.000000		268435456
18702.000000		27763.000000		7913.000000		268435456
27525.000000		27622.000000		16791.000000		268435456
24501.000000		31929.000000		194.000000		268435456
24537.000000		19373.000000		19676.000000		268435456
7039.000000		6258.000000		2228.000000		268435456
23952.000000		7494.000000		21942.000000		268435456
28254.000000		9324.000000		28768.000000		268435456
14233.000000		16480.000000		11170.000000		268435456
13899.000000		22899.000000		27973.000000		268435456
9695.000000		7181.000000		9472.000000		268435456
9571.000000		31091.000000		18632.000000		268435456
22187.000000		24078.000000		1714.000000		268435456
6799.000000		5900.000000		5387.000000		268435456
11674.000000		9592.000000		19887.000000		268435456
26695.000000		22198.000000		10482.000000		268435456
4375.000000		21961.000000		833.000000		268435456
28505.000000		22530.000000		14310.000000		268435456
10383.000000		19400.000000		20463.000000		268435456
20916.000000		23209.000000		10799.000000		268435456
31966.000000		32705.000000		2616.000000		268435456
26021.000000		1623.000000		24836.000000		268435456
22948.000000		22783.000000		21933.000000		268435456
3091.000000		19836.000000		23969.000000		268435456
27012.000000		9367.000000		23577.000000		268435456
11412.000000		657.000000		25853.000000		268435456
8318.000000		21977.000000		3489.000000		268435456
28783.000000		13443.000000		16893.000000		268435456
28381.000000		259.000000		30259.000000		268435456
29166.000000		4684.000000		17970.000000		268435456
15474.000000		28941.000000		26009.000000		268435456
1931.000000		16099.000000		11652.000000		268435456
7959.000000		24488.000000		13576.000000		268435456
10970.000000		30210.000000		9058.000000		268435456
28843.000000		17093.000000		12296.000000		268435456
18753.000000		30589.000000		26687.000000		268435456
10247.000000		25910.000000		24574.000000		268435456
8411.000000		12825.000000		3213.000000		268435456
30108.000000		10330.000000		206.000000		268435456
13853.000000		26655.000000		29305.000000		268435456
28600.000000		27330.000000		2628.000000		268435456
32526.000000		22317.000000		23053.000000		268435456
25512.000000		13395.000000		19784.000000		268435456
10041.000000		6632.000000		13186.000000		268435456
30769.000000		609.000000		29959.000000		268435456
23458.000000		21918.000000		25073.000000		268435456
784.000000		28320.000000		7066.000000		268435456
28763.000000		7932.000000		3233.000000		268435456
5766.000000		523.000000		24277.000000		268435456
31127.000000		10333.000000		10140.000000		268435456
11548.000000		24850.000000		19772.000000		268435456
12364.000000		4457.000000		3162.000000		268435456
18721.000000		12461.000000		27729.000000		268435456
16058.000000		25330.000000		24990.000000		268435456
10892.000000		11294.000000		20674.000000		268435456
27514.000000		13143.000000		15841.000000		268435456
14673.000000		29071.000000		5656.000000		268435456
6624.000000		28369.000000		29138.000000		268435456
15169.000000		8147.000000		18160.000000		268435456
19664.000000		7286.000000		20701.000000		268435456
13330.000000		2536.000000		18418.000000		268435456
21857.000000		990.000000		11192.000000		268435456
13095.000000		5400.000000		26365.000000		268435456
10453.000000		8356.000000		5472.000000		268435456
9758.000000		23743.000000		7484.000000		268435456
4567.000000		10302.000000		1300.000000		268435456
22629.000000		809.000000		11814.000000		268435456
7939.000000		23518.000000		2086.000000		268435456
26421.000000		14596.000000		26261.000000		268435456
25880.000000		17247.000000		3270.000000		268435456
28359.000000		3411.000000		9846.000000		268435456
30057.000000		3945.000000		27405.000000		268435456
24744.000000		5614.000000		25799.000000		268435456
22896.000000		4170.000000		17388.000000		268435456
7275.000000		1262.000000		20692.000000		268435456
2692.000000		15424.000000		9685.000000		268435456
23340.000000		22934.000000		25847.000000		268435456
18723.000000		31527.000000		13621.000000		268435456
5034.000000		7067.000000		32333.000000		268435456
31065.000000		9919.000000		27416.000000		268435456
32732.000000		1492.000000		10768.000000		268435456
21026.000000		13840.000000		26248.000000		268435456
11848.000000		16831.000000		9378.000000		268435456
19414.000000		12176.000000		23947.000000		268435456
22670.000000		26458.000000		20332.000000		268435456
24075.000000		4378.000000		213.000000		268435456
26079.000000		27967.000000		31252.000000		268435456
22378.000000		11734.000000		12662.000000		268435456
23387.000000		8974.000000		4292.000000		268435456
31334.000000		24993.000000		19002.000000		268435456
21897.000000		17532.000000		25710.000000		268435456
8162.000000		13976.000000		1649.000000		268435456
19816.000000		15787.000000		9049.000000		268435456
32030.000000		1235.000000		20057.000000		268435456
12492.000000		27025.000000		1876.000000		268435456
23686.000000		32112.000000		30048.000000		268435456
2298.000000		31130.000000		3171.000000		268435456
12605.000000		18814.000000		20727.000000		268435456
23498.000000		25035.000000		32202.000000		268435456
31604.000000		14963.000000		3761.000000		268435456
29369.000000		9997.000000		8377.000000		268435456
2028.000000		19742.000000		26329.000000		268435456
4264.000000		21865.000000		2823.000000		268435456
16188.000000		16738.000000		17619.000000		268435456
10819.000000		16989.000000		6593.000000		268435456
2474.000000		6177.000000		20698.000000		268435456
15934.000000		9109.000000		20091.000000		268435456
21179.000000		13842.000000		32505.000000		268435456
16883.000000		31909.000000		27547.000000		268435456
970.000000		1405.000000		30032.000000		268435456
3072.000000		1697.000000		18206.000000		268435456
28475.000000		2584.000000		20495.000000		268435456
2547.000000		2719.000000		18568.000000		268435456
11826.000000		16756.000000		5025.000000		268435456
12076.000000		17541.000000		12794.000000		268435456
28875.000000		12217.000000		3580.000000		268435456
14975.000000		21949.000000		32160.000000		268435456
17745.000000		27557.000000		3616.000000		268435456
32053.000000		10136.000000		4090.000000		268435456
29916.000000		11792.000000		17690.000000		268435456
2427.000000		27531.000000		5299.000000		268435456
21600.000000		10327.000000		26157.000000		268435456
26478.000000		15246.000000		24309.000000		268435456
24349.000000		640.000000		17395.000000		268435456
30519.000000		18244.000000		26495.000000		268435456
11229.000000		11521.000000		18060.000000		268435456
19450.000000		2738.000000		20981.000000		268435456
24727.000000		31580.000000		15164.000000		268435456
24193.000000		20914.000000		4115.000000		268435456
16453.000000		5148.000000		14340.000000		268435456
18418.000000		22372.000000		5324.000000		268435456
23819.000000		30676.000000		11798.000000		268435456
5100.000000		13130.000000		25219.000000		268435456
27920.000000		1068.000000		23611.000000		268435456
30424.000000		3540.000000		26329.000000		268435456
19083.000000		14627.000000		11907.000000		268435456
8287.000000		21638.000000		23500.000000		268435456
22514.000000		30220.000000		19153.000000		268435456
19259.000000		27135.000000		6422.000000		268435456
26455.000000		12534.000000		8742.000000		268435456
25312.000000		10373.000000		12809.000000		268435456
28751.000000		9849.000000		27834.000000		268435456
27819.000000		3562.000000		15205.000000		268435456
25081.000000		31006.000000		2878.000000		268435456
9633.000000		7650.000000		29143.000000		268435456
18174.000000		32481.000000		29152.000000		268435456
18143.000000		1054.000000		1308.000000		268435456
20387.000000		24697.000000		4580.000000		268435456
29258.000000		20945.000000		21765.000000		268435456
14914.000000		365.000000		15608.000000		268435456
13860.000000		27235.000000		17614.000000		268435456
3272.000000		14621.000000		18820.000000		268435456
12681.000000		24959.000000		16000.000000		268435456
12805.000000		1099.000000		24996.000000		268435456
32009.000000		16576.000000		25435.000000		268435456
25592.000000		21446.000000		28313.000000		268435456
25047.000000		30122.000000		1916.000000		268435456
26710.000000		18497.000000		4298.000000		268435456
28488.000000		6322.000000		17978.000000		268435456
5888.000000		21634.000000		6316.000000		268435456
29068.000000		25726.000000		2534.000000		268435456
31269.000000		13934.000000		3891.000000		268435456
32246.000000		8362.000000		7428.000000		268435456
9793.000000		19610.000000		7311.000000		268435456
2086.000000		1458.000000		5130.000000		268435456
15421.000000		20834.000000		4710.000000		268435456
4333.000000		18380.000000		26180.000000		268435456
29264.000000		17859.000000		6869.000000		268435456
19156.000000		5347.000000		12672.000000		268435456
4225.000000		9569.000000		8134.000000		268435456
22905.000000		30182.000000		14205.000000		268435456
5071.000000		10884.000000		30356.000000		268435456
26697.000000		15919.000000		30043.000000		268435456
14186.000000		17395.000000		18922.000000		268435456
2626.000000		5039.000000		5244.000000		268435456
1419.000000		14314.000000		12382.000000		268435456
30655.000000		12565.000000		12692.000000		268435456
22976.000000		5807.000000		26684.000000		268435456
8313.000000		24384.000000		25056.000000		268435456
31957.000000		25706.000000		24956.000000		268435456
30537.000000		21900.000000		18356.000000		268435456
18072.000000		5448.000000		9429.000000		268435456
10822.000000		18647.000000		16102.000000		268435456
3109.000000		26646.000000		21356.000000		268435456
30045.000000		32609.000000		32448.000000		268435456
8589.000000		10967.000000		31895.000000		268435456
13936.000000		21450.000000		21113.000000		268435456
27628.000000		20995.000000		28573.000000		268435456
12704.000000		15317.000000		2665.000000		268435456
32066.000000		22122.000000		3466.000000		268435456
22862.000000		14280.000000		22393.000000		268435456
1464.000000		22265.000000		873.000000		268435456
16627.000000		5494.000000		12148.000000		268435456
7703.000000		21197.000000		20347.000000		268435456
29421.000000		15959.000000		29770.000000		268435456
7566.000000		17756.000000		5202.000000		268435456
190.000000		27197.000000		12646.000000		268435456
24873.000000		20888.000000		4818.000000		268435456
8833.000000		6282.000000		10655.000000		268435456
13699.000000		19034.000000		16513.000000		268435456
25980.000000		12265.000000		30068.000000		268435456
912.000000		5497.000000		25012.000000		268435456
4881.000000		10497.000000		25736.000000		268435456
1948.000000		29781.000000		26491.000000		268435456
28807.000000		17051.000000		1705.000000		268435456
17876.000000		30658.000000		8025.000000		268435456
3422.000000		32294.000000		32698.000000		268435456
12776.000000		7826.000000		5925.000000		268435456
22821.000000		6577.000000		26456.000000		268435456
10159.000000		9525.000000		430.000000		268435456
31507.000000		30885.000000		16413.000000		268435456
28890.000000		12835.000000		30970.000000		268435456
13522.000000		32486.000000		23492.000000		268435456
14345.000000		7694.000000		16686.000000		268435456
18226.000000		23084.000000		6299.000000		268435456
1003.000000		26642.000000		15242.000000		268435456
10958.000000		9130.000000		6669.000000		268435456
13616.000000		17746.000000		6909.000000		268435456
18366.000000		14436.000000		16678.000000		268435456
6256.000000		30926.000000		13365.000000		268435456
32489.000000		12478.000000		2909.000000		268435456
31063.000000		2902.000000		325.000000		268435456
7332.000000		4142.000000		27915.000000		268435456
22200.000000		25817.000000		13609.000000		268435456
32654.000000		11284.000000		2643.000000		268435456
28497.000000		32657.000000		5589.000000		268435456
12271.000000		29986.000000		11381.000000		268435456
28009.000000		17074.000000		21401.000000		268435456
8974.000000		20709.000000		19120.000000		268435456
2958.000000		21926.000000		19191.000000		268435456
17196.000000		6468.000000		17732.000000		268435456
14107.000000		15872.000000		6719.000000		268435456
24622.000000		13842.000000		22080.000000		268435456
1365.000000		10668.000000		18065.000000		268435456
13850.000000		10504.000000		3855.000000		268435456
22070.000000		13312.000000		25619.000000		268435456
3570.000000		24255.000000		19210.000000		268435456
19523.000000		4032.000000		25470.000000		268435456
29333.000000		14216.000000		7798.000000		268435456
25352.000000		6449.000000		23372.000000		268435456
22186.000000		4398.000000		18106.000000		268435456
30211.000000		15053.000000		27950.000000		268435456
10692.000000		14084.000000		19373.000000		268435456
2090.000000		5180.000000		22679.000000		268435456
2621.000000		4056.000000		11085.000000		268435456
8271.000000		18073.000000		29052.000000		268435456
20097.000000		14746.000000		24645.000000		268435456
10515.000000		31273.000000		7830.000000		268435456
23477.000000		4305.000000		10494.000000		268435456
806.000000		28947.000000		17614.000000		268435456
30984.000000		30278.000000		30780.000000		268435456
28413.000000		6079.000000		11675.000000		268435456
22028.000000		3933.000000		14705.000000		268435456
12110.000000		20187.000000		5235.000000		268435456
8163.000000		19995.000000		25159.000000		268435456
22519.000000		29755.000000		11173.000000		268435456
5172.000000		21454.000000		30749.000000		268435456
13581.000000		18194.000000		9016.000000		268435456
21013.000000		19906.000000		2911.000000		268435456
9291.000000		31029.000000		7323.000000		268435456
2156.000000		19872.000000		1023.000000		268435456
12067.000000		25187.000000		3148.000000		268435456
24197.000000		26420.000000		16777.000000		268435456
15889.000000		11214.000000		26311.000000		268435456
24257.000000		7126.000000		22140.000000		268435456
28170.000000		14674.000000		10325.000000		268435456
5292.000000		24499.000000		23017.000000		268435456
30484.000000		25374.000000		24468.000000		268435456
18146.000000		24470.000000		15254.000000		268435456
16240.000000		3523.000000		28882.000000		268435456
2689.000000		11790.000000		1545.000000		268435456
14564.000000		10204.000000		23691.000000		268435456
12584.000000		13571.000000		22354.000000		268435456
3572.000000		23501.000000		32179.000000		268435456
5028.000000		17685.000000		25702.000000		268435456
827.000000		10574.000000		1163.000000		268435456
19172.000000		28250.000000		25704.000000		268435456
21793.000000		28095.000000		31030.000000		268435456
21962.000000		1625.000000		6203.000000		268435456
21653.000000		29555.000000		23880.000000		268435456
17899.000000		27983.000000		6188.000000		268435456
9639.000000		16243.000000		9732.000000		268435456
9832.000000		22824.000000		29841.000000		268435456
22794.000000		21103.000000		20742.000000		268435456
14175.000000		13993.000000		22459.000000		268435456
13792.000000		15570.000000		21387.000000		268435456
7586.000000		8647.000000		1671.000000		268435456
31598.000000		3894.000000		10390.000000		268435456
6591.000000		7196.000000		10858.000000		268435456
14977.000000		10152.000000		23709.000000		268435456
2678.000000		5361.000000		2782.000000		268435456
13483.000000		29052.000000		13712.000000		268435456
15921.000000		6246.000000		5483.000000		268435456
927.000000		12457.000000		3145.000000		268435456
13348.000000		9104.000000		6855.000000		268435456
13661.000000		13019.000000		10449.000000		268435456
14606.000000		14764.000000		19648.000000		268435456
6630.000000		4034.000000		1273.000000		268435456
5343.000000		31418.000000		7152.000000		268435456
17838.000000		20293.000000		20791.000000		268435456
5550.000000		13846.000000		25957.000000		268435456
22548.000000		10148.000000		1484.000000		268435456
31162.000000		21486.000000		16331.000000		268435456
30580.000000		24237.000000		16027.000000		268435456
23925.000000		1704.000000		29880.000000		268435456
15547.000000		142.000000		10805.000000		268435456
13260.000000		4495.000000		7713.000000		268435456
1672.000000		25584.000000		1295.000000		268435456
15901.000000		9315.000000		18732.000000		268435456
28726.000000		9818.000000		32725.000000		268435456
18085.000000		25505.000000		14039.000000		268435456
872.000000		15625.000000		7256.000000		268435456
23366.000000		17308.000000		10285.000000		268435456
15084.000000		13770.000000		3732.000000		268435456
16373.000000		28866.000000		26367.000000		268435456
9232.000000		8309.000000		6062.000000		268435456
5947.000000		10651.000000		15701.000000		268435456
26563.000000		9491.000000		12038.000000		268435456
9338.000000		16234.000000		7457.000000		268435456
22292.000000		21474.000000		12722.000000		268435456
24325.000000		30839.000000		9936.000000		268435456
20199.000000		5034.000000		19195.000000		268435456
7722.000000		23398.000000		22731.000000		268435456
29954.000000		2079.000000		26799.000000		268435456
17845.000000		3376.000000		19212.000000		268435456
1212.000000		11598.000000		25703.000000		268435456
22433.000000		29586.000000		16726.000000		268435456
11254.000000		1600.000000		10005.000000		268435456
31469.000000		19469.000000		25509.000000		268435456
26912.000000		27733.000000		32373.000000		268435456
12492.000000		27605.000000		24570.000000		268435456
381.000000		6671.000000		13362.000000		268435456
26799.000000		30520.000000		27024.000000		268435456
4837.000000		18235.000000		17637.000000		268435456
14550.000000		8034.000000		18708.000000		268435456
1711.000000		26043.000000		26930.000000		268435456
1130.000000		27543.000000		20101.000000		268435456
21390.000000		5479.000000		3502.000000		268435456
6483.000000		20268.000000		16566.000000		268435456
6791.000000		2747.000000		26201.000000		268435456
8002.000000		24556.000000		12209.000000		268435456
20296.000000		14144.000000		4304.000000		268435456
24234.000000		30890.000000		9839.000000		268435456
22149.000000		21506.000000		17534.000000		268435456
16798.000000		559.000000		28059.000000		268435456
25899.000000		19824.000000		29305.000000		268435456
18888.000000		4300.000000		13404.000000		268435456
390.000000		19817.000000		32459.000000		268435456
24055.000000		3883.000000		21847.000000		268435456
25521.000000		2934.000000		31579.000000		268435456
5890.000000		24380.000000		23918.000000		268435456
9442.000000		29784.000000		4275.000000		268435456
26335.000000		16470.000000		18153.000000		268435456
17782.000000		29041.000000		6987.000000		268435456
26185.000000		30169.000000		22269.000000		268435456
8135.000000		28086.000000		1074.000000		268435456
5199.000000		11254.000000		1275.000000		268435456
29233.000000		31019.000000		4638.000000		268435456
12436.000000		112.000000		6541.000000		268435456
21716.000000		27923.000000		27723.000000		268435456
25653.000000		29553.000000		6595.000000		268435456
16370.000000		611.000000		23232.000000		268435456
30346.000000		26812.000000		25824.000000		268435456
19961.000000		14612.000000		1983.000000		268435456
8765.000000		23539.000000		32045.000000		268435456
12445.000000		2655.000000		13461.000000		268435456
5231.000000		2720.000000		4924.000000		268435456
29326.000000		31006.000000		2058.000000		268435456
735.000000		11589.000000		26704.000000		268435456
10150.000000		31410.000000		26387.000000		268435456
26449.000000		29859.000000		18428.000000		268435456
11185.000000		14405.000000		14498.000000		268435456
7593.000000		29420.000000		527.000000		268435456
5134.000000		6986.000000		7072.000000		268435456
12146.000000		28844.000000		17756.000000		268435456
4835.000000		18806.000000		627.000000		268435456
21197.000000		31617.000000		20750.000000		268435456
19101.000000		29628.000000		27049.000000		268435456
23543.000000		20734.000000		30081.000000		268435456
1765.000000		30947.000000		1941.000000		268435456
26605.000000		12879.000000		7895.000000		268435456
3169.000000		10194.000000		28931.000000		268435456
11218.000000		15733.000000		29382.000000		268435456
17104.000000		13999.000000		21327.000000		268435456
26661.000000		12083.000000		14412.000000		268435456
30054.000000		6997.000000		7813.000000		268435456
20460.000000		32002.000000		6990.000000		268435456
21363.000000		9946.000000		23120.000000		268435456
4953.000000		6319.000000		14160.000000		268435456
20406.000000		26903.000000		30437.000000		268435456
31382.000000		30564.000000		31686.000000		268435456
1777.000000		17006.000000		18220.000000		268435456
26816.000000		13391.000000		16816.000000		268435456
1683.000000		31044.000000		978.000000		268435456
2098.000000		27432.000000		7545.000000		268435456
12953.000000		30186.000000		20244.000000		268435456
6320.000000		16704.000000		26967.000000		268435456
13811.000000		17130.000000		16211.000000		268435456
11548.000000		5090.000000		922.000000		268435456
27400.000000		26863.000000		2777.000000		268435456
27052.000000		31021.000000		6577.000000		268435456
4668.000000		1221.000000		6495.000000		268435456
21726.000000		15532.000000		25549.000000		268435456
2685.000000		23336.000000		4131.000000		268435456
23723.000000		21340.000000		15967.000000		268435456
9280.000000		335.000000		29628.000000		268435456
7828.000000		31455.000000		26102.000000		268435456
8571.000000		17022.000000		18157.000000		268435456
7337.000000		26121.000000		3869.000000		268435456
5499.000000		2567.000000		12316.000000		268435456
8860.000000		3344.000000		30533.000000		268435456
11685.000000		5756.000000		14148.000000		268435456
