3 1224
21495.000000		25735.000000		18026.000000		268435456
30521.000000		28116.000000		2464.000000		268435456
10073.000000		27394.000000		14585.000000		268435456
30192.000000		13666.000000		4922.000000		268435456
26521.000000		6519.000000		19672.000000		268435456
5623.000000		5699.000000		12821.000000		268435456
14697.000000		16451.000000		3498.000000		268435456
5699.000000		9725.000000		18031.000000		268435456
20903.000000		6145.000000		17376.000000		268435456
24235.000000		8577.000000		5135.000000		268435456
27940.000000		27092.000000		19819.000000		268435456
352.000000		17985.000000		7821.000000		268435456
1358.000000		5324.000000		8959.000000		268435456
27281.000000		1225.000000		19717.000000		268435456
12950.000000		32328.000000		16503.000000		268435456
31436.000000		14099.000000		13976.000000		268435456
30832.000000		6501.000000		19453.000000		268435456
22781.000000		21522.000000		2888.000000		268435456
57.000000		21980.000000		27393.000000		268435456
3865.000000		18219.000000		1300.000000		268435456
24428.000000		218.000000		1310.000000		268435456
4311.000000		28050.000000		15200.000000		268435456
15078.000000		696.000000		5253.000000		268435456
11779.000000		5315.000000		9988.000000		268435456
15406.000000		31386.000000		24713.000000		268435456
14934.000000		31890.000000		12199.000000		268435456
12030.000000		5478.000000		27219.000000		268435456
29390.000000		9348.000000		19234.000000		268435456
3194.000000		12172.000000		15608.000000		268435456
27904.000000		24435.000000		7717.000000		268435456
1753.000000		27026.000000		2393.000000		268435456
14046.000000		6573.000000		14683.000000		268435456
9077.000000		25965.000000		19360.000000		268435456
19937.000000		15617.000000		4270.000000		268435456
27247.000000		30467.000000		31537.000000		268435456
19095.000000		31620.000000		12941.000000		268435456
31348.000000		15470.000000		18275.000000		268435456
6666.000000		21751.000000		9017.000000		268435456
13380.000000		25305.000000		29290.000000		268435456
28791.000000		13313.000000		9347.000000		268435456
1288.000000		25357.000000		18739.000000		268435456
22860.000000		22481.000000		11395.000000		268435456
26520.000000		19720.000000		21018.000000		268435456
30320.000000		13241.000000		28208.000000		268435456
21576.000000		23603.000000		26057.000000		268435456
13621.000000		20953.000000		11492.000000		268435456
21455.000000		5652.000000		19620.000000		268435456
2443.000000		26376.000000		12331.000000		268435456
5473.000000		13199.000000		134.000000		268435456
12363.000000		30059.000000		8049.000000		268435456
4382.000000		6414.000000		9669.000000		268435456
8121.000000		26753.000000		25963.000000		268435456
14171.000000		15409.000000		32681.000000		268435456
14727.000000		20619.000000		2386.000000		268435456
17015.000000		5582.000000		25572.000000		268435456
5116.000000		7322.000000		16451.000000		268435456
17454.000000		13674.000000		19890.000000		268435456
22548.000000		14762.000000		25444.000000		268435456
18613.000000		18290.000000		31899.000000		268435456
20662.000000		8850.000000		1951.000000		268435456
14596.000000		29154.000000		21525.000000		268435456
27465.000000		32692.000000		14866.000000		268435456
21259.000000		25366.000000		18560.000000		268435456
9296.000000		18086.000000		28800.000000		268435456
27088.000000		23801.000000		23331.000000		268435456
15075.000000		10589.000000		8047.000000		268435456
30889.000000		31444.000000		19000.000000		268435456
7183.000000		24949.000000		12213.000000		268435456
15375.000000		31331.000000		31540.000000		268435456
21382.000000		20396.000000		19352.000000		268435456
18352.000000		254.000000		5310.000000		268435456
306.000000		20655.000000		16347.000000		268435456
17628.000000		15358.000000		2840.000000		268435456
27510.000000		24519.000000		1864.000000		268435456
30040.000000		26522.000000		23791.000000		268435456
21583.000000		29956.000000		6038.000000		268435456
5689.000000		18934.000000		14272.000000		268435456
19345.000000		20480.000000		15548.000000		268435456
7007.000000		6174.000000		602.000000		268435456
25326.000000		24908.000000		19473.000000		268435456
18332.000000		6428.000000		12584.000000		268435456
30864.000000		5152.000000		19145.000000		268435456
11956.000000		16237.000000		6981.000000		268435456
21350.000000		9970.000000		23475.000000		268435456
1464.000000		27522.000000		6279.000000		268435456
6270.000000		23794.000000		30267.000000		268435456
7012.000000		10768.000000		20482.000000		268435456
17144.000000		27557.000000		7458.000000		268435456
13709.000000		5978.000000		7097.000000		268435456
20600.000000		28435.000000		5487.000000		268435456
12740.000000		11448.000000		4467.000000		268435456
21033.000000		13377.000000		3708.000000		268435456
30386.000000		12303.000000		27116.000000		268435456
5798.000000		7416.000000		21043.000000		268435456
20703.000000		21748.000000		30427.000000		268435456
15204.000000		4347.000000		212.000000		268435456
4320.000000		28068.000000		28041.000000		268435456
13433.000000		12351.000000		7645.000000		268435456
31265.000000		24110.000000		20199.000000		268435456
20431.000000		5835.000000		23530.000000		268435456
6338.000000		28237.000000		30565.000000		268435456
29989.000000		20026.000000		13225.000000		268435456
14917.000000		9963.000000		12284.000000		268435456
30317.000000		21023.000000		30255.000000		268435456
22524.000000		11851.000000		18216.000000		268435456
15457.000000		9145.000000		17751.000000		268435456
4987.000000		8771.000000		5058.000000		268435456
2420.000000		7868.000000		15608.000000		268435456
17529.000000		21004.000000		7420.000000		268435456
349.000000		25623.000000		11781.000000		268435456
21725.000000		413.000000		18928.000000		268435456
11760.000000		4343.000000		10496.000000		268435456
4857.000000		7811.000000		16506.000000		268435456
27140.000000		26503.000000		18249.000000		268435456
2836.000000		4783.000000		20057.000000		268435456
408.000000		23573.000000		15139.000000		268435456
12505.000000		15300.000000		10449.000000		268435456
627.000000		29855.000000		15506.000000		268435456
30277.000000		3509.000000		20023.000000		268435456
15087.000000		25086.000000		32089.000000		268435456
12580.000000		7650.000000		12855.000000		268435456
19641.000000		292.000000		30912.000000		268435456
12610.000000		20464.000000		26806.000000		268435456
6047.000000		22569.000000		17392.000000		268435456
30938.000000		12300.000000		3220.000000		268435456
9423.000000		30232.000000		2561.000000		268435456
30189.000000		15970.000000		30403.000000		268435456
13585.000000		11715.000000		11021.000000		268435456
13951.000000		7654.000000		20332.000000		268435456
13529.000000		17153.000000		6125.000000		268435456
10991.000000		19655.000000		26134.000000		268435456
12112.000000		7969.000000		3173.000000		268435456
28903.000000		22309.000000		24333.000000		268435456
30110.000000		19579.000000		18405.000000		268435456
9881.000000		25814.000000		29565.000000		268435456
8735.000000		8807.000000		26935.000000		268435456
14656.000000		10605.000000		3834.000000		268435456
30533.000000		512.000000		11176.000000		268435456
21274.000000		10681.000000		20587.000000		268435456
26712.000000		6521.000000		1164.000000		268435456
19551.000000		3182.000000		11670.000000		268435456
28242.000000		9974.000000		5686.000000		268435456
8162.000000		21449.000000		32704.000000		268435456
13703.000000		29986.000000		10674.000000		268435456
12111.000000		31805.000000		25876.000000		268435456
16607.000000		6905.000000		29416.000000		268435456
27733.000000		8334.000000		30169.000000		268435456
26054.000000		13698.000000		23285.000000		268435456
4887.000000		32239.000000		7581.000000		268435456
4126.000000		11625.000000		31440.000000		268435456
22451.000000		4853.000000		18394.000000		268435456
8154.000000		29628.000000		25760.000000		268435456
3019.000000		10875.000000		19651.000000		268435456
31246.000000		18487.000000		25678.000000		268435456
8775.000000		32723.000000		30267.000000		268435456
9615.000000		24800.000000		4147.000000		268435456
26325.000000		23505.000000		24102.000000		268435456
3964.000000		32236.000000		26867.000000		268435456
3022.000000		8858.000000		7824.000000		268435456
28240.000000		26134.000000		29669.000000		268435456
11396.000000		22582.000000		8548.000000		268435456
14909.000000		18169.000000		15770.000000		268435456
23337.000000		13913.000000		8349.000000		268435456
26633.000000		21004.000000		6748.000000		268435456
6356.000000		6114.000000		26949.000000		268435456
4009.000000		31301.000000		22723.000000		268435456
31558.000000		20217.000000		665.000000		268435456
31297.000000		16289.000000		32427.000000		268435456
6015.000000		220.000000		18470.000000		268435456
19291.000000		19700.000000		9009.000000		268435456
22859.000000		28341.000000		8385.000000		268435456
10098.000000		8658.000000		6283.000000		268435456
3909.000000		13588.000000		5541.000000		268435456
28198.000000		25972.000000		28359.000000		268435456
28677.000000		5082.000000		29728.000000		268435456
26795.000000		8419.000000		29917.000000		268435456
2168.000000		20161.000000		10638.000000		268435456
15706.000000		19918.000000		20384.000000		268435456
11407.000000		15040.000000		31901.000000		268435456
8041.000000		13521.000000		5728.000000		268435456
31434.000000		9980.000000		30726.000000		268435456
7735.000000		20778.000000		13164.000000		268435456
6213.000000		4104.000000		6725.000000		268435456
14769.000000		10488.000000		6831.000000		268435456
20057.000000		669.000000		31477.000000		268435456
2481.000000		4258.000000		21266.000000		268435456
29675.000000		20247.000000		25049.000000		268435456
25713.000000		29952.000000		24445.000000		268435456
23547.000000		16725.000000		5304.000000		268435456
5222.000000		23371.000000		23170.000000		268435456
12313.000000		2258.000000		14490.000000		268435456
26648.000000		5901.000000		9235.000000		268435456
30918.000000		27405.000000		22535.000000		268435456
18140.000000		5505.000000		25305.000000		268435456
28393.000000		20123.000000		17235.000000		268435456
2931.000000		23334.000000		25352.000000		268435456
22754.000000		14205.000000		24867.000000		268435456
16894.000000		15218.000000		6843.000000		268435456
31460.000000		32139.000000		29864.000000		268435456
6346.000000		15332.000000		24643.000000		268435456
21907.000000		27663.000000		11332.000000		268435456
27609.000000		19181.000000		14573.000000		268435456
24360.000000		9712.000000		18077.000000		268435456
24891.000000		18527.000000		10030.000000		268435456
25217.000000		11253.000000		5442.000000		268435456
8338.000000		8299.000000		5425.000000		268435456
3294.000000		19208.000000		27497.000000		268435456
23125.000000		15189.000000		30011.000000		268435456
15946.000000		5768.000000		27777.000000		268435456
9131.000000		4957.000000		870.000000		268435456
14811.000000		30463.000000		380.000000		268435456
12792.000000		12187.000000		19612.000000		268435456
10825.000000		20451.000000		19745.000000		268435456
19830.000000		23992.000000		19679.000000		268435456
25748.000000		24358.000000		5838.000000		268435456
29803.000000		7625.000000		11070.000000		268435456
13736.000000		20416.000000		8294.000000		268435456
12505.000000		6846.000000		25603.000000		268435456
10567.000000		5238.000000		1897.000000		268435456
8382.000000		3872.000000		8710.000000		268435456
26531.000000		4753.000000		31332.000000		268435456
13635.000000		26894.000000		11813.000000		268435456
21606.000000		31812.000000		825.000000		268435456
18274.000000		12735.000000		18510.000000		268435456
21790.000000		2274.000000		15343.000000		268435456
24814.000000		31727.000000		32677.000000		268435456
24135.000000		3396.000000		18194.000000		268435456
3846.000000		14854.000000		18338.000000		268435456
28010.000000		24813.000000		9666.000000		268435456
20310.000000		10200.000000		9799.000000		268435456
15369.000000		3267.000000		21761.000000		268435456
15283.000000		15689.000000		31671.000000		268435456
2642.000000		1662.000000		18669.000000		268435456
4088.000000		13890.000000		7634.000000		268435456
12745.000000		18464.000000		14295.000000		268435456
5162.000000		29112.000000		25259.000000		268435456
3948.000000		29961.000000		131.000000		268435456
26959.000000		3249.000000		19180.000000		268435456
4613.000000		1676.000000		7667.000000		268435456
16765.000000		32653.000000		22915.000000		268435456
9374.000000		14345.000000		24708.000000		268435456
15371.000000		29440.000000		22580.000000		268435456
5712.000000		12034.000000		22351.000000		268435456
1260.000000		20343.000000		24801.000000		268435456
22510.000000		13723.000000		17928.000000		268435456
659.000000		1260.000000		4513.000000		268435456
15671.000000		24200.000000		718.000000		268435456
24577.000000		583.000000		26117.000000		268435456
12942.000000		8026.000000		29869.000000		268435456
10430.000000		6883.000000		23066.000000		268435456
22898.000000		27302.000000		30403.000000		268435456
2798.000000		32217.000000		19462.000000		268435456
3366.000000		9597.000000		27970.000000		268435456
14284.000000		13838.000000		5973.000000		268435456
15950.000000		3110.000000		12484.000000		268435456
21797.000000		15172.000000		12624.000000		268435456
12132.000000		18478.000000		27059.000000		268435456
4779.000000		15259.000000		12276.000000		268435456
13657.000000		11790.000000		22704.000000		268435456
19513.000000		16964.000000		11616.000000		268435456
1729.000000		25387.000000		10807.000000		268435456
15975.000000		2896.000000		30685.000000		268435456
10575.000000		7387.000000		8958.000000		268435456
17652.000000		32230.000000		703.000000		268435456
149.000000		20387.000000		32696.000000		268435456
29425.000000		15692.000000		9945.000000		268435456
12868.000000		4607.000000		7751.000000		268435456
8888.000000		22134.000000		316.000000		268435456
21342.000000		14410.000000		16258.000000		268435456
28691.000000		4895.000000		13679.000000		268435456
28435.000000		22428.000000		14358.000000		268435456
31002.000000		15525.000000		5229.000000		268435456
17228.000000		31677.000000		3119.000000		268435456
21171.000000		26637.000000		15362.000000		268435456
22534.000000		129.000000		1262.000000		268435456
25532.000000		4606.000000		14951.000000		268435456
11791.000000		14621.000000		8146.000000		268435456
26183.000000		11422.000000		12329.000000		268435456
30406.000000		28772.000000		6044.000000		268435456
12394.000000		6794.000000		24252.000000		268435456
27108.000000		25318.000000		866.000000		268435456
11928.000000		14697.000000		7246.000000		268435456
12164.000000		12385.000000		29631.000000		268435456
14200.000000		25537.000000		21941.000000		268435456
17373.000000		29711.000000		24424.000000		268435456
9658.000000		1313.000000		11658.000000		268435456
1896.000000		19378.000000		26516.000000		268435456
32346.000000		19636.000000		29648.000000		268435456
10608.000000		9064.000000		20972.000000		268435456
27210.000000		2527.000000		13246.000000		268435456
5177.000000		12464.000000		22790.000000		268435456
132.000000		7033.000000		32124.000000		268435456
18754.000000		12591.000000		30108.000000		268435456
23018.000000		26033.000000		28661.000000		268435456
333.000000		21002.000000		20981.000000		268435456
14980.000000		19413.000000		27411.000000		268435456
14132.000000		10995.000000		1597.000000		268435456
21498.000000		611.000000		19705.000000		268435456
21939.000000		1091.000000		22469.000000		268435456
21341.000000		816.000000		15640.000000		268435456
24494.000000		16813.000000		20055.000000		268435456
8344.000000		20621.000000		24115.000000		268435456
26527.000000		21361.000000		23081.000000		268435456
37.000000		21940.000000		23729.000000		268435456
22059.000000		3612.000000		18971.000000		268435456
14297.000000		25053.000000		16583.000000		268435456
10517.000000		19763.000000		17713.000000		268435456
32225.000000		18631.000000		17510.000000		268435456
19205.000000		24416.000000		11159.000000		268435456
25928.000000		28325.000000		15088.000000		268435456
14809.000000		31475.000000		658.000000		268435456
15775.000000		16043.000000		27931.000000		268435456
13442.000000		28634.000000		11293.000000		268435456
927.000000		4775.000000		13720.000000		268435456
27286.000000		2141.000000		30260.000000		268435456
7893.000000		14195.000000		15179.000000		268435456
30494.000000		7234.000000		22256.000000		268435456
19652.000000		19743.000000		27707.000000		268435456
7500.000000		21023.000000		16897.000000		268435456
21497.000000		4904.000000		26758.000000		268435456
6425.000000		30985.000000		14641.000000		268435456
31237.000000		4114.000000		28412.000000		268435456
12030.000000		22754.000000		23788.000000		268435456
19809.000000		16699.000000		9517.000000		268435456
19779.000000		25072.000000		8968.000000		268435456
12439.000000		27349.000000		21256.000000		268435456
22172.000000		21640.000000		18751.000000		268435456
18012.000000		2350.000000		28267.000000		268435456
24839.000000		24553.000000		26133.000000		268435456
30285.000000		7135.000000		11563.000000		268435456
9518.000000		25510.000000		30248.000000		268435456
20624.000000		22654.000000		21622.000000		268435456
22966.000000		301.000000		15640.000000		268435456
10900.000000		5587.000000		12975.000000		268435456
4929.000000		4931.000000		6278.000000		268435456
31125.000000		16851.000000		11527.000000		268435456
19733.000000		32669.000000		18655.000000		268435456
16311.000000		17352.000000		7292.000000		268435456
18326.000000		15058.000000		1776.000000		268435456
26322.000000		6506.000000		28182.000000		268435456
16680.000000		20829.000000		20080.000000		268435456
12367.000000		6363.000000		10349.000000		268435456
777.000000		26734.000000		25862.000000		268435456
920.000000		23233.000000		11482.000000		268435456
7999.000000		32686.000000		8823.000000		268435456
27915.000000		14071.000000		21744.000000		268435456
23999.000000		22868.000000		10748.000000		268435456
7548.000000		17284.000000		32000.000000		268435456
1601.000000		24588.000000		28146.000000		268435456
16033.000000		14562.000000		13024.000000		268435456
16786.000000		15013.000000		20067.000000		268435456
2809.000000		20407.000000		11306.000000		268435456
2105.000000		2952.000000		14362.000000		268435456
22548.000000		27531.000000		27046.000000		268435456
19905.000000		11868.000000		11577.000000		268435456
14405.000000		805.000000		5546.000000		268435456
7966.000000		12391.000000		24979.000000		268435456
5415.000000		658.000000		18830.000000		268435456
4051.000000		20620.000000		25651.000000		268435456
13939.000000		11272.000000		2688.000000		268435456
25830.000000		6650.000000		31959.000000		268435456
8480.000000		5144.000000		2150.000000		268435456
15819.000000		14559.000000		16202.000000		268435456
10441.000000		2808.000000		2448.000000		268435456
23244.000000		2751.000000		12255.000000		268435456
449.000000		26568.000000		1116.000000		268435456
23954.000000		13387.000000		31619.000000		268435456
11363.000000		3097.000000		17447.000000		268435456
19424.000000		17593.000000		2835.000000		268435456
17027.000000		25894.000000		10521.000000		268435456
1440.000000		13077.000000		27906.000000		268435456
5640.000000		32127.000000		10928.000000		268435456
5840.000000		23564.000000		372.000000		268435456
15381.000000		11542.000000		21273.000000		268435456
8941.000000		9995.000000		21585.000000		268435456
8780.000000		28388.000000		32178.000000		268435456
27381.000000		12252.000000		28167.000000		268435456
13332.000000		10927.000000		19789.000000		268435456
28695.000000		19965.000000		28397.000000		268435456
29670.000000		9870.000000		7949.000000		268435456
17568.000000		9574.000000		21124.000000		268435456
20747.000000		10048.000000		17651.000000		268435456
2515.000000		9340.000000		3857.000000		268435456
31827.000000		22394.000000		8052.000000		268435456
13478.000000		350.000000		15167.000000		268435456
7853.000000		11683.000000		20403.000000		268435456
19609.000000		31958.000000		18119.000000		268435456
10923.000000		1228.000000		17453.000000		268435456
16169.000000		31627.000000		29782.000000		268435456
7760.000000		18625.000000		24574.000000		268435456
26506.000000		30288.000000		29227.000000		268435456
31938.000000		15995.000000		264.000000		268435456
23976.000000		26785.000000		31771.000000		268435456
8109.000000		26982.000000		17315.000000		268435456
20644.000000		20646.000000		11521.000000		268435456
20098.000000		9015.000000		8861.000000		268435456
28745.000000		5726.000000		24259.000000		268435456
24022.000000		32582.000000		2226.000000		268435456
1577.000000		22463.000000		32633.000000		268435456
903.000000		21406.000000		9417.000000		268435456
10853.000000		13799.000000		26448.000000		268435456
7287.000000		4430.000000		25749.000000		268435456
18764.000000		25524.000000		20033.000000		268435456
26363.000000		17055.000000		29034.000000		268435456
18004.000000		28772.000000		20923.000000		268435456
16720.000000		24879.000000		31083.000000		268435456
15901.000000		10500.000000		22987.000000		268435456
23987.000000		3885.000000		857.000000		268435456
3194.000000		473.000000		27238.000000		268435456
9714.000000		26152.000000		5543.000000		268435456
7350.000000		21776.000000		22752.000000		268435456
18059.000000		21288.000000		10664.000000		268435456
31122.000000		30279.000000		18112.000000		268435456
7609.000000		11027.000000		18921.000000		268435456
24486.000000		13020.000000		31333.000000		268435456
9470.000000		5000.000000		26397.000000		268435456
4153.000000		25859.000000		825.000000		268435456
27657.000000		23474.000000		28956.000000		268435456
7070.000000		21512.000000		23148.000000		268435456
29193.000000		15818.000000		10733.000000		268435456
8637.000000		18005.000000		12904.000000		268435456
9932.000000		3386.000000		1744.000000		268435456
27737.000000		31243.000000		13949.000000		268435456
12096.000000		24223.000000		22460.000000		268435456
6694.000000		16212.000000		27002.000000		268435456
16682.000000		3616.000000		26585.000000		268435456
8912.000000		15282.000000		27942.000000		268435456
6192.000000		32210.000000		27093.000000		268435456
7045.000000		0.000000		5597.000000		268435456
14987.000000		18723.000000		22824.000000		268435456
8350.000000		8921.000000		5312.000000		268435456
3576.000000		19322.000000		5541.000000		268435456
29820.000000		4000.000000		2093.000000		268435456
11722.000000		1945.000000		28904.000000		268435456
3249.000000		15976.000000		13699.000000		268435456
6434.000000		2657.000000		15741.000000		268435456
15885.000000		9053.000000		24670.000000		268435456
15546.000000		7934.000000		15836.000000		268435456
19762.000000		25743.000000		29388.000000		268435456
7623.000000		25523.000000		9609.000000		268435456
11431.000000		23327.000000		18218.000000		268435456
5085.000000		21945.000000		18679.000000		268435456
29365.000000		8517.000000		12205.000000		268435456
7650.000000		4074.000000		10506.000000		268435456
24686.000000		168.000000		8381.000000		268435456
610.000000		2865.000000		19773.000000		268435456
164.000000		3325.000000		31413.000000		268435456
9715.000000		249.000000		27611.000000		268435456
16585.000000		9454.000000		9375.000000		268435456
25184.000000		28432.000000		16856.000000		268435456
16104.000000		1962.000000		19713.000000		268435456
16343.000000		31158.000000		17442.000000		268435456
12081.000000		14268.000000		1761.000000		268435456
19793.000000		21461.000000		4734.000000		268435456
217.000000		5110.000000		26754.000000		268435456
2022.000000		16013.000000		22613.000000		268435456
7480.000000		30091.000000		7819.000000		268435456
22737.000000		26783.000000		8705.000000		268435456
3432.000000		20157.000000		24976.000000		268435456
16462.000000		19298.000000		11632.000000		268435456
20951.000000		18333.000000		13636.000000		268435456
22423.000000		26168.000000		29495.000000		268435456
5258.000000		16080.000000		8112.000000		268435456
32430.000000		15046.000000		8564.000000		268435456
27132.000000		29275.000000		27714.000000		268435456
23219.000000		31584.000000		5131.000000		268435456
24039.000000		30951.000000		24993.000000		268435456
20470.000000		19037.000000		3618.000000		268435456
24659.000000		11761.000000		25204.000000		268435456
28425.000000		1115.000000		9956.000000		268435456
7363.000000		21478.000000		4268.000000		268435456
28285.000000		10383.000000		4088.000000		268435456
10324.000000		1318.000000		2030.000000		268435456
21262.000000		22972.000000		9781.000000		268435456
5419.000000		10580.000000		28459.000000		268435456
26211.000000		30573.000000		11628.000000		268435456
10381.000000		5760.000000		19092.000000		268435456
8384.000000		17011.000000		15973.000000		268435456
32356.000000		24087.000000		28250.000000		268435456
17449.000000		12517.000000		23143.000000		268435456
8240.000000		5016.000000		2057.000000		268435456
10218.000000		21780.000000		23008.000000		268435456
20112.000000		12148.000000		14174.000000		268435456
10638.000000		22569.000000		5124.000000		268435456
17375.000000		6841.000000		28890.000000		268435456
29849.000000		21610.000000		15229.000000		268435456
23457.000000		71.000000		13202.000000		268435456
25772.000000		9308.000000		4233.000000		268435456
7606.000000		18111.000000		18662.000000		268435456
15833.000000		21307.000000		17171.000000		268435456
32131.000000		8830.000000		8217.000000		268435456
25938.000000		4222.000000		16294.000000		268435456
31897.000000		4398.000000		12560.000000		268435456
14516.000000		11101.000000		14422.000000		268435456
7556.000000		22747.000000		30880.000000		268435456
11426.000000		31897.000000		5868.000000		268435456
32447.000000		25233.000000		26152.000000		268435456
2924.000000		5112.000000		14326.000000		268435456
24326.000000		3306.000000		17778.000000		268435456
4846.000000		19500.000000		26255.000000		268435456
894.000000		27925.000000		8469.000000		268435456
23799.000000		25373.000000		7930.000000		268435456
19816.000000		30015.000000		6338.000000		268435456
32720.000000		11735.000000		12896.000000		268435456
4185.000000		11622.000000		1095.000000		268435456
15547.000000		18055.000000		4185.000000		268435456
15153.000000		10229.000000		18228.000000		268435456
28808.000000		30792.000000		19204.000000		268435456
30023.000000		11720.000000		16988.000000		268435456
24202.000000		32688.000000		28889.000000		268435456
15998.000000		21858.000000		10156.000000		268435456
26777.000000		18533.000000		9081.000000		268435456
15428.000000		26488.000000		27152.000000		268435456
26336.000000		28439.000000		29996.000000		268435456
30381.000000		10015.000000		26202.000000		268435456
10406.000000		19642.000000		7883.000000		268435456
12317.000000		24132.000000		874.000000		268435456
17243.000000		31440.000000		7752.000000		268435456
1866.000000		32567.000000		14085.000000		268435456
18313.000000		27172.000000		21010.000000		268435456
1656.000000		21096.000000		27171.000000		268435456
19322.000000		7244.000000		16390.000000		268435456
29753.000000		5037.000000		29335.000000		268435456
2484.000000		9662.000000		30383.000000		268435456
31009.000000		9387.000000		4442.000000		268435456
9625.000000		8553.000000		28158.000000		268435456
19236.000000		8756.000000		27625.000000		268435456
4812.000000		11.000000		2246.000000		268435456
23195.000000		18618.000000		7286.000000		268435456
11308.000000		27836.000000		27296.000000		268435456
17959.000000		14377.000000		2000.000000		268435456
19843.000000		11621.000000		19966.000000		268435456
29158.000000		25028.000000		31066.000000		268435456
20283.000000		16669.000000		29846.000000		268435456
21434.000000		19156.000000		25703.000000		268435456
9653.000000		22437.000000		16503.000000		268435456
10637.000000		25942.000000		26575.000000		268435456
11805.000000		25716.000000		3673.000000		268435456
12254.000000		7136.000000		7070.000000		268435456
28870.000000		21779.000000		6668.000000		268435456
24051.000000		24695.000000		6701.000000		268435456
25976.000000		9666.000000		7186.000000		268435456
31370.000000		9751.000000		27907.000000		268435456
8251.000000		144.000000		31690.000000		268435456
22239.000000		15111.000000		23371.000000		268435456
19832.000000		4722.000000		29619.000000		268435456
30551.000000		3681.000000		23247.000000		268435456
6806.000000		7937.000000		28079.000000		268435456
14404.000000		5460.000000		26025.000000		268435456
9294.000000		26336.000000		15189.000000		268435456
25195.000000		21758.000000		1587.000000		268435456
22133.000000		32254.000000		12967.000000		268435456
30293.000000		7165.000000		22491.000000		268435456
24812.000000		1578.000000		12755.000000		268435456
1698.000000		17154.000000		22243.000000		268435456
5101.000000		14266.000000		11459.000000		268435456
6344.000000		28171.000000		29240.000000		268435456
10750.000000		1333.000000		15782.000000		268435456
259.000000		20498.000000		14819.000000		268435456
20515.000000		18485.000000		19899.000000		268435456
22889.000000		29005.000000		2500.000000		268435456
11563.000000		5379.000000		24066.000000		268435456
23905.000000		31837.000000		913.000000		268435456
20268.000000		24480.000000		20390.000000		268435456
27107.000000		12532.000000		23642.000000		268435456
21133.000000		22579.000000		23090.000000		268435456
30800.000000		23260.000000		16627.000000		268435456
22567.000000		7696.000000		12791.000000		268435456
27850.000000		8814.000000		12829.000000		268435456
2157.000000		28633.000000		19248.000000		268435456
21066.000000		18381.000000		1090.000000		268435456
32664.000000		9319.000000		14011.000000		268435456
28139.000000		27782.000000		30751.000000		268435456
9026.000000		19327.000000		23432.000000		268435456
16417.000000		1900.000000		30902.000000		268435456
7174.000000		9854.000000		23568.000000		268435456
26071.000000		3260.000000		16466.000000		268435456
3564.000000		2171.000000		22893.000000		268435456
9383.000000		18675.000000		18835.000000		268435456
16598.000000		27286.000000		3560.000000		268435456
5292.000000		30434.000000		21167.000000		268435456
17964.000000		27762.000000		30492.000000		268435456
8092.000000		18901.000000		10355.000000		268435456
23401.000000		25088.000000		3071.000000		268435456
16422.000000		2807.000000		15269.000000		268435456
24935.000000		18220.000000		21873.000000		268435456
24023.000000		5430.000000		32469.000000		268435456
20085.000000		18187.000000		16410.000000		268435456
8422.000000		32071.000000		965.000000		268435456
5531.000000		18330.000000		13511.000000		268435456
30392.000000		7085.000000		5862.000000		268435456
10144.000000		27694.000000		129.000000		268435456
2817.000000		3267.000000		31914.000000		268435456
673.000000		4132.000000		26644.000000		268435456
716.000000		7996.000000		18319.000000		268435456
19298.000000		10358.000000		31422.000000		268435456
7628.000000		9117.000000		20269.000000		268435456
14244.000000		5687.000000		26179.000000		268435456
22466.000000		12175.000000		28606.000000		268435456
13084.000000		3377.000000		17047.000000		268435456
1766.000000		15911.000000		14025.000000		268435456
12513.000000		6414.000000		5588.000000		268435456
5517.000000		12916.000000		19704.000000		268435456
6515.000000		20699.000000		16712.000000		268435456
9349.000000		13293.000000		5707.000000		268435456
18848.000000		15296.000000		11954.000000		268435456
28890.000000		13466.000000		31006.000000		268435456
12530.000000		6984.000000		261.000000		268435456
4869.000000		16144.000000		20926.000000		268435456
24178.000000		3722.000000		20052.000000		268435456
26292.000000		32398.000000		7039.000000		268435456
16608.000000		7954.000000		4271.000000		268435456
29101.000000		24037.000000		6549.000000		268435456
7084.000000		4958.000000		6678.000000		268435456
17781.000000		10738.000000		6431.000000		268435456
17501.000000		11333.000000		31700.000000		268435456
27331.000000		27341.000000		4890.000000		268435456
13347.000000		2475.000000		3033.000000		268435456
14063.000000		13055.000000		20549.000000		268435456
26563.000000		10312.000000		4844.000000		268435456
19155.000000		1623.000000		2582.000000		268435456
31785.000000		3438.000000		17624.000000		268435456
14299.000000		16957.000000		11082.000000		268435456
59.000000		5902.000000		32722.000000		268435456
13115.000000		12179.000000		6081.000000		268435456
9414.000000		21880.000000		717.000000		268435456
10369.000000		10880.000000		5792.000000		268435456
22941.000000		8574.000000		25216.000000		268435456
13306.000000		9912.000000		27372.000000		268435456
4922.000000		7425.000000		4932.000000		268435456
25256.000000		22309.000000		9760.000000		268435456
30348.000000		17695.000000		29199.000000		268435456
22714.000000		30201.000000		7532.000000		268435456
4275.000000		1133.000000		24894.000000		268435456
192.000000		9869.000000		30104.000000		268435456
7890.000000		6407.000000		24045.000000		268435456
29978.000000		15523.000000		17096.000000		268435456
20043.000000		30045.000000		30985.000000		268435456
16973.000000		27866.000000		4244.000000		268435456
22520.000000		21509.000000		27487.000000		268435456
15424.000000		6267.000000		7206.000000		268435456
31044.000000		22009.000000		7773.000000		268435456
14742.000000		6888.000000		28011.000000		268435456
9257.000000		12.000000		2874.000000		268435456
28575.000000		18774.000000		7539.000000		268435456
23430.000000		6012.000000		20667.000000		268435456
11919.000000		17807.000000		18317.000000		268435456
9033.000000		1762.000000		25565.000000		268435456
12548.000000		27384.000000		12241.000000		268435456
17496.000000		27647.000000		23042.000000		268435456
25347.000000		2326.000000		25867.000000		268435456
29264.000000		1034.000000		2930.000000		268435456
17382.000000		24881.000000		23877.000000		268435456
13662.000000		12170.000000		17234.000000		268435456
9220.000000		1274.000000		4966.000000		268435456
25835.000000		2030.000000		28261.000000		268435456
18927.000000		21046.000000		20896.000000		268435456
4050.000000		20567.000000		19493.000000		268435456
21655.000000		27615.000000		26524.000000		268435456
30036.000000		14416.000000		7715.000000		268435456
18117.000000		19261.000000		23725.000000		268435456
15878.000000		17001.000000		16299.000000		268435456
23963.000000		25558.000000		3440.000000		268435456
1649.000000		31218.000000		1047.000000		268435456
30493.000000		27483.000000		24989.000000		268435456
5402.000000		19021.000000		17509.000000		268435456
12026.000000		13009.000000		12793.000000		268435456
21547.000000		3971.000000		13537.000000		268435456
18178.000000		12449.000000		24495.000000		268435456
27385.000000		11054.000000		516.000000		268435456
15891.000000		29538.000000		21869.000000		268435456
11792.000000		22989.000000		24536.000000		268435456
29538.000000		17268.000000		34.000000		268435456
7321.000000		1054.000000		14723.000000		268435456
11622.000000		19899.000000		4143.000000		268435456
22572.000000		9500.000000		5826.000000		268435456
8921.000000		23596.000000		21855.000000		268435456
114.000000		26787.000000		11138.000000		268435456
2433.000000		28898.000000		5910.000000		268435456
11811.000000		12273.000000		27090.000000		268435456
449.000000		7920.000000		14178.000000		268435456
318.000000		128.000000		26853.000000		268435456
18217.000000		18484.000000		2814.000000		268435456
25747.000000		22247.000000		5090.000000		268435456
11641.000000		2512.000000		26985.000000		268435456
23795.000000		15045.000000		27053.000000		268435456
28364.000000		10524.000000		24468.000000		268435456
1192.000000		4581.000000		13041.000000		268435456
31476.000000		20771.000000		29920.000000		268435456
17406.000000		24601.000000		1557.000000		268435456
8486.000000		29971.000000		25949.000000		268435456
32256.000000		11909.000000		18655.000000		268435456
25733.000000		17955.000000		25995.000000		268435456
21696.000000		4166.000000		11760.000000		268435456
24882.000000		27610.000000		17160.000000		268435456
27328.000000		29635.000000		103.000000		268435456
10985.000000		9158.000000		21236.000000		268435456
12109.000000		30469.000000		31297.000000		268435456
20307.000000		10742.000000		27125.000000		268435456
25078.000000		6888.000000		29276.000000		268435456
30101.000000		24030.000000		25366.000000		268435456
7523.000000		17418.000000		29980.000000		268435456
16835.000000		3948.000000		20996.000000		268435456
29745.000000		18873.000000		26407.000000		268435456
32321.000000		20083.000000		12875.000000		268435456
2728.000000		12883.000000		13244.000000		268435456
26171.000000		2750.000000		2210.000000		268435456
11871.000000		31195.000000		20608.000000		268435456
5044.000000		23904.000000		19571.000000		268435456
18728.000000		10924.000000		7908.000000		268435456
22755.000000		1061.000000		24337.000000		268435456
16102.000000		31113.000000		30571.000000		268435456
32721.000000		32300.000000		9061.000000		268435456
24078.000000		19846.000000		1401.000000		268435456
23675.000000		25871.000000		17399.000000		268435456
6405.000000		29049.000000		6774.000000		268435456
7394.000000		8234.000000		11930.000000		268435456
21152.000000		28665.000000		21856.000000		268435456
8138.000000		30683.000000		5162.000000		268435456
12907.000000		7179.000000		30768.000000		268435456
9763.000000		27859.000000		8215.000000		268435456
17792.000000		22550.000000		5781.000000		268435456
15431.000000		7123.000000		28345.000000		268435456
14104.000000		6579.000000		492.000000		268435456
3986.000000		28770.000000		23195.000000		268435456
14369.000000		17521.000000		1164.000000		268435456
23046.000000		2409.000000		22590.000000		268435456
20339.000000		3752.000000		12983.000000		268435456
28916.000000		2225.000000		5385.000000		268435456
21638.000000		2798.000000		25036.000000		268435456
9444.000000		8885.000000		14690.000000		268435456
21676.000000		30157.000000		18070.000000		268435456
20523.000000		13907.000000		22295.000000		268435456
10050.000000		23243.000000		25032.000000		268435456
32501.000000		3119.000000		1200.000000		268435456
3924.000000		21727.000000		19972.000000		268435456
22198.000000		11249.000000		15160.000000		268435456
2475.000000		28142.000000		17664.000000		268435456
7213.000000		2472.000000		3998.000000		268435456
23610.000000		15840.000000		22954.000000		268435456
16008.000000		14313.000000		8646.000000		268435456
14432.000000		13679.000000		856.000000		268435456
29517.000000		23438.000000		27352.000000		268435456
21384.000000		18883.000000		14944.000000		268435456
526.000000		25636.000000		16755.000000		268435456
20990.000000		19816.000000		8375.000000		268435456
12305.000000		6240.000000		17870.000000		268435456
19997.000000		30808.000000		4452.000000		268435456
7034.000000		26680.000000		16625.000000		268435456
14878.000000		17404.000000		2020.000000		268435456
4759.000000		15983.000000		10625.000000		268435456
25900.000000		8569.000000		11481.000000		268435456
24404.000000		18878.000000		17887.000000		268435456
7313.000000		32677.000000		1948.000000		268435456
26641.000000		31190.000000		5770.000000		268435456
18453.000000		25461.000000		27778.000000		268435456
15939.000000		18164.000000		9463.000000		268435456
3295.000000		20674.000000		19959.000000		268435456
2221.000000		23227.000000		21099.000000		268435456
1154.000000		15035.000000		10943.000000		268435456
31256.000000		26517.000000		8053.000000		268435456
32252.000000		31328.000000		32252.000000		268435456
1732.000000		30663.000000		28697.000000		268435456
7365.000000		11979.000000		26055.000000		268435456
6683.000000		20471.000000		22986.000000		268435456
3660.000000		15943.000000		15233.000000		268435456
31554.000000		14562.000000		24520.000000		268435456
2161.000000		16474.000000		9511.000000		268435456
10905.000000		12902.000000		30593.000000		268435456
25561.000000		14407.000000		18760.000000		268435456
6997.000000		17971.000000		4601.000000		268435456
31542.000000		1219.000000		22394.000000		268435456
5037.000000		31424.000000		2160.000000		268435456
5331.000000		5316.000000		5463.000000		268435456
856.000000		22359.000000		31169.000000		268435456
3585.000000		6838.000000		9321.000000		268435456
4942.000000		4178.000000		13091.000000		268435456
22599.000000		28288.000000		20375.000000		268435456
25345.000000		24288.000000		31323.000000		268435456
9812.000000		25626.000000		28390.000000		268435456
9881.000000		18929.000000		18565.000000		268435456
31523.000000		24487.000000		26288.000000		268435456
30410.000000		19984.000000		3057.000000		268435456
14306.000000		12613.000000		932.000000		268435456
28255.000000		28763.000000		11472.000000		268435456
21866.000000		4639.000000		1827.000000		268435456
31388.000000		27862.000000		9126.000000		268435456
15470.000000		18784.000000		12249.000000		268435456
23281.000000		27342.000000		16822.000000		268435456
15283.000000		23313.000000		30888.000000		268435456
449.000000		521.000000		10982.000000		268435456
32229.000000		31764.000000		15415.000000		268435456
11051.000000		29161.000000		15823.000000		268435456
10471.000000		11698.000000		30153.000000		268435456
24587.000000		18403.000000		4593.000000		268435456
3768.000000		10361.000000		2087.000000		268435456
2750.000000		25795.000000		7493.000000		268435456
7227.000000		29015.000000		22975.000000		268435456
4161.000000		26815.000000		18853.000000		268435456
3199.000000		25919.000000		16711.000000		268435456
23490.000000		7242.000000		6078.000000		268435456
26474.000000		1720.000000		16523.000000		268435456
17354.000000		22.000000		12428.000000		268435456
2251.000000		13853.000000		29478.000000		268435456
30587.000000		22749.000000		18314.000000		268435456
26935.000000		2179.000000		30040.000000		268435456
1948.000000		23479.000000		16165.000000		268435456
13387.000000		31354.000000		27454.000000		268435456
29290.000000		9771.000000		28173.000000		268435456
28706.000000		4900.000000		19216.000000		268435456
10853.000000		31046.000000		32630.000000		268435456
10273.000000		345.000000		11570.000000		268435456
12182.000000		20813.000000		366.000000		268435456
16745.000000		8146.000000		15165.000000		268435456
20475.000000		31734.000000		7121.000000		268435456
27014.000000		28298.000000		29513.000000		268435456
20252.000000		19746.000000		28544.000000		268435456
65.000000		16092.000000		26401.000000		268435456
24065.000000		5770.000000		4326.000000		268435456
924.000000		23822.000000		30505.000000		268435456
17396.000000		8427.000000		16880.000000		268435456
29013.000000		15669.000000		22295.000000		268435456
11738.000000		9609.000000		20233.000000		268435456
21394.000000		27338.000000		32471.000000		268435456
7429.000000		15654.000000		4016.000000		268435456
22143.000000		318.000000		5164.000000		268435456
12242.000000		30144.000000		22212.000000		268435456
25342.000000		6511.000000		27118.000000		268435456
19820.000000		21167.000000		26530.000000		268435456
24261.000000		10963.000000		30713.000000		268435456
27530.000000		29437.000000		7327.000000		268435456
27766.000000		12456.000000		15134.000000		268435456
8.000000		2067.000000		8328.000000		268435456
26262.000000		17048.000000		20163.000000		268435456
2468.000000		15113.000000		16430.000000		268435456
26224.000000		3461.000000		23016.000000		268435456
16969.000000		10551.000000		14891.000000		268435456
1093.000000		1155.000000		10196.000000		268435456
21167.000000		20710.000000		25180.000000		268435456
12379.000000		2855.000000		2200.000000		268435456
4665.000000		11562.000000		15306.000000		268435456
7365.000000		4525.000000		28699.000000		268435456
20309.000000		27721.000000		9974.000000		268435456
15870.000000		28845.000000		19074.000000		268435456
7115.000000		11846.000000		15301.000000		268435456
31910.000000		5461.000000		13058.000000		268435456
30146.000000		8538.000000		11643.000000		268435456
23823.000000		4189.000000		13952.000000		268435456
12642.000000		12428.000000		31881.000000		268435456
12624.000000		10548.000000		7567.000000		268435456
4182.000000		23722.000000		3361.000000		268435456
28950.000000		1046.000000		29098.000000		268435456
19364.000000		21057.000000		19134.000000		268435456
7806.000000		1288.000000		8126.000000		268435456
18831.000000		28532.000000		8234.000000		268435456
16772.000000		13045.000000		20055.000000		268435456
7296.000000		17092.000000		2223.000000		268435456
3068.000000		17754.000000		18460.000000		268435456
2352.000000		10264.000000		10856.000000		268435456
13839.000000		3141.000000		19284.000000		268435456
381.000000		7090.000000		4857.000000		268435456
10148.000000		21906.000000		13735.000000		268435456
3766.000000		13012.000000		9998.000000		268435456
7503.000000		9132.000000		28516.000000		268435456
24901.000000		30780.000000		27254.000000		268435456
14229.000000		18750.000000		15333.000000		268435456
29947.000000		16068.000000		18873.000000		268435456
22942.000000		6803.000000		15607.000000		268435456
16496.000000		26311.000000		20332.000000		268435456
30902.000000		12446.000000		5443.000000		268435456
2859.000000		8988.000000		32446.000000		268435456
4140.000000		726.000000		14893.000000		268435456
6549.000000		4292.000000		14833.000000		268435456
25962.000000		13426.000000		16303.000000		268435456
12007.000000		163.000000		30389.000000		268435456
13920.000000		9900.000000		18701.000000		268435456
17550.000000		13522.000000		23457.000000		268435456
24724.000000		1287.000000		24440.000000		268435456
5048.000000		7026.000000		2373.000000		268435456
6518.000000		25048.000000		19457.000000		268435456
30986.000000		20241.000000		5763.000000		268435456
205.000000		26751.000000		17508.000000		268435456
9142.000000		26862.000000		31537.000000		268435456
15445.000000		30736.000000		21141.000000		268435456
14425.000000		3016.000000		5431.000000		268435456
30692.000000		29792.000000		27923.000000		268435456
25976.000000		3587.000000		29602.000000		268435456
10161.000000		5293.000000		19056.000000		268435456
10867.000000		24634.000000		28772.000000		268435456
21142.000000		15967.000000		9362.000000		268435456
4925.000000		18850.000000		11446.000000		268435456
2145.000000		24468.000000		28818.000000		268435456
14921.000000		26052.000000		3424.000000		268435456
3214.000000		4206.000000		5699.000000		268435456
20315.000000		1916.000000		11082.000000		268435456
14338.000000		21348.000000		32463.000000		268435456
32079.000000		21307.000000		8737.000000		268435456
13471.000000		27651.000000		29675.000000		268435456
8680.000000		5887.000000		2563.000000		268435456
3020.000000		16608.000000		20875.000000		268435456
12872.000000		12420.000000		2659.000000		268435456
7488.000000		26794.000000		2588.000000		268435456
11175.000000		17041.000000		9122.000000		268435456
1459.000000		11166.000000		438.000000		268435456
25428.000000		8308.000000		23066.000000		268435456
21832.000000		14797.000000		24261.000000		268435456
14901.000000		17163.000000		10377.000000		268435456
17345.000000		27632.000000		12043.000000		268435456
30520.000000		23785.000000		22810.000000		268435456
25834.000000		26561.000000		13846.000000		268435456
10612.000000		19320.000000		27528.000000		268435456
18867.000000		16914.000000		30340.000000		268435456
15853.000000		16680.000000		21508.000000		268435456
2802.000000		2069.000000		6553.000000		268435456
15926.000000		10510.000000		29164.000000		268435456
209.000000		18069.000000		20768.000000		268435456
17514.000000		32377.000000		28275.000000		268435456
30273.000000		278.000000		15758.000000		268435456
26157.000000		13164.000000		4809.000000		268435456
2578.000000		25611.000000		22232.000000		268435456
31669.000000		22273.000000		25191.000000		268435456
14213.000000		9381.000000		24710.000000		268435456
2322.000000		2325.000000		12678.000000		268435456
15983.000000		17907.000000		8670.000000		268435456
32551.000000		31455.000000		22769.000000		268435456
26429.000000		11837.000000		322.000000		268435456
22292.000000		21549.000000		24490.000000		268435456
31110.000000		26854.000000		19992.000000		268435456
1535.000000		25481.000000		18464.000000		268435456
15341.000000		28735.000000		1741.000000		268435456
16514.000000		4978.000000		29158.000000		268435456
2675.000000		14339.000000		20700.000000		268435456
19497.000000		18791.000000		554.000000		268435456
3229.000000		15488.000000		14040.000000		268435456
700.000000		9085.000000		21602.000000		268435456
26347.000000		25495.000000		9452.000000		268435456
32335.000000		4016.000000		25054.000000		268435456
31638.000000		21524.000000		5717.000000		268435456
30294.000000		1081.000000		10827.000000		268435456
31897.000000		23824.000000		1715.000000		268435456
29985.000000		17028.000000		16457.000000		268435456
17760.000000		27228.000000		4181.000000		268435456
2702.000000		5794.000000		1180.000000		268435456
15549.000000		9252.000000		15553.000000		268435456
19424.000000		842.000000		8102.000000		268435456
28662.000000		1869.000000		32550.000000		268435456
6640.000000		20162.000000		15403.000000		268435456
15873.000000		20796.000000		10372.000000		268435456
7729.000000		32588.000000		14219.000000		268435456
22091.000000		21762.000000		29608.000000		268435456
1095.000000		5609.000000		15095.000000		268435456
4254.000000		2342.000000		6985.000000		268435456
31007.000000		19600.000000		20049.000000		268435456
19458.000000		9348.000000		22255.000000		268435456
14790.000000		22827.000000		16560.000000		268435456
8367.000000		17914.000000		11122.000000		268435456
19312.000000		18680.000000		3011.000000		268435456
21864.000000		13784.000000		16927.000000		268435456
9078.000000		31.000000		28295.000000		268435456
17108.000000		8524.000000		1527.000000		268435456
24877.000000		22429.000000		12555.000000		268435456
12213.000000		3914.000000		10371.000000		268435456
5346.000000		18389.000000		9784.000000		268435456
18186.000000		2964.000000		30754.000000		268435456
13931.000000		6247.000000		25049.000000		268435456
9603.000000		28664.000000		12270.000000		268435456
13057.000000		15896.000000		2132.000000		268435456
11722.000000		7386.000000		11653.000000		268435456
11614.000000		30192.000000		27348.000000		268435456
27534.000000		10656.000000		21334.000000		268435456
31843.000000		22757.000000		7634.000000		268435456
23391.000000		27301.000000		24127.000000		268435456
29600.000000		9626.000000		12613.000000		268435456
429.000000		28078.000000		11181.000000		268435456
24223.000000		26154.000000		30936.000000		268435456
25996.000000		3876.000000		26992.000000		268435456
8894.000000		30191.000000		14336.000000		268435456
21521.000000		22912.000000		31490.000000		268435456
1275.000000		20418.000000		22726.000000		268435456
22366.000000		19869.000000		6138.000000		268435456
26628.000000		1848.000000		26006.000000		268435456
6332.000000		19964.000000		21976.000000		268435456
19549.000000		28592.000000		7556.000000		268435456
1869.000000		22.000000		889.000000		268435456
16265.000000		19040.000000		30649.000000		268435456
9539.000000		24148.000000		1734.000000		268435456
2161.000000		28827.000000		5644.000000		268435456
23450.000000		14914.000000		23940.000000		268435456
3708.000000		25098.000000		20463.000000		268435456
14535.000000		25111.000000		2128.000000		268435456
1563.000000		30346.000000		30265.000000		268435456
6372.000000		19886.000000		4900.000000		268435456
10416.000000		16879.000000		1402.000000		268435456
30256.000000		30331.000000		12547.000000		268435456
30495.000000		3040.000000		32721.000000		268435456
5898.000000		6955.000000		2197.000000		268435456
3430.000000		10365.000000		26758.000000		268435456
2732.000000		31465.000000		28119.000000		268435456
13070.000000		3738.000000		10961.000000		268435456
30792.000000		23934.000000		26939.000000		268435456
26457.000000		20141.000000		25236.000000		268435456
15463.000000		21705.000000		9920.000000		268435456
31091.000000		6599.000000		22776.000000		268435456
16012.000000		22854.000000		18406.000000		268435456
7183.000000		27173.000000		24614.000000		268435456
23947.000000		1679.000000		10645.000000		268435456
8510.000000		10055.000000		24726.000000		268435456
23321.000000		7724.000000		2890.000000		268435456
30302.000000		23950.000000		12203.000000		268435456
24442.000000		26118.000000		14118.000000		268435456
24943.000000		26055.000000		31381.000000		268435456
5215.000000		17745.000000		25272.000000		268435456
14396.000000		13110.000000		428.000000		268435456
586.000000		32219.000000		3735.000000		268435456
7943.000000		32507.000000		24519.000000		268435456
24089.000000		22772.000000		16162.000000		268435456
8139.000000		15848.000000		30263.000000		268435456
23681.000000		26220.000000		4866.000000		268435456
27691.000000		18973.000000		8561.000000		268435456
32679.000000		20834.000000		3150.000000		268435456
11171.000000		31754.000000		25484.000000		268435456
14098.000000		8658.000000		26445.000000		268435456
9370.000000		9894.000000		2328.000000		268435456
9388.000000		21283.000000		9816.000000		268435456
10850.000000		6393.000000		16902.000000		268435456
31127.000000		18219.000000		7240.000000		268435456
21329.000000		31564.000000		2955.000000		268435456
13291.000000		6753.000000		18285.000000		268435456
24945.000000		10401.000000		26955.000000		268435456
8910.000000		2348.000000		19722.000000		268435456
19835.000000		5435.000000		6961.000000		268435456
2142.000000		16283.000000		27077.000000		268435456
22296.000000		31071.000000		2743.000000		268435456
2393.000000		25575.000000		17804.000000		268435456
11934.000000		25495.000000		26003.000000		268435456
26776.000000		16779.000000		23008.000000		268435456
3012.000000		6170.000000		5380.000000		268435456
24753.000000		32217.000000		3974.000000		268435456
8707.000000		19248.000000		18476.000000		268435456
22620.000000		84.000000		29957.000000		268435456
11927.000000		25247.000000		27966.000000		268435456
15979.000000		2103.000000		393.000000		268435456
9573.000000		3719.000000		2159.000000		268435456
8317.000000		5615.000000		20472.000000		268435456
6448.000000		17469.000000		10470.000000		268435456
7087.000000		10872.000000		11357.000000		268435456
12509.000000		1537.000000		6937.000000		268435456
10488.000000		14295.000000		16890.000000		268435456
7868.000000		30881.000000		13668.000000		268435456
3829.000000		17701.000000		17052.000000		268435456
28685.000000		9321.000000		1721.000000		268435456
335.000000		3570.000000		4102.000000		268435456
31293.000000		28915.000000		6322.000000		268435456
14849.000000		6112.000000		22159.000000		268435456
30859.000000		940.000000		11644.000000		268435456
13095.000000		10947.000000		13385.000000		268435456
26649.000000		14128.000000		14150.000000		268435456
10272.000000		5811.000000		2632.000000		268435456
10640.000000		30159.000000		2621.000000		268435456
15140.000000		4301.000000		32226.000000		268435456
14053.000000		27594.000000		19263.000000		268435456
6307.000000		31386.000000		3584.000000		268435456
8417.000000		22067.000000		11467.000000		268435456
17412.000000		29002.000000		1242.000000		268435456
23410.000000		14717.000000		30931.000000		268435456
29084.000000		22866.000000		2226.000000		268435456
28924.000000		5901.000000		380.000000		268435456
32762.000000		4108.000000		11878.000000		268435456
21528.000000		23411.000000		11256.000000		268435456
22231.000000		20578.000000		18167.000000		268435456
1158.000000		18207.000000		12275.000000		268435456
15436.000000		30898.000000		15707.000000		268435456
26434.000000		4507.000000		11089.000000		268435456
8475.000000		3946.000000		19492.000000		268435456
23284.000000		3003.000000		7470.000000		268435456
2863.000000		28943.000000		10993.000000		268435456
2362.000000		8006.000000		3163.000000		268435456
12706.000000		19883.000000		8609.000000		268435456
2680.000000		19194.000000		23762.000000		268435456
8162.000000		21719.000000		17339.000000		268435456
30005.000000		12291.000000		29911.000000		268435456
24021.000000		30423.000000		140.000000		268435456
13102.000000		568.000000		7610.000000		268435456
14601.000000		18059.000000		17638.000000		268435456
17825.000000		16059.000000		21882.000000		268435456
28492.000000		6938.000000		12686.000000		268435456
20359.000000		1234.000000		23996.000000		268435456
13643.000000		24998.000000		30129.000000		268435456
6062.000000		23311.000000		2514.000000		268435456
29700.000000		28265.000000		16124.000000		268435456
3573.000000		7971.000000		28862.000000		268435456
11822.000000		23048.000000		31020.000000		268435456
1562.000000		26864.000000		2427.000000		268435456
23266.000000		25353.000000		21808.000000		268435456
8151.000000		22971.000000		9977.000000		268435456
13617.000000		13474.000000		21556.000000		268435456
1857.000000		13952.000000		5763.000000		268435456
6248.000000		11105.000000		27945.000000		268435456
10662.000000		22753.000000		7819.000000		268435456
3882.000000		1378.000000		25518.000000		268435456
31331.000000		1064.000000		5401.000000		268435456
20405.000000		12036.000000		7521.000000		268435456
16480.000000		5195.000000		3139.000000		268435456
2530.000000		24160.000000		16130.000000		268435456
28727.000000		23290.000000		30844.000000		268435456
15298.000000		16121.000000		11502.000000		268435456
8245.000000		25372.000000		1960.000000		268435456
18414.000000		23626.000000		17114.000000		268435456
31408.000000		19784.000000		28963.000000		268435456
21723.000000		5452.000000		17628.000000		268435456
2159.000000		6174.000000		9802.000000		268435456
7888.000000		31757.000000		16412.000000		268435456
4111.000000		32133.000000		18472.000000		268435456
28251.000000		27610.000000		23497.000000		268435456
26791.000000		10816.000000		29261.000000		268435456
25422.000000		9668.000000		2853.000000		268435456
19753.000000		1882.000000		5114.000000		268435456
18603.000000		13913.000000		14273.000000		268435456
19237.000000		9553.000000		2098.000000		268435456
16401.000000		6373.000000		26438.000000		268435456
8953.000000		9996.000000		12867.000000		268435456
21372.000000		19365.000000		8795.000000		268435456
10391.000000		24318.000000		26599.000000		268435456
29312.000000		9641.000000		2691.000000		268435456
15208.000000		15117.000000		13078.000000		268435456
7235.000000		2642.000000		11027.000000		268435456
4341.000000		11273.000000		17681.000000		268435456
2526.000000		24507.000000		13706.000000		268435456
8539.000000		31711.000000		8540.000000		268435456
9461.000000		17517.000000		5098.000000		268435456
21939.000000		4555.000000		25240.000000		268435456
1186.000000		13860.000000		7153.000000		268435456
30717.000000		1585.000000		21632.000000		268435456
7940.000000		32405.000000		17468.000000		268435456
8488.000000		12268.000000		17780.000000		268435456
26645.000000		7286.000000		6324.000000		268435456
19790.000000		4915.000000		14168.000000		268435456
18072.000000		20026.000000		24032.000000		268435456
10046.000000		24160.000000		19126.000000		268435456
11826.000000		12599.000000		27373.000000		268435456
21483.000000		31548.000000		12374.000000		268435456
23058.000000		25395.000000		20613.000000		268435456
23387.000000		15269.000000		27865.000000		268435456
9658.000000		3471.000000		30421.000000		268435456
4128.000000		24223.000000		5872.000000		268435456
27069.000000		2182.000000		1867.000000		268435456
22414.000000		10042.000000		17481.000000		268435456
8341.000000		10805.000000		18170.000000		268435456
17451.000000		4298.000000		25164.000000		268435456
31702.000000		10354.000000		3233.000000		268435456
24829.000000		25698.000000		3892.000000		268435456
3184.000000		1431.000000		18882.000000		268435456
10193.000000		8607.000000		32048.000000		268435456
16575.000000		8129.000000		16477.000000		268435456
13710.000000		24858.000000		19600.000000		268435456
20883.000000		30536.000000		1823.000000		268435456
14118.000000		8470.000000		27432.000000		268435456
21374.000000		27724.000000		31777.000000		268435456
3796.000000		23895.000000		13932.000000		268435456
5122.000000		23725.000000		19092.000000		268435456
9368.000000		30995.000000		11000.000000		268435456
17019.000000		718.000000		16876.000000		268435456
1596.000000		28291.000000		10107.000000		268435456
13015.000000		2794.000000		32103.000000		268435456
14909.000000		31109.000000		579.000000		268435456
23674.000000		22509.000000		20735.000000		268435456
18039.000000		6970.000000		14301.000000		268435456
8670.000000		12810.000000		11559.000000		268435456
13918.000000		29375.000000		7804.000000		268435456
32214.000000		26758.000000		15602.000000		268435456
13865.000000		2881.000000		7472.000000		268435456
31090.000000		7534.000000		31329.000000		268435456
28483.000000		31258.000000		14093.000000		268435456
23039.000000		19768.000000		25365.000000		268435456
2003.000000		1991.000000		6614.000000		268435456
22679.000000		32120.000000		27550.000000		268435456
19008.000000		13514.000000		7366.000000		268435456
32053.000000		9522.000000		23052.000000		268435456
23293.000000		18398.000000		1928.000000		268435456
30039.000000		9847.000000		24735.000000		268435456
20992.000000		17664.000000		25224.000000		268435456
645.000000		25664.000000		14245.000000		268435456
23208.000000		17723.000000		18715.000000		268435456
30561.000000		28884.000000		8667.000000		268435456
30736.000000		13633.000000		2865.000000		268435456
14852.000000		20499.000000		18684.000000		268435456
1267.000000		5421.000000		12177.000000		268435456
30942.000000		9853.000000		18489.000000		268435456
19886.000000		32262.000000		26825.000000		268435456
15179.000000		14545.000000		6353.000000		268435456
2059.000000		475.000000		7778.000000		268435456
18838.000000		10641.000000		30986.000000		268435456
16338.000000		404.000000		6382.000000		268435456
8242.000000		14556.000000		24616.000000		268435456
24663.000000		24514.000000		31499.000000		268435456
20548.000000		16461.000000		12873.000000		268435456
8829.000000		6684.000000		19069.000000		268435456
25552.000000		2022.000000		15650.000000		268435456
9188.000000		23405.000000		13271.000000		268435456
9781.000000		12854.000000		8981.000000		268435456
5953.000000		5653.000000		14465.000000		268435456
8626.000000		11573.000000		19483.000000		268435456
9997.000000		15221.000000		27117.000000		268435456
18727.000000		8840.000000		19566.000000		268435456
6928.000000		16089.000000		1631.000000		268435456
12634.000000		7474.000000		32516.000000		268435456
26223.000000		21180.000000		2714.000000		268435456
32607.000000		21469.000000		26159.000000		268435456
18249.000000		17790.000000		26946.000000		268435456
23034.000000		3640.000000		20225.000000		268435456
25100.000000		7909.000000		25568.000000		268435456
18956.000000		16673.000000		17483.000000		268435456
4607.000000		12791.000000		19141.000000		268435456
6769.000000		4250.000000		9286.000000		268435456
21949.000000		20246.000000		62.000000		268435456
475.000000		14260.000000		14411.000000		268435456
6540.000000		12394.000000		20703.000000		268435456
16773.000000		13813.000000		4142.000000		268435456
31453.000000		12017.000000		21953.000000		268435456
31194.000000		24289.000000		11015.000000		268435456
18262.000000		22739.000000		30482.000000		268435456
21090.000000		21431.000000		13724.000000		268435456
16178.000000		12751.000000		5195.000000		268435456
17553.000000		22654.000000		27300.000000		268435456
