3 1292
21499.000000		3716.000000		3122.000000		268435456
21816.000000		5662.000000		6390.000000		268435456
13186.000000		24466.000000		31097.000000		268435456
24044.000000		13518.000000		4966.000000		268435456
15892.000000		23065.000000		9096.000000		268435456
22961.000000		32517.000000		31247.000000		268435456
16527.000000		7207.000000		14913.000000		268435456
21180.000000		24740.000000		25046.000000		268435456
2738.000000		17204.000000		5917.000000		268435456
7943.000000		18570.000000		25521.000000		268435456
30941.000000		15461.000000		982.000000		268435456
26071.000000		2947.000000		6497.000000		268435456
3414.000000		19005.000000		13538.000000		268435456
3540.000000		396.000000		3882.000000		268435456
16050.000000		12006.000000		2579.000000		268435456
15516.000000		17028.000000		23344.000000		268435456
18738.000000		29071.000000		4604.000000		268435456
21021.000000		9137.000000		22139.000000		268435456
28474.000000		23190.000000		23787.000000		268435456
6431.000000		10649.000000		15582.000000		268435456
14629.000000		21885.000000		29340.000000		268435456
5050.000000		6686.000000		4134.000000		268435456
32549.000000		14550.000000		18919.000000		268435456
9655.000000		18664.000000		20580.000000		268435456
26613.000000		21412.000000		1056.000000		268435456
14342.000000		11381.000000		15924.000000		268435456
7552.000000		23790.000000		30175.000000		268435456
6093.000000		21613.000000		15683.000000		268435456
21710.000000		19826.000000		17770.000000		268435456
6343.000000		2575.000000		23690.000000		268435456
30932.000000		5304.000000		11000.000000		268435456
13795.000000		18895.000000		22260.000000		268435456
24571.000000		20982.000000		14720.000000		268435456
23648.000000		29051.000000		23149.000000		268435456
637.000000		3721.000000		5853.000000		268435456
3298.000000		129.000000		23692.000000		268435456
15331.000000		15082.000000		16485.000000		268435456
23348.000000		12341.000000		2898.000000		268435456
19531.000000		12387.000000		30017.000000		268435456
24744.000000		2077.000000		19891.000000		268435456
7749.000000		2301.000000		12854.000000		268435456
15964.000000		30378.000000		6890.000000		268435456
23646.000000		3161.000000		25236.000000		268435456
9169.000000		28924.000000		198.000000		268435456
11703.000000		2917.000000		6279.000000		268435456
17293.000000		15468.000000		20589.000000		268435456
4926.000000		7745.000000		21252.000000		268435456
709.000000		23321.000000		26186.000000		268435456
26460.000000		7845.000000		8703.000000		268435456
21059.000000		12465.000000		11557.000000		268435456
57.000000		16032.000000		27062.000000		268435456
19969.000000		26407.000000		9620.000000		268435456
30948.000000		3738.000000		11313.000000		268435456
20018.000000		29458.000000		12862.000000		268435456
16385.000000		30418.000000		11333.000000		268435456
20393.000000		26095.000000		32438.000000		268435456
19145.000000		26572.000000		32701.000000		268435456
21229.000000		4225.000000		22989.000000		268435456
16773.000000		8824.000000		20091.000000		268435456
22606.000000		25071.000000		7596.000000		268435456
14023.000000		17394.000000		6823.000000		268435456
17623.000000		138.000000		3869.000000		268435456
3343.000000		2598.000000		4686.000000		268435456
3836.000000		24369.000000		19142.000000		268435456
9884.000000		24006.000000		9463.000000		268435456
25418.000000		7885.000000		12865.000000		268435456
27038.000000		25421.000000		30749.000000		268435456
20615.000000		28008.000000		9304.000000		268435456
5889.000000		30730.000000		27537.000000		268435456
18438.000000		23739.000000		29398.000000		268435456
31877.000000		24933.000000		15147.000000		268435456
10774.000000		26704.000000		19872.000000		268435456
15080.000000		25562.000000		32086.000000		268435456
32731.000000		10127.000000		3607.000000		268435456
16196.000000		17503.000000		22107.000000		268435456
15087.000000		582.000000		16119.000000		268435456
15094.000000		12851.000000		18043.000000		268435456
10393.000000		16015.000000		15399.000000		268435456
26534.000000		4169.000000		3373.000000		268435456
2437.000000		29990.000000		9019.000000		268435456
19779.000000		23748.000000		17960.000000		268435456
16440.000000		30084.000000		22681.000000		268435456
7707.000000		23106.000000		13560.000000		268435456
6079.000000		30052.000000		28283.000000		268435456
8528.000000		29172.000000		14931.000000		268435456
4419.000000		8055.000000		4676.000000		268435456
7766.000000		22177.000000		14953.000000		268435456
17033.000000		17261.000000		6628.000000		268435456
23624.000000		4147.000000		24030.000000		268435456
26762.000000		7597.000000		11845.000000		268435456
7722.000000		5216.000000		7996.000000		268435456
14496.000000		30527.000000		12523.000000		268435456
8571.000000		15492.000000		5359.000000		268435456
7.000000		20196.000000		10836.000000		268435456
5793.000000		4558.000000		27704.000000		268435456
5273.000000		25159.000000		7099.000000		268435456
25367.000000		24650.000000		9104.000000		268435456
19215.000000		23246.000000		19019.000000		268435456
19294.000000		5748.000000		21360.000000		268435456
26163.000000		9082.000000		21217.000000		268435456
30504.000000		31314.000000		19079.000000		268435456
4029.000000		5581.000000		23795.000000		268435456
11316.000000		32327.000000		32439.000000		268435456
14046.000000		18870.000000		26677.000000		268435456
11473.000000		20257.000000		26230.000000		268435456
31131.000000		30960.000000		17424.000000		268435456
27910.000000		25103.000000		18019.000000		268435456
21899.000000		8282.000000		4363.000000		268435456
24012.000000		9343.000000		27957.000000		268435456
4499.000000		27182.000000		2991.000000		268435456
28641.000000		18711.000000		19526.000000		268435456
30133.000000		547.000000		7578.000000		268435456
14367.000000		21571.000000		25966.000000		268435456
18196.000000		20705.000000		7343.000000		268435456
23895.000000		20501.000000		14057.000000		268435456
28079.000000		20041.000000		2476.000000		268435456
15391.000000		16993.000000		13434.000000		268435456
30343.000000		12932.000000		22158.000000		268435456
1821.000000		29019.000000		2315.000000		268435456
8239.000000		23514.000000		4743.000000		268435456
10922.000000		560.000000		24187.000000		268435456
6388.000000		21424.000000		7285.000000		268435456
28904.000000		23103.000000		20825.000000		268435456
23835.000000		1877.000000		32282.000000		268435456
24480.000000		14080.000000		5306.000000		268435456
2287.000000		6484.000000		8581.000000		268435456
7043.000000		31175.000000		11886.000000		268435456
17810.000000		13961.000000		32619.000000		268435456
21666.000000		31707.000000		11842.000000		268435456
2248.000000		9780.000000		98.000000		268435456
28212.000000		13464.000000		25357.000000		268435456
32573.000000		28336.000000		25663.000000		268435456
18446.000000		24218.000000		26300.000000		268435456
30195.000000		28836.000000		27136.000000		268435456
23121.000000		27168.000000		30365.000000		268435456
17112.000000		22727.000000		30731.000000		268435456
17466.000000		14891.000000		32653.000000		268435456
21941.000000		19589.000000		30637.000000		268435456
5405.000000		14082.000000		7652.000000		268435456
4603.000000		20527.000000		18458.000000		268435456
751.000000		31777.000000		7981.000000		268435456
10000.000000		9599.000000		27743.000000		268435456
1000.000000		8386.000000		26631.000000		268435456
8237.000000		22409.000000		13568.000000		268435456
26920.000000		8572.000000		2762.000000		268435456
9712.000000		25983.000000		28991.000000		268435456
13926.000000		5808.000000		27586.000000		268435456
15146.000000		4045.000000		32062.000000		268435456
5899.000000		30393.000000		5661.000000		268435456
27541.000000		17267.000000		6517.000000		268435456
2894.000000		29721.000000		28899.000000		268435456
15987.000000		3500.000000		11573.000000		268435456
18471.000000		26397.000000		25995.000000		268435456
6211.000000		30276.000000		14644.000000		268435456
23350.000000		28588.000000		21004.000000		268435456
24086.000000		10536.000000		8272.000000		268435456
32751.000000		26429.000000		24191.000000		268435456
29224.000000		2068.000000		23561.000000		268435456
17837.000000		9257.000000		4777.000000		268435456
21695.000000		9073.000000		32620.000000		268435456
15991.000000		18129.000000		25094.000000		268435456
9613.000000		17849.000000		26208.000000		268435456
31898.000000		7761.000000		25902.000000		268435456
16639.000000		16129.000000		26763.000000		268435456
14701.000000		30138.000000		11691.000000		268435456
4672.000000		1657.000000		11863.000000		268435456
10707.000000		7177.000000		7573.000000		268435456
15835.000000		9722.000000		11193.000000		268435456
21849.000000		2128.000000		32404.000000		268435456
21056.000000		18438.000000		6086.000000		268435456
19201.000000		26831.000000		19479.000000		268435456
664.000000		15038.000000		18749.000000		268435456
23320.000000		1776.000000		21213.000000		268435456
26026.000000		23227.000000		32653.000000		268435456
8114.000000		866.000000		31785.000000		268435456
5572.000000		11984.000000		7427.000000		268435456
9622.000000		21701.000000		25908.000000		268435456
12259.000000		6680.000000		544.000000		268435456
1471.000000		30892.000000		21433.000000		268435456
24456.000000		31722.000000		25417.000000		268435456
17355.000000		14806.000000		16053.000000		268435456
12806.000000		28027.000000		26961.000000		268435456
24544.000000		8178.000000		3753.000000		268435456
10028.000000		7006.000000		648.000000		268435456
19191.000000		23632.000000		31495.000000		268435456
11919.000000		3360.000000		19804.000000		268435456
25229.000000		9279.000000		4748.000000		268435456
18410.000000		6065.000000		18085.000000		268435456
21793.000000		13589.000000		6838.000000		268435456
8777.000000		18267.000000		13624.000000		268435456
25366.000000		1805.000000		5791.000000		268435456
10487.000000		21621.000000		31064.000000		268435456
26572.000000		19332.000000		32723.000000		268435456
15988.000000		16916.000000		16923.000000		268435456
1285.000000		2101.000000		7178.000000		268435456
17615.000000		10342.000000		988.000000		268435456
16123.000000		17545.000000		28874.000000		268435456
20538.000000		29826.000000		12878.000000		268435456
25011.000000		7961.000000		12887.000000		268435456
19392.000000		9672.000000		1495.000000		268435456
14440.000000		4328.000000		15746.000000		268435456
16724.000000		21803.000000		18226.000000		268435456
1577.000000		28943.000000		17458.000000		268435456
11705.000000		11519.000000		3467.000000		268435456
23296.000000		18117.000000		25275.000000		268435456
7672.000000		30747.000000		23186.000000		268435456
25400.000000		28943.000000		26722.000000		268435456
5972.000000		9583.000000		23870.000000		268435456
13985.000000		29303.000000		18339.000000		268435456
19461.000000		6499.000000		12075.000000		268435456
3035.000000		5280.000000		29447.000000		268435456
11808.000000		30869.000000		27110.000000		268435456
6166.000000		27278.000000		29113.000000		268435456
24433.000000		20436.000000		18553.000000		268435456
24012.000000		18943.000000		17173.000000		268435456
6195.000000		11110.000000		32536.000000		268435456
19794.000000		29474.000000		19174.000000		268435456
14321.000000		25596.000000		21955.000000		268435456
28772.000000		7057.000000		2064.000000		268435456
6895.000000		12775.000000		13362.000000		268435456
30188.000000		15454.000000		21976.000000		268435456
21482.000000		1889.000000		31849.000000		268435456
26039.000000		11402.000000		31753.000000		268435456
23828.000000		22797.000000		7879.000000		268435456
7131.000000		2123.000000		27810.000000		268435456
1175.000000		26620.000000		3436.000000		268435456
31215.000000		31454.000000		19928.000000		268435456
6150.000000		25302.000000		28234.000000		268435456
4210.000000		993.000000		26001.000000		268435456
28539.000000		23544.000000		29246.000000		268435456
27881.000000		4712.000000		14235.000000		268435456
17503.000000		12456.000000		23806.000000		268435456
18846.000000		8010.000000		14928.000000		268435456
2314.000000		8620.000000		23755.000000		268435456
8717.000000		7512.000000		32110.000000		268435456
3512.000000		6121.000000		8732.000000		268435456
15197.000000		29048.000000		3391.000000		268435456
29842.000000		28629.000000		1734.000000		268435456
4722.000000		32226.000000		20587.000000		268435456
6579.000000		15582.000000		20806.000000		268435456
27009.000000		29418.000000		10511.000000		268435456
30062.000000		21016.000000		3128.000000		268435456
27953.000000		23844.000000		20965.000000		268435456
28236.000000		4040.000000		21292.000000		268435456
11686.000000		7099.000000		22178.000000		268435456
23918.000000		3510.000000		11591.000000		268435456
521.000000		23383.000000		13023.000000		268435456
864.000000		18493.000000		25468.000000		268435456
28016.000000		12523.000000		9505.000000		268435456
9344.000000		2704.000000		835.000000		268435456
21044.000000		19768.000000		11218.000000		268435456
19325.000000		31427.000000		16398.000000		268435456
15626.000000		19697.000000		93.000000		268435456
5539.000000		31838.000000		29941.000000		268435456
25480.000000		12985.000000		18592.000000		268435456
16364.000000		9394.000000		30031.000000		268435456
10715.000000		28544.000000		12650.000000		268435456
15629.000000		18475.000000		30251.000000		268435456
12752.000000		21219.000000		17618.000000		268435456
15356.000000		19018.000000		29678.000000		268435456
10633.000000		8344.000000		9593.000000		268435456
923.000000		25108.000000		24191.000000		268435456
23148.000000		10510.000000		29721.000000		268435456
13200.000000		787.000000		23493.000000		268435456
26930.000000		29392.000000		5878.000000		268435456
9080.000000		8001.000000		25447.000000		268435456
24102.000000		3908.000000		29444.000000		268435456
4331.000000		4212.000000		10249.000000		268435456
30953.000000		28897.000000		29922.000000		268435456
25105.000000		14371.000000		385.000000		268435456
5463.000000		20978.000000		7165.000000		268435456
17850.000000		23191.000000		10421.000000		268435456
3950.000000		17014.000000		9329.000000		268435456
15159.000000		30446.000000		24863.000000		268435456
12859.000000		6352.000000		31881.000000		268435456
23394.000000		28539.000000		30003.000000		268435456
25138.000000		5171.000000		30951.000000		268435456
27029.000000		20057.000000		529.000000		268435456
28048.000000		20754.000000		18112.000000		268435456
3723.000000		24666.000000		17484.000000		268435456
19850.000000		3843.000000		32175.000000		268435456
30805.000000		21653.000000		15026.000000		268435456
14708.000000		1231.000000		31497.000000		268435456
16876.000000		6460.000000		21841.000000		268435456
18737.000000		27301.000000		28348.000000		268435456
18957.000000		24202.000000		22069.000000		268435456
5760.000000		19376.000000		17946.000000		268435456
21592.000000		3804.000000		22154.000000		268435456
25859.000000		26489.000000		31524.000000		268435456
16623.000000		14168.000000		24112.000000		268435456
26399.000000		16605.000000		20271.000000		268435456
9737.000000		24250.000000		29918.000000		268435456
18936.000000		15239.000000		11770.000000		268435456
29744.000000		12301.000000		23400.000000		268435456
23860.000000		10788.000000		29322.000000		268435456
22827.000000		15744.000000		196.000000		268435456
31582.000000		16080.000000		6507.000000		268435456
7864.000000		930.000000		6623.000000		268435456
24044.000000		15467.000000		9258.000000		268435456
6571.000000		20378.000000		21609.000000		268435456
21594.000000		25304.000000		8219.000000		268435456
13068.000000		19259.000000		15387.000000		268435456
30688.000000		10583.000000		30414.000000		268435456
30785.000000		18447.000000		26402.000000		268435456
32161.000000		16755.000000		30913.000000		268435456
16503.000000		32415.000000		10680.000000		268435456
18286.000000		25149.000000		812.000000		268435456
9403.000000		27045.000000		14867.000000		268435456
22386.000000		20175.000000		18433.000000		268435456
5503.000000		15605.000000		9520.000000		268435456
25944.000000		15432.000000		11118.000000		268435456
5003.000000		17973.000000		2592.000000		268435456
5078.000000		31425.000000		27785.000000		268435456
19334.000000		22977.000000		5353.000000		268435456
15261.000000		25067.000000		30445.000000		268435456
23188.000000		22603.000000		29460.000000		268435456
32027.000000		19796.000000		22894.000000		268435456
10175.000000		27165.000000		19327.000000		268435456
23703.000000		15753.000000		561.000000		268435456
20784.000000		21250.000000		28687.000000		268435456
9357.000000		19087.000000		6856.000000		268435456
32084.000000		20027.000000		23378.000000		268435456
14421.000000		18787.000000		16167.000000		268435456
16260.000000		17437.000000		25909.000000		268435456
30071.000000		10629.000000		24715.000000		268435456
31956.000000		29466.000000		16723.000000		268435456
19514.000000		28865.000000		420.000000		268435456
10503.000000		25704.000000		7827.000000		268435456
26713.000000		10915.000000		11176.000000		268435456
7394.000000		18567.000000		29450.000000		268435456
10454.000000		28259.000000		5146.000000		268435456
32336.000000		12880.000000		28756.000000		268435456
21098.000000		6452.000000		31075.000000		268435456
2075.000000		10071.000000		7147.000000		268435456
27140.000000		21546.000000		20632.000000		268435456
16928.000000		12993.000000		25637.000000		268435456
3408.000000		17464.000000		2295.000000		268435456
15431.000000		9186.000000		5594.000000		268435456
32068.000000		10242.000000		31239.000000		268435456
28079.000000		29759.000000		8165.000000		268435456
29470.000000		31334.000000		5991.000000		268435456
18115.000000		2243.000000		26876.000000		268435456
21082.000000		16914.000000		20898.000000		268435456
8250.000000		12360.000000		29073.000000		268435456
27277.000000		21887.000000		11686.000000		268435456
18990.000000		30157.000000		24255.000000		268435456
21031.000000		22566.000000		9398.000000		268435456
26060.000000		9960.000000		11374.000000		268435456
32639.000000		24788.000000		23786.000000		268435456
14674.000000		24400.000000		29739.000000		268435456
14278.000000		25180.000000		20123.000000		268435456
8523.000000		4252.000000		17271.000000		268435456
17328.000000		26394.000000		1357.000000		268435456
29524.000000		27020.000000		14187.000000		268435456
10218.000000		17677.000000		27378.000000		268435456
26054.000000		17004.000000		19720.000000		268435456
29630.000000		29548.000000		677.000000		268435456
11551.000000		23669.000000		23702.000000		268435456
8822.000000		27645.000000		13344.000000		268435456
19198.000000		24643.000000		23499.000000		268435456
7259.000000		20896.000000		23460.000000		268435456
21517.000000		11177.000000		5570.000000		268435456
10845.000000		17094.000000		18954.000000		268435456
2354.000000		14737.000000		22755.000000		268435456
15312.000000		6607.000000		20274.000000		268435456
21974.000000		20142.000000		31306.000000		268435456
16316.000000		13954.000000		23826.000000		268435456
26670.000000		11299.000000		19287.000000		268435456
7092.000000		4894.000000		23561.000000		268435456
31166.000000		25967.000000		2398.000000		268435456
2101.000000		11447.000000		31057.000000		268435456
19862.000000		10561.000000		14528.000000		268435456
24302.000000		31186.000000		7826.000000		268435456
14074.000000		25849.000000		5068.000000		268435456
16782.000000		7047.000000		28181.000000		268435456
30318.000000		14600.000000		2870.000000		268435456
32744.000000		29843.000000		8447.000000		268435456
13410.000000		18545.000000		6414.000000		268435456
23177.000000		12055.000000		3484.000000		268435456
10221.000000		6154.000000		10359.000000		268435456
15124.000000		17663.000000		31145.000000		268435456
23900.000000		601.000000		25491.000000		268435456
19973.000000		10303.000000		16658.000000		268435456
25475.000000		19235.000000		9817.000000		268435456
8612.000000		32625.000000		21420.000000		268435456
14343.000000		10755.000000		28753.000000		268435456
7253.000000		24691.000000		11465.000000		268435456
27175.000000		17822.000000		18545.000000		268435456
20613.000000		22034.000000		15807.000000		268435456
26791.000000		8533.000000		28042.000000		268435456
32479.000000		7921.000000		24759.000000		268435456
6886.000000		32136.000000		13060.000000		268435456
1948.000000		17185.000000		23384.000000		268435456
3665.000000		11966.000000		23773.000000		268435456
12793.000000		11052.000000		20788.000000		268435456
30888.000000		2643.000000		32557.000000		268435456
7491.000000		7807.000000		21503.000000		268435456
25814.000000		18296.000000		9360.000000		268435456
28927.000000		18551.000000		5107.000000		268435456
25412.000000		10669.000000		7247.000000		268435456
2566.000000		27261.000000		7410.000000		268435456
22516.000000		1535.000000		7197.000000		268435456
184.000000		1781.000000		7489.000000		268435456
20423.000000		18082.000000		10941.000000		268435456
2202.000000		25577.000000		30970.000000		268435456
29626.000000		2256.000000		24570.000000		268435456
25579.000000		5567.000000		31101.000000		268435456
3072.000000		24304.000000		15271.000000		268435456
1565.000000		8534.000000		19084.000000		268435456
24124.000000		13670.000000		30892.000000		268435456
5692.000000		599.000000		16088.000000		268435456
22863.000000		25258.000000		8776.000000		268435456
24212.000000		19883.000000		5155.000000		268435456
18039.000000		7025.000000		8462.000000		268435456
26955.000000		4428.000000		13133.000000		268435456
27310.000000		27151.000000		16973.000000		268435456
8609.000000		18926.000000		17116.000000		268435456
29830.000000		29784.000000		14301.000000		268435456
24590.000000		7214.000000		25314.000000		268435456
4607.000000		23980.000000		1927.000000		268435456
23428.000000		16977.000000		8018.000000		268435456
26374.000000		31474.000000		10375.000000		268435456
9326.000000		8372.000000		8735.000000		268435456
10392.000000		27823.000000		29396.000000		268435456
7764.000000		636.000000		187.000000		268435456
10694.000000		6016.000000		22324.000000		268435456
29473.000000		27947.000000		14543.000000		268435456
32524.000000		28046.000000		26698.000000		268435456
18301.000000		5405.000000		7747.000000		268435456
20915.000000		7149.000000		23573.000000		268435456
6598.000000		5665.000000		12533.000000		268435456
24635.000000		1240.000000		10917.000000		268435456
15740.000000		31405.000000		6824.000000		268435456
18945.000000		3144.000000		6636.000000		268435456
25414.000000		8530.000000		1553.000000		268435456
29595.000000		11866.000000		12275.000000		268435456
8666.000000		900.000000		9750.000000		268435456
24221.000000		12161.000000		31708.000000		268435456
3689.000000		4563.000000		12436.000000		268435456
2760.000000		1142.000000		15229.000000		268435456
13158.000000		6432.000000		21060.000000		268435456
12243.000000		25698.000000		26226.000000		268435456
10935.000000		16764.000000		18848.000000		268435456
9802.000000		25023.000000		26871.000000		268435456
23734.000000		688.000000		29903.000000		268435456
31547.000000		30417.000000		10227.000000		268435456
30609.000000		13210.000000		17156.000000		268435456
15781.000000		14552.000000		5355.000000		268435456
10975.000000		28903.000000		13270.000000		268435456
26088.000000		28996.000000		29671.000000		268435456
8591.000000		19669.000000		28534.000000		268435456
5798.000000		16013.000000		20067.000000		268435456
10355.000000		23807.000000		6357.000000		268435456
13267.000000		9860.000000		13797.000000		268435456
31259.000000		7262.000000		22290.000000		268435456
14316.000000		16946.000000		15829.000000		268435456
22715.000000		1802.000000		17862.000000		268435456
6277.000000		28581.000000		18335.000000		268435456
1357.000000		8797.000000		5138.000000		268435456
17076.000000		20539.000000		11603.000000		268435456
20277.000000		8064.000000		10357.000000		268435456
3331.000000		23109.000000		22065.000000		268435456
31241.000000		16281.000000		13263.000000		268435456
16361.000000		31516.000000		7666.000000		268435456
8016.000000		26630.000000		18468.000000		268435456
22270.000000		17155.000000		678.000000		268435456
4183.000000		14953.000000		22520.000000		268435456
11370.000000		26210.000000		5754.000000		268435456
8294.000000		22395.000000		2399.000000		268435456
11579.000000		6210.000000		2507.000000		268435456
14849.000000		1242.000000		5136.000000		268435456
20638.000000		28690.000000		5967.000000		268435456
16890.000000		3400.000000		1056.000000		268435456
9535.000000		16671.000000		32568.000000		268435456
8563.000000		12320.000000		17197.000000		268435456
12085.000000		5186.000000		24479.000000		268435456
27698.000000		8168.000000		18470.000000		268435456
22078.000000		25775.000000		26523.000000		268435456
2766.000000		14658.000000		20975.000000		268435456
5952.000000		26357.000000		28620.000000		268435456
10390.000000		4789.000000		11153.000000		268435456
23878.000000		3453.000000		15942.000000		268435456
29517.000000		6912.000000		14525.000000		268435456
9588.000000		16442.000000		29979.000000		268435456
3850.000000		32500.000000		32705.000000		268435456
11943.000000		25923.000000		12795.000000		268435456
2781.000000		20744.000000		8774.000000		268435456
16569.000000		30343.000000		2718.000000		268435456
13065.000000		15395.000000		18545.000000		268435456
24741.000000		1255.000000		9462.000000		268435456
25590.000000		14425.000000		31287.000000		268435456
24057.000000		17233.000000		31582.000000		268435456
3363.000000		4994.000000		20750.000000		268435456
23392.000000		5304.000000		15419.000000		268435456
30143.000000		30967.000000		24633.000000		268435456
5926.000000		11760.000000		29133.000000		268435456
7353.000000		19167.000000		15453.000000		268435456
6658.000000		14568.000000		2594.000000		268435456
19554.000000		25807.000000		15150.000000		268435456
24972.000000		6322.000000		16490.000000		268435456
15862.000000		4774.000000		27212.000000		268435456
26922.000000		1613.000000		8223.000000		268435456
939.000000		30700.000000		26795.000000		268435456
28505.000000		19517.000000		12213.000000		268435456
28688.000000		9000.000000		20503.000000		268435456
20121.000000		31571.000000		5078.000000		268435456
26599.000000		26075.000000		17591.000000		268435456
2154.000000		7466.000000		32085.000000		268435456
1984.000000		5417.000000		7839.000000		268435456
1562.000000		14661.000000		17246.000000		268435456
22779.000000		24667.000000		1477.000000		268435456
26199.000000		2014.000000		30855.000000		268435456
2559.000000		16816.000000		21254.000000		268435456
16310.000000		31164.000000		25812.000000		268435456
19395.000000		840.000000		10480.000000		268435456
24512.000000		24234.000000		26569.000000		268435456
11009.000000		13578.000000		3470.000000		268435456
2840.000000		31847.000000		11554.000000		268435456
1452.000000		4553.000000		27253.000000		268435456
28377.000000		26150.000000		9159.000000		268435456
11638.000000		287.000000		19123.000000		268435456
7230.000000		26876.000000		6673.000000		268435456
28308.000000		28856.000000		1653.000000		268435456
24371.000000		31690.000000		4998.000000		268435456
7679.000000		31481.000000		23174.000000		268435456
21857.000000		24958.000000		11149.000000		268435456
5345.000000		2641.000000		15851.000000		268435456
11980.000000		8909.000000		30158.000000		268435456
9967.000000		12177.000000		12875.000000		268435456
16933.000000		16560.000000		6199.000000		268435456
16351.000000		1822.000000		23531.000000		268435456
28249.000000		4929.000000		9180.000000		268435456
30787.000000		7132.000000		29782.000000		268435456
28676.000000		16600.000000		18736.000000		268435456
11358.000000		2082.000000		14108.000000		268435456
11474.000000		10095.000000		14664.000000		268435456
32738.000000		29718.000000		18978.000000		268435456
20472.000000		1720.000000		10531.000000		268435456
20364.000000		20035.000000		27511.000000		268435456
14911.000000		17264.000000		19763.000000		268435456
28184.000000		1613.000000		27826.000000		268435456
3431.000000		19657.000000		4755.000000		268435456
15375.000000		31485.000000		18496.000000		268435456
19905.000000		4876.000000		10421.000000		268435456
16976.000000		1071.000000		30508.000000		268435456
1618.000000		10938.000000		26983.000000		268435456
1382.000000		22084.000000		11845.000000		268435456
23267.000000		14806.000000		9861.000000		268435456
23569.000000		16408.000000		24499.000000		268435456
20673.000000		13608.000000		11187.000000		268435456
15745.000000		17849.000000		23126.000000		268435456
8738.000000		20872.000000		10217.000000		268435456
19515.000000		10582.000000		12932.000000		268435456
31080.000000		29086.000000		1479.000000		268435456
26782.000000		24849.000000		22532.000000		268435456
18617.000000		21147.000000		19168.000000		268435456
25217.000000		5054.000000		27476.000000		268435456
26526.000000		23247.000000		13693.000000		268435456
870.000000		20417.000000		6301.000000		268435456
945.000000		17194.000000		19854.000000		268435456
13097.000000		5749.000000		2280.000000		268435456
4736.000000		28945.000000		18622.000000		268435456
30535.000000		23533.000000		27239.000000		268435456
8745.000000		18440.000000		19175.000000		268435456
4355.000000		3575.000000		14068.000000		268435456
29537.000000		4893.000000		853.000000		268435456
6419.000000		26258.000000		19483.000000		268435456
737.000000		29727.000000		15519.000000		268435456
14247.000000		3435.000000		10808.000000		268435456
24948.000000		6917.000000		30712.000000		268435456
3545.000000		10482.000000		22691.000000		268435456
16653.000000		29195.000000		28240.000000		268435456
8690.000000		19242.000000		2777.000000		268435456
17083.000000		31605.000000		8340.000000		268435456
12803.000000		28480.000000		18200.000000		268435456
9303.000000		25591.000000		19948.000000		268435456
18626.000000		21644.000000		2300.000000		268435456
15922.000000		22829.000000		472.000000		268435456
24241.000000		14476.000000		15094.000000		268435456
8245.000000		5558.000000		17765.000000		268435456
17904.000000		5365.000000		30633.000000		268435456
23351.000000		23742.000000		9732.000000		268435456
10580.000000		26609.000000		24737.000000		268435456
28269.000000		23844.000000		2459.000000		268435456
6030.000000		31775.000000		2525.000000		268435456
14908.000000		14468.000000		31474.000000		268435456
31117.000000		29436.000000		4636.000000		268435456
4325.000000		17599.000000		2694.000000		268435456
32610.000000		20393.000000		3568.000000		268435456
21168.000000		7907.000000		24420.000000		268435456
4423.000000		14686.000000		7.000000		268435456
18095.000000		23680.000000		28835.000000		268435456
15009.000000		29664.000000		17194.000000		268435456
25130.000000		9413.000000		27535.000000		268435456
25362.000000		29141.000000		6874.000000		268435456
16467.000000		19711.000000		21411.000000		268435456
3567.000000		14285.000000		9631.000000		268435456
30935.000000		19539.000000		16616.000000		268435456
21186.000000		22615.000000		14431.000000		268435456
8030.000000		2246.000000		5714.000000		268435456
24983.000000		28799.000000		19538.000000		268435456
20261.000000		13298.000000		27950.000000		268435456
15432.000000		2432.000000		12661.000000		268435456
3372.000000		14324.000000		5060.000000		268435456
27142.000000		28569.000000		13706.000000		268435456
20656.000000		9600.000000		11447.000000		268435456
23759.000000		14141.000000		29699.000000		268435456
29938.000000		14870.000000		2502.000000		268435456
6286.000000		8477.000000		7534.000000		268435456
2156.000000		463.000000		6143.000000		268435456
31258.000000		8889.000000		17721.000000		268435456
11534.000000		23105.000000		27780.000000		268435456
20568.000000		23674.000000		15079.000000		268435456
23060.000000		17505.000000		2157.000000		268435456
25628.000000		1928.000000		12302.000000		268435456
7058.000000		4467.000000		3957.000000		268435456
7080.000000		13524.000000		32438.000000		268435456
13522.000000		7013.000000		16488.000000		268435456
11480.000000		25617.000000		23541.000000		268435456
8717.000000		29483.000000		20367.000000		268435456
23896.000000		21650.000000		12499.000000		268435456
11054.000000		20466.000000		8857.000000		268435456
12923.000000		19264.000000		18401.000000		268435456
23708.000000		8263.000000		10920.000000		268435456
14990.000000		12333.000000		2057.000000		268435456
7227.000000		31362.000000		1154.000000		268435456
22455.000000		11117.000000		9596.000000		268435456
48.000000		23581.000000		28713.000000		268435456
14528.000000		7223.000000		6095.000000		268435456
23040.000000		16305.000000		26687.000000		268435456
1634.000000		13958.000000		20642.000000		268435456
25633.000000		8155.000000		30457.000000		268435456
19434.000000		4777.000000		12392.000000		268435456
31012.000000		4406.000000		10651.000000		268435456
22606.000000		22403.000000		7972.000000		268435456
755.000000		18467.000000		1192.000000		268435456
20749.000000		13169.000000		3389.000000		268435456
13789.000000		12065.000000		27221.000000		268435456
618.000000		24843.000000		1210.000000		268435456
32360.000000		14561.000000		20955.000000		268435456
12522.000000		19515.000000		28025.000000		268435456
6682.000000		25942.000000		18867.000000		268435456
24089.000000		24930.000000		18248.000000		268435456
29381.000000		4976.000000		22519.000000		268435456
9983.000000		29567.000000		29414.000000		268435456
20719.000000		16714.000000		13128.000000		268435456
11474.000000		18326.000000		16213.000000		268435456
9576.000000		23277.000000		21520.000000		268435456
26818.000000		715.000000		25351.000000		268435456
21312.000000		15355.000000		20737.000000		268435456
29176.000000		17897.000000		24775.000000		268435456
23178.000000		8922.000000		11027.000000		268435456
10524.000000		31825.000000		9845.000000		268435456
22961.000000		5173.000000		27766.000000		268435456
32507.000000		7552.000000		2019.000000		268435456
24144.000000		9206.000000		6962.000000		268435456
13352.000000		10163.000000		8830.000000		268435456
16332.000000		21762.000000		19310.000000		268435456
3503.000000		16205.000000		18053.000000		268435456
3352.000000		21338.000000		26256.000000		268435456
7980.000000		29197.000000		18683.000000		268435456
17523.000000		17521.000000		21427.000000		268435456
1259.000000		28217.000000		11675.000000		268435456
26370.000000		22487.000000		25389.000000		268435456
18648.000000		23875.000000		31345.000000		268435456
21384.000000		13963.000000		535.000000		268435456
17253.000000		20117.000000		20199.000000		268435456
31420.000000		31119.000000		7187.000000		268435456
9661.000000		2700.000000		5739.000000		268435456
17627.000000		146.000000		198.000000		268435456
3277.000000		3779.000000		29429.000000		268435456
13201.000000		26578.000000		28609.000000		268435456
5392.000000		11326.000000		22038.000000		268435456
15444.000000		2172.000000		26830.000000		268435456
29991.000000		5407.000000		16218.000000		268435456
22196.000000		28986.000000		22487.000000		268435456
14751.000000		27356.000000		19741.000000		268435456
5984.000000		11439.000000		31467.000000		268435456
26221.000000		24371.000000		18734.000000		268435456
15305.000000		2569.000000		17923.000000		268435456
4882.000000		2397.000000		11462.000000		268435456
5024.000000		32765.000000		23447.000000		268435456
7269.000000		32283.000000		20427.000000		268435456
3252.000000		15554.000000		16939.000000		268435456
21350.000000		21693.000000		9549.000000		268435456
6863.000000		5602.000000		7761.000000		268435456
12990.000000		23605.000000		7110.000000		268435456
6309.000000		24837.000000		13787.000000		268435456
11431.000000		10953.000000		384.000000		268435456
24564.000000		23292.000000		11309.000000		268435456
8561.000000		14349.000000		15917.000000		268435456
1635.000000		13487.000000		4336.000000		268435456
4845.000000		9254.000000		22684.000000		268435456
14793.000000		13770.000000		20892.000000		268435456
17238.000000		135.000000		11266.000000		268435456
29144.000000		13106.000000		13189.000000		268435456
11929.000000		11683.000000		29286.000000		268435456
26218.000000		27560.000000		32636.000000		268435456
17157.000000		32334.000000		29176.000000		268435456
16605.000000		18225.000000		18718.000000		268435456
31439.000000		7360.000000		14732.000000		268435456
9281.000000		1546.000000		2914.000000		268435456
2543.000000		30331.000000		31852.000000		268435456
15175.000000		12895.000000		274.000000		268435456
19510.000000		2942.000000		22588.000000		268435456
19504.000000		13304.000000		31526.000000		268435456
3516.000000		12937.000000		12198.000000		268435456
12849.000000		18328.000000		20541.000000		268435456
15342.000000		1896.000000		23301.000000		268435456
22784.000000		25545.000000		10159.000000		268435456
6118.000000		6520.000000		19537.000000		268435456
17035.000000		21312.000000		10214.000000		268435456
13010.000000		24545.000000		30190.000000		268435456
2057.000000		4387.000000		17153.000000		268435456
25494.000000		17984.000000		23607.000000		268435456
32482.000000		19931.000000		19950.000000		268435456
4335.000000		8111.000000		18388.000000		268435456
32546.000000		818.000000		3459.000000		268435456
11709.000000		18296.000000		9024.000000		268435456
3186.000000		13549.000000		16954.000000		268435456
11587.000000		32200.000000		14344.000000		268435456
9163.000000		30504.000000		18069.000000		268435456
4982.000000		29766.000000		20652.000000		268435456
32617.000000		9748.000000		23906.000000		268435456
10682.000000		20828.000000		18985.000000		268435456
3993.000000		29428.000000		9297.000000		268435456
23195.000000		649.000000		27792.000000		268435456
636.000000		6243.000000		5274.000000		268435456
22373.000000		21794.000000		1086.000000		268435456
19937.000000		15429.000000		24224.000000		268435456
165.000000		19012.000000		15758.000000		268435456
5551.000000		20480.000000		3807.000000		268435456
9980.000000		17894.000000		17175.000000		268435456
20135.000000		12225.000000		6529.000000		268435456
11209.000000		25165.000000		8920.000000		268435456
28768.000000		26624.000000		30566.000000		268435456
24982.000000		10323.000000		6372.000000		268435456
15048.000000		29826.000000		14996.000000		268435456
23119.000000		567.000000		7782.000000		268435456
21141.000000		3713.000000		14657.000000		268435456
9638.000000		16892.000000		4630.000000		268435456
5478.000000		18385.000000		30188.000000		268435456
27701.000000		21884.000000		2934.000000		268435456
20871.000000		20233.000000		4178.000000		268435456
25657.000000		4529.000000		31861.000000		268435456
22164.000000		23845.000000		7702.000000		268435456
25347.000000		11246.000000		15684.000000		268435456
27502.000000		1822.000000		7028.000000		268435456
23149.000000		21248.000000		3202.000000		268435456
27458.000000		3678.000000		868.000000		268435456
29680.000000		13151.000000		523.000000		268435456
28302.000000		24870.000000		23528.000000		268435456
17205.000000		22792.000000		32014.000000		268435456
18026.000000		22589.000000		28287.000000		268435456
18486.000000		9871.000000		17979.000000		268435456
32641.000000		29056.000000		19965.000000		268435456
15691.000000		19589.000000		1307.000000		268435456
28539.000000		24359.000000		556.000000		268435456
1969.000000		7509.000000		21499.000000		268435456
19142.000000		20962.000000		1794.000000		268435456
8564.000000		6424.000000		16370.000000		268435456
14853.000000		30746.000000		4189.000000		268435456
2494.000000		27153.000000		27361.000000		268435456
11658.000000		22261.000000		1136.000000		268435456
17658.000000		5590.000000		25476.000000		268435456
4774.000000		29167.000000		11898.000000		268435456
18514.000000		12369.000000		11247.000000		268435456
25013.000000		15406.000000		6227.000000		268435456
25703.000000		13588.000000		24838.000000		268435456
3379.000000		6866.000000		5360.000000		268435456
29017.000000		8385.000000		5585.000000		268435456
31032.000000		25070.000000		7929.000000		268435456
12926.000000		18289.000000		19399.000000		268435456
8234.000000		15869.000000		5626.000000		268435456
12881.000000		1624.000000		3413.000000		268435456
13461.000000		31197.000000		27102.000000		268435456
18302.000000		7715.000000		8787.000000		268435456
14679.000000		5564.000000		14255.000000		268435456
6693.000000		4287.000000		11819.000000		268435456
174.000000		15747.000000		3030.000000		268435456
27802.000000		6277.000000		21966.000000		268435456
6085.000000		28060.000000		15692.000000		268435456
11598.000000		2052.000000		24541.000000		268435456
10194.000000		2855.000000		29307.000000		268435456
32691.000000		26849.000000		11145.000000		268435456
5864.000000		28917.000000		11203.000000		268435456
2088.000000		21888.000000		27408.000000		268435456
516.000000		1260.000000		30937.000000		268435456
27479.000000		7290.000000		21737.000000		268435456
22279.000000		24987.000000		5507.000000		268435456
11153.000000		3590.000000		2812.000000		268435456
12430.000000		3624.000000		24408.000000		268435456
28414.000000		13021.000000		22905.000000		268435456
28398.000000		13024.000000		14729.000000		268435456
20424.000000		26956.000000		14121.000000		268435456
12486.000000		17159.000000		21737.000000		268435456
13187.000000		20584.000000		12109.000000		268435456
4820.000000		17612.000000		16806.000000		268435456
22915.000000		21149.000000		8555.000000		268435456
21022.000000		18017.000000		32115.000000		268435456
26592.000000		22554.000000		7577.000000		268435456
23690.000000		15263.000000		11282.000000		268435456
19793.000000		32448.000000		9247.000000		268435456
23410.000000		471.000000		8575.000000		268435456
25134.000000		30876.000000		17808.000000		268435456
8421.000000		12167.000000		11313.000000		268435456
23858.000000		13090.000000		7334.000000		268435456
27533.000000		13363.000000		29474.000000		268435456
219.000000		30864.000000		28034.000000		268435456
32365.000000		12446.000000		3748.000000		268435456
27764.000000		10827.000000		28194.000000		268435456
24827.000000		27137.000000		5163.000000		268435456
18477.000000		19993.000000		27184.000000		268435456
4421.000000		23334.000000		27795.000000		268435456
9680.000000		16767.000000		10352.000000		268435456
21782.000000		15465.000000		18829.000000		268435456
30710.000000		19882.000000		17010.000000		268435456
30813.000000		30727.000000		14904.000000		268435456
32708.000000		23474.000000		3941.000000		268435456
30282.000000		29263.000000		2063.000000		268435456
5528.000000		31763.000000		26892.000000		268435456
6102.000000		25992.000000		31919.000000		268435456
19250.000000		9649.000000		32331.000000		268435456
19884.000000		24493.000000		17969.000000		268435456
9788.000000		20424.000000		10444.000000		268435456
17589.000000		17485.000000		13052.000000		268435456
10298.000000		10126.000000		25502.000000		268435456
15290.000000		7983.000000		16224.000000		268435456
5454.000000		28020.000000		7911.000000		268435456
17867.000000		9361.000000		15965.000000		268435456
32084.000000		20299.000000		20738.000000		268435456
14451.000000		528.000000		5213.000000		268435456
827.000000		11197.000000		24469.000000		268435456
21988.000000		12195.000000		21969.000000		268435456
19632.000000		24778.000000		23432.000000		268435456
8858.000000		21043.000000		29930.000000		268435456
30830.000000		27224.000000		8427.000000		268435456
4910.000000		2470.000000		20712.000000		268435456
977.000000		30452.000000		18466.000000		268435456
10822.000000		17028.000000		16055.000000		268435456
14471.000000		2128.000000		2039.000000		268435456
2027.000000		26500.000000		21965.000000		268435456
8551.000000		552.000000		16483.000000		268435456
8877.000000		10641.000000		15755.000000		268435456
12765.000000		1426.000000		29729.000000		268435456
14426.000000		5427.000000		13968.000000		268435456
19821.000000		28646.000000		2938.000000		268435456
18225.000000		25187.000000		30902.000000		268435456
17718.000000		7101.000000		25792.000000		268435456
25057.000000		26667.000000		2488.000000		268435456
16260.000000		26556.000000		1904.000000		268435456
16299.000000		28578.000000		14773.000000		268435456
25029.000000		23080.000000		21755.000000		268435456
22399.000000		23078.000000		18952.000000		268435456
3981.000000		18800.000000		24225.000000		268435456
28663.000000		15592.000000		14375.000000		268435456
12644.000000		4403.000000		10722.000000		268435456
10097.000000		18458.000000		2448.000000		268435456
19596.000000		22638.000000		13688.000000		268435456
24256.000000		6757.000000		5871.000000		268435456
20754.000000		6353.000000		3789.000000		268435456
30243.000000		4468.000000		1015.000000		268435456
30140.000000		16499.000000		19566.000000		268435456
16268.000000		20147.000000		7850.000000		268435456
20911.000000		15957.000000		23539.000000		268435456
14937.000000		5013.000000		7175.000000		268435456
12782.000000		24442.000000		21060.000000		268435456
27657.000000		23291.000000		24915.000000		268435456
31990.000000		25980.000000		25421.000000		268435456
18077.000000		15762.000000		4217.000000		268435456
24870.000000		230.000000		25215.000000		268435456
22681.000000		19784.000000		13108.000000		268435456
6842.000000		10427.000000		16301.000000		268435456
19435.000000		14374.000000		29697.000000		268435456
25719.000000		30192.000000		27684.000000		268435456
20508.000000		15658.000000		9487.000000		268435456
12900.000000		1226.000000		537.000000		268435456
16794.000000		24059.000000		13468.000000		268435456
14366.000000		14163.000000		31925.000000		268435456
765.000000		20110.000000		27532.000000		268435456
1196.000000		23408.000000		22892.000000		268435456
24205.000000		25.000000		15897.000000		268435456
15325.000000		31798.000000		11115.000000		268435456
13695.000000		22236.000000		24550.000000		268435456
14742.000000		22928.000000		4143.000000		268435456
3995.000000		12974.000000		998.000000		268435456
17818.000000		29274.000000		8372.000000		268435456
6472.000000		82.000000		1489.000000		268435456
32432.000000		3188.000000		31924.000000		268435456
5947.000000		7679.000000		32283.000000		268435456
23095.000000		900.000000		30191.000000		268435456
7726.000000		1952.000000		17069.000000		268435456
4489.000000		12888.000000		16245.000000		268435456
17011.000000		4014.000000		26060.000000		268435456
10419.000000		21547.000000		26982.000000		268435456
17984.000000		28611.000000		12785.000000		268435456
29300.000000		4665.000000		27563.000000		268435456
24321.000000		18478.000000		15498.000000		268435456
9090.000000		26469.000000		8843.000000		268435456
18711.000000		18470.000000		17105.000000		268435456
15230.000000		26335.000000		30257.000000		268435456
24267.000000		16514.000000		27450.000000		268435456
21544.000000		5134.000000		630.000000		268435456
4702.000000		24822.000000		2865.000000		268435456
22444.000000		10536.000000		1689.000000		268435456
21636.000000		25661.000000		1050.000000		268435456
17692.000000		14139.000000		15519.000000		268435456
26528.000000		2501.000000		31694.000000		268435456
5753.000000		17815.000000		1679.000000		268435456
13727.000000		31669.000000		29711.000000		268435456
7642.000000		20446.000000		13271.000000		268435456
16720.000000		13922.000000		25001.000000		268435456
22414.000000		2332.000000		2926.000000		268435456
3448.000000		17033.000000		12084.000000		268435456
19786.000000		28601.000000		22412.000000		268435456
8990.000000		9718.000000		24759.000000		268435456
19139.000000		20772.000000		30240.000000		268435456
3520.000000		26198.000000		9376.000000		268435456
24144.000000		11655.000000		32061.000000		268435456
32631.000000		26723.000000		21447.000000		268435456
86.000000		19172.000000		25914.000000		268435456
10281.000000		27061.000000		1399.000000		268435456
21171.000000		1128.000000		29243.000000		268435456
29277.000000		24024.000000		15795.000000		268435456
17770.000000		19937.000000		21847.000000		268435456
7507.000000		10103.000000		11059.000000		268435456
8243.000000		19597.000000		16801.000000		268435456
24424.000000		3256.000000		14282.000000		268435456
2242.000000		7619.000000		2996.000000		268435456
11509.000000		29220.000000		10547.000000		268435456
11236.000000		14629.000000		27285.000000		268435456
16156.000000		27053.000000		2428.000000		268435456
17342.000000		8026.000000		9996.000000		268435456
21327.000000		2992.000000		21892.000000		268435456
24528.000000		1926.000000		704.000000		268435456
10093.000000		28167.000000		21830.000000		268435456
9109.000000		19697.000000		29366.000000		268435456
16334.000000		29055.000000		21742.000000		268435456
14029.000000		19359.000000		266.000000		268435456
23440.000000		6233.000000		1760.000000		268435456
28372.000000		30162.000000		22524.000000		268435456
28928.000000		14491.000000		30273.000000		268435456
23194.000000		1437.000000		11418.000000		268435456
28419.000000		13142.000000		28325.000000		268435456
25366.000000		5401.000000		2493.000000		268435456
8635.000000		30260.000000		26849.000000		268435456
12352.000000		27868.000000		27661.000000		268435456
18399.000000		32488.000000		13890.000000		268435456
1796.000000		19388.000000		17989.000000		268435456
29576.000000		28760.000000		6799.000000		268435456
28328.000000		7184.000000		28917.000000		268435456
3164.000000		6034.000000		6818.000000		268435456
11408.000000		18906.000000		19307.000000		268435456
597.000000		4850.000000		18554.000000		268435456
7031.000000		2739.000000		31636.000000		268435456
18340.000000		14343.000000		5912.000000		268435456
8045.000000		13124.000000		22764.000000		268435456
19803.000000		25864.000000		3973.000000		268435456
2609.000000		32688.000000		13017.000000		268435456
20956.000000		12554.000000		28109.000000		268435456
15313.000000		19273.000000		23815.000000		268435456
8524.000000		31280.000000		2010.000000		268435456
14733.000000		26961.000000		19611.000000		268435456
18288.000000		13191.000000		14700.000000		268435456
26990.000000		29637.000000		10073.000000		268435456
28609.000000		7251.000000		14254.000000		268435456
11029.000000		18022.000000		532.000000		268435456
7070.000000		18674.000000		29708.000000		268435456
13997.000000		19308.000000		15866.000000		268435456
16354.000000		10662.000000		26966.000000		268435456
4354.000000		3254.000000		3231.000000		268435456
4677.000000		5599.000000		8029.000000		268435456
4141.000000		30547.000000		12503.000000		268435456
9302.000000		25316.000000		12426.000000		268435456
28246.000000		14506.000000		9909.000000		268435456
11502.000000		17122.000000		31254.000000		268435456
20603.000000		25534.000000		1873.000000		268435456
25196.000000		9680.000000		11000.000000		268435456
1338.000000		29239.000000		19749.000000		268435456
22299.000000		10153.000000		28318.000000		268435456
9234.000000		2096.000000		9239.000000		268435456
13963.000000		20458.000000		18443.000000		268435456
12185.000000		29452.000000		15507.000000		268435456
24015.000000		5207.000000		9977.000000		268435456
32148.000000		31408.000000		15168.000000		268435456
25047.000000		17776.000000		9213.000000		268435456
32252.000000		6652.000000		26419.000000		268435456
32349.000000		21794.000000		29172.000000		268435456
5706.000000		24153.000000		13996.000000		268435456
27940.000000		22679.000000		16922.000000		268435456
14504.000000		22445.000000		24261.000000		268435456
6260.000000		19504.000000		26003.000000		268435456
14041.000000		31012.000000		9371.000000		268435456
19743.000000		3338.000000		12886.000000		268435456
7925.000000		24705.000000		28371.000000		268435456
20331.000000		15789.000000		27322.000000		268435456
17478.000000		31992.000000		3214.000000		268435456
21433.000000		29603.000000		28178.000000		268435456
240.000000		20420.000000		25385.000000		268435456
9929.000000		10800.000000		7706.000000		268435456
19756.000000		20466.000000		18013.000000		268435456
6871.000000		6760.000000		30762.000000		268435456
3892.000000		10263.000000		13973.000000		268435456
26135.000000		21327.000000		12894.000000		268435456
4924.000000		24561.000000		12185.000000		268435456
21560.000000		19656.000000		3137.000000		268435456
32005.000000		23836.000000		9696.000000		268435456
20457.000000		18048.000000		16278.000000		268435456
19700.000000		19813.000000		23332.000000		268435456
10918.000000		8214.000000		26960.000000		268435456
20654.000000		21091.000000		25356.000000		268435456
30762.000000		2610.000000		11235.000000		268435456
7075.000000		31064.000000		5901.000000		268435456
8287.000000		2118.000000		876.000000		268435456
32284.000000		31635.000000		25806.000000		268435456
17831.000000		18731.000000		6500.000000		268435456
29084.000000		17084.000000		25776.000000		268435456
5829.000000		28901.000000		10455.000000		268435456
10170.000000		2523.000000		3662.000000		268435456
27358.000000		6180.000000		1375.000000		268435456
25785.000000		32503.000000		16142.000000		268435456
27461.000000		5726.000000		26186.000000		268435456
8589.000000		21147.000000		11037.000000		268435456
25096.000000		12706.000000		1203.000000		268435456
10514.000000		31148.000000		19305.000000		268435456
21892.000000		7019.000000		13953.000000		268435456
4755.000000		23374.000000		31606.000000		268435456
14436.000000		17430.000000		18813.000000		268435456
12286.000000		1995.000000		20515.000000		268435456
29392.000000		5848.000000		18694.000000		268435456
20569.000000		14010.000000		19641.000000		268435456
13509.000000		11832.000000		24073.000000		268435456
10059.000000		31195.000000		3544.000000		268435456
10949.000000		5503.000000		27713.000000		268435456
20699.000000		8027.000000		23076.000000		268435456
9566.000000		17824.000000		16634.000000		268435456
21689.000000		31109.000000		22201.000000		268435456
22846.000000		19583.000000		26304.000000		268435456
20128.000000		31500.000000		29139.000000		268435456
24780.000000		933.000000		20157.000000		268435456
2491.000000		7780.000000		43.000000		268435456
27006.000000		30655.000000		19395.000000		268435456
31508.000000		13302.000000		6650.000000		268435456
18020.000000		13434.000000		9258.000000		268435456
11120.000000		17932.000000		2720.000000		268435456
20126.000000		8354.000000		5898.000000		268435456
23336.000000		4797.000000		12896.000000		268435456
18877.000000		1158.000000		26235.000000		268435456
2783.000000		31576.000000		7092.000000		268435456
1337.000000		18699.000000		7138.000000		268435456
10791.000000		1513.000000		19998.000000		268435456
21889.000000		2051.000000		7282.000000		268435456
2418.000000		30967.000000		9867.000000		268435456
2646.000000		13971.000000		4973.000000		268435456
24283.000000		658.000000		16793.000000		268435456
4464.000000		6361.000000		1222.000000		268435456
17845.000000		4921.000000		24169.000000		268435456
29589.000000		23049.000000		22065.000000		268435456
12000.000000		27215.000000		8381.000000		268435456
22452.000000		9916.000000		5581.000000		268435456
19535.000000		5397.000000		20370.000000		268435456
5277.000000		3882.000000		3299.000000		268435456
11335.000000		8800.000000		10619.000000		268435456
25963.000000		21891.000000		4719.000000		268435456
2368.000000		23678.000000		14947.000000		268435456
24005.000000		12449.000000		25717.000000		268435456
22894.000000		18457.000000		22148.000000		268435456
4721.000000		1483.000000		24650.000000		268435456
30044.000000		16872.000000		3249.000000		268435456
24576.000000		15425.000000		4445.000000		268435456
20254.000000		11921.000000		5702.000000		268435456
7278.000000		9164.000000		2849.000000		268435456
15367.000000		5908.000000		5473.000000		268435456
8718.000000		897.000000		11815.000000		268435456
20709.000000		4491.000000		25127.000000		268435456
20768.000000		22650.000000		8586.000000		268435456
21810.000000		18723.000000		20039.000000		268435456
13024.000000		9272.000000		16701.000000		268435456
27574.000000		10659.000000		12800.000000		268435456
9194.000000		30943.000000		22231.000000		268435456
20373.000000		29146.000000		22596.000000		268435456
9546.000000		17817.000000		30196.000000		268435456
31422.000000		3517.000000		2012.000000		268435456
31388.000000		20407.000000		5700.000000		268435456
18221.000000		25649.000000		1434.000000		268435456
24816.000000		21872.000000		21722.000000		268435456
11912.000000		3498.000000		4081.000000		268435456
15747.000000		7501.000000		29538.000000		268435456
17400.000000		34.000000		3730.000000		268435456
29802.000000		16798.000000		1855.000000		268435456
29267.000000		29212.000000		4318.000000		268435456
30387.000000		27028.000000		9155.000000		268435456
31983.000000		22960.000000		19536.000000		268435456
21689.000000		27089.000000		29185.000000		268435456
19379.000000		19916.000000		10279.000000		268435456
3219.000000		1161.000000		28134.000000		268435456
15172.000000		32565.000000		5621.000000		268435456
13806.000000		17800.000000		13212.000000		268435456
4198.000000		19433.000000		3821.000000		268435456
25514.000000		20679.000000		14693.000000		268435456
23005.000000		27376.000000		7158.000000		268435456
26903.000000		31303.000000		20849.000000		268435456
3704.000000		10179.000000		25329.000000		268435456
29608.000000		13419.000000		11356.000000		268435456
7440.000000		27597.000000		23995.000000		268435456
27501.000000		24086.000000		8277.000000		268435456
665.000000		14775.000000		12235.000000		268435456
7096.000000		19497.000000		539.000000		268435456
24223.000000		4470.000000		5499.000000		268435456
4795.000000		8766.000000		13404.000000		268435456
30909.000000		17757.000000		13414.000000		268435456
16899.000000		15535.000000		1808.000000		268435456
18933.000000		26523.000000		13911.000000		268435456
785.000000		8775.000000		25574.000000		268435456
29429.000000		29935.000000		8382.000000		268435456
2695.000000		15929.000000		26094.000000		268435456
9378.000000		3197.000000		22708.000000		268435456
22953.000000		4908.000000		10731.000000		268435456
29325.000000		11772.000000		18397.000000		268435456
12570.000000		15989.000000		12833.000000		268435456
24340.000000		28352.000000		12508.000000		268435456
14617.000000		3808.000000		29571.000000		268435456
16229.000000		11086.000000		531.000000		268435456
21177.000000		13464.000000		23414.000000		268435456
27032.000000		15986.000000		27608.000000		268435456
8890.000000		14342.000000		9400.000000		268435456
2452.000000		2072.000000		15220.000000		268435456
12821.000000		961.000000		30470.000000		268435456
2448.000000		23894.000000		3719.000000		268435456
18776.000000		29163.000000		24719.000000		268435456
16698.000000		10339.000000		27287.000000		268435456
17247.000000		1933.000000		2403.000000		268435456
10996.000000		23157.000000		13058.000000		268435456
18714.000000		26823.000000		24659.000000		268435456
16549.000000		10938.000000		27532.000000		268435456
2898.000000		9978.000000		15877.000000		268435456
27150.000000		17639.000000		16436.000000		268435456
28851.000000		26164.000000		26148.000000		268435456
9383.000000		20244.000000		31518.000000		268435456
7554.000000		2432.000000		14326.000000		268435456
20848.000000		25053.000000		30644.000000		268435456
1993.000000		11758.000000		5824.000000		268435456
28470.000000		32513.000000		20042.000000		268435456
17891.000000		19053.000000		26556.000000		268435456
2105.000000		4594.000000		30181.000000		268435456
16037.000000		24268.000000		18064.000000		268435456
20549.000000		25368.000000		510.000000		268435456
10652.000000		18049.000000		4743.000000		268435456
27786.000000		29107.000000		80.000000		268435456
13084.000000		5119.000000		1526.000000		268435456
12513.000000		12703.000000		24341.000000		268435456
27405.000000		24521.000000		30363.000000		268435456
22082.000000		364.000000		15937.000000		268435456
14012.000000		17033.000000		30932.000000		268435456
23694.000000		8828.000000		11923.000000		268435456
7453.000000		21440.000000		14590.000000		268435456
32256.000000		24628.000000		14239.000000		268435456
16954.000000		3839.000000		17760.000000		268435456
25827.000000		13403.000000		6684.000000		268435456
4553.000000		32675.000000		2149.000000		268435456
17498.000000		26170.000000		13840.000000		268435456
16923.000000		6018.000000		9766.000000		268435456
7011.000000		12064.000000		21690.000000		268435456
20457.000000		12052.000000		8540.000000		268435456
21849.000000		10833.000000		25677.000000		268435456
10401.000000		28154.000000		27485.000000		268435456
15774.000000		3983.000000		2000.000000		268435456
15428.000000		20722.000000		8117.000000		268435456
25657.000000		16057.000000		18370.000000		268435456
28920.000000		16021.000000		30574.000000		268435456
12168.000000		18489.000000		16472.000000		268435456
16855.000000		11895.000000		18738.000000		268435456
31582.000000		12592.000000		28777.000000		268435456
32673.000000		24191.000000		705.000000		268435456
24601.000000		937.000000		22628.000000		268435456
1377.000000		146.000000		15733.000000		268435456
7320.000000		6713.000000		31463.000000		268435456
3102.000000		16098.000000		13002.000000		268435456
13349.000000		21455.000000		6355.000000		268435456
28722.000000		32646.000000		14119.000000		268435456
11675.000000		18346.000000		16615.000000		268435456
32734.000000		33.000000		20564.000000		268435456
4988.000000		31404.000000		3922.000000		268435456
7732.000000		18627.000000		19046.000000		268435456
27832.000000		20091.000000		21430.000000		268435456
30315.000000		8527.000000		10508.000000		268435456
29765.000000		14398.000000		21653.000000		268435456
31545.000000		14083.000000		19572.000000		268435456
27105.000000		4045.000000		7456.000000		268435456
19153.000000		2037.000000		26704.000000		268435456
151.000000		18862.000000		16086.000000		268435456
7046.000000		2216.000000		20637.000000		268435456
16348.000000		32057.000000		17033.000000		268435456
24144.000000		23557.000000		29496.000000		268435456
12889.000000		1463.000000		15502.000000		268435456
7072.000000		28757.000000		26217.000000		268435456
2501.000000		10330.000000		9806.000000		268435456
1093.000000		29721.000000		5093.000000		268435456
347.000000		16985.000000		21363.000000		268435456
4950.000000		27595.000000		1283.000000		268435456
20681.000000		27037.000000		9053.000000		268435456
16213.000000		19952.000000		9.000000		268435456
32692.000000		28606.000000		32689.000000		268435456
26639.000000		32005.000000		20455.000000		268435456
28192.000000		10823.000000		24339.000000		268435456
15324.000000		20265.000000		1719.000000		268435456
93.000000		5228.000000		28524.000000		268435456
2644.000000		8597.000000		8402.000000		268435456
7499.000000		7622.000000		19797.000000		268435456
13205.000000		19008.000000		29036.000000		268435456
9230.000000		5804.000000		22132.000000		268435456
27296.000000		9281.000000		742.000000		268435456
14990.000000		30268.000000		17137.000000		268435456
9865.000000		969.000000		25692.000000		268435456
26712.000000		32569.000000		22090.000000		268435456
12646.000000		9433.000000		2844.000000		268435456
27056.000000		24648.000000		12854.000000		268435456
5436.000000		13292.000000		18945.000000		268435456
5379.000000		8493.000000		13907.000000		268435456
1635.000000		29274.000000		14831.000000		268435456
8433.000000		21015.000000		28113.000000		268435456
10261.000000		16417.000000		5601.000000		268435456
9129.000000		21287.000000		26715.000000		268435456
29477.000000		4936.000000		21062.000000		268435456
21580.000000		31147.000000		3561.000000		268435456
28686.000000		10540.000000		27295.000000		268435456
32147.000000		9665.000000		5452.000000		268435456
11484.000000		6215.000000		20897.000000		268435456
15598.000000		22122.000000		21374.000000		268435456
11421.000000		26970.000000		28484.000000		268435456
11219.000000		17200.000000		11822.000000		268435456
20831.000000		5372.000000		30087.000000		268435456
30966.000000		18921.000000		9726.000000		268435456
17122.000000		16124.000000		24526.000000		268435456
21921.000000		25660.000000		15714.000000		268435456
25473.000000		23330.000000		31278.000000		268435456
32621.000000		11257.000000		1833.000000		268435456
21009.000000		7972.000000		9466.000000		268435456
10490.000000		1635.000000		29722.000000		268435456
4757.000000		21487.000000		32363.000000		268435456
9352.000000		11762.000000		6438.000000		268435456
4384.000000		19614.000000		32589.000000		268435456
2423.000000		20296.000000		12315.000000		268435456
6463.000000		5033.000000		14557.000000		268435456
10780.000000		6463.000000		4837.000000		268435456
25012.000000		20273.000000		4456.000000		268435456
8554.000000		18785.000000		30134.000000		268435456
16253.000000		899.000000		27221.000000		268435456
6241.000000		13610.000000		16054.000000		268435456
17481.000000		18199.000000		21900.000000		268435456
12607.000000		26080.000000		6660.000000		268435456
19444.000000		15805.000000		14727.000000		268435456
23274.000000		24552.000000		24362.000000		268435456
6560.000000		22713.000000		19051.000000		268435456
14608.000000		28641.000000		6497.000000		268435456
28799.000000		30714.000000		25590.000000		268435456
24036.000000		9959.000000		5673.000000		268435456
23918.000000		11439.000000		25393.000000		268435456
22665.000000		23764.000000		22058.000000		268435456
32244.000000		6116.000000		28700.000000		268435456
10126.000000		27223.000000		10836.000000		268435456
17986.000000		16375.000000		1746.000000		268435456
254.000000		9773.000000		15290.000000		268435456
27449.000000		19965.000000		19673.000000		268435456
10744.000000		22518.000000		18077.000000		268435456
30389.000000		115.000000		10901.000000		268435456
21962.000000		6218.000000		417.000000		268435456
31623.000000		21192.000000		2590.000000		268435456
18687.000000		18719.000000		4132.000000		268435456
11224.000000		29096.000000		21473.000000		268435456
22250.000000		17060.000000		2854.000000		268435456
4092.000000		8728.000000		5849.000000		268435456
20616.000000		20501.000000		11859.000000		268435456
5338.000000		21940.000000		3398.000000		268435456
12761.000000		30010.000000		7935.000000		268435456
28775.000000		20663.000000		12323.000000		268435456
22267.000000		140.000000		8508.000000		268435456
16376.000000		5776.000000		6862.000000		268435456
21677.000000		30521.000000		29519.000000		268435456
5967.000000		22586.000000		28071.000000		268435456
18434.000000		16248.000000		561.000000		268435456
18601.000000		27528.000000		31109.000000		268435456
8050.000000		25327.000000		18912.000000		268435456
19780.000000		29987.000000		5973.000000		268435456
4995.000000		9753.000000		2724.000000		268435456
13066.000000		30455.000000		30278.000000		268435456
20421.000000		21233.000000		6305.000000		268435456
8041.000000		29495.000000		12359.000000		268435456
15579.000000		17478.000000		32065.000000		268435456
8327.000000		22598.000000		26567.000000		268435456
692.000000		19594.000000		31329.000000		268435456
32065.000000		1057.000000		25331.000000		268435456
