3 1447
21505.000000		25212.000000		6083.000000		268435456
4407.000000		26291.000000		14244.000000		268435456
19411.000000		18612.000000		31352.000000		268435456
11748.000000		13222.000000		5054.000000		268435456
27402.000000		23390.000000		20713.000000		268435456
24869.000000		20617.000000		2561.000000		268435456
20189.000000		21489.000000		4976.000000		268435456
19374.000000		22001.000000		6307.000000		268435456
31944.000000		6553.000000		15766.000000		268435456
8126.000000		5788.000000		755.000000		268435456
4175.000000		24966.000000		28844.000000		268435456
11974.000000		5639.000000		3848.000000		268435456
7525.000000		13600.000000		22696.000000		268435456
21594.000000		31505.000000		4979.000000		268435456
22249.000000		4132.000000		7500.000000		268435456
16444.000000		22888.000000		9311.000000		268435456
27319.000000		8675.000000		7672.000000		268435456
17501.000000		17136.000000		27874.000000		268435456
19772.000000		25610.000000		16577.000000		268435456
11562.000000		28277.000000		11377.000000		268435456
27799.000000		32450.000000		19864.000000		268435456
6530.000000		29494.000000		14770.000000		268435456
1956.000000		9490.000000		13484.000000		268435456
5407.000000		12594.000000		8995.000000		268435456
16259.000000		1463.000000		19277.000000		268435456
13158.000000		3131.000000		23376.000000		268435456
31365.000000		27646.000000		3320.000000		268435456
25035.000000		13375.000000		8583.000000		268435456
25975.000000		2367.000000		22095.000000		268435456
28759.000000		24390.000000		22868.000000		268435456
23753.000000		27395.000000		28213.000000		268435456
13292.000000		10771.000000		4645.000000		268435456
22792.000000		11017.000000		5439.000000		268435456
31069.000000		23150.000000		28139.000000		268435456
12952.000000		15766.000000		20023.000000		268435456
4472.000000		2683.000000		12427.000000		268435456
16065.000000		14305.000000		12905.000000		268435456
23945.000000		26291.000000		23427.000000		268435456
31833.000000		19318.000000		31470.000000		268435456
16651.000000		12371.000000		8210.000000		268435456
20673.000000		21726.000000		1082.000000		268435456
2173.000000		13404.000000		30648.000000		268435456
17898.000000		2810.000000		904.000000		268435456
32402.000000		27523.000000		9714.000000		268435456
24725.000000		27082.000000		32259.000000		268435456
24636.000000		4499.000000		6014.000000		268435456
4635.000000		11931.000000		24517.000000		268435456
30008.000000		17211.000000		21128.000000		268435456
2898.000000		29905.000000		25840.000000		268435456
5682.000000		10046.000000		18575.000000		268435456
24175.000000		2500.000000		29081.000000		268435456
10897.000000		25714.000000		9702.000000		268435456
31734.000000		13165.000000		1346.000000		268435456
30598.000000		14367.000000		1047.000000		268435456
15125.000000		14552.000000		15623.000000		268435456
18181.000000		30875.000000		31643.000000		268435456
22528.000000		19600.000000		25556.000000		268435456
18591.000000		15918.000000		18078.000000		268435456
13092.000000		22660.000000		29244.000000		268435456
26494.000000		24745.000000		18884.000000		268435456
12877.000000		26643.000000		10188.000000		268435456
30708.000000		566.000000		14645.000000		268435456
278.000000		22598.000000		9706.000000		268435456
25684.000000		4166.000000		32595.000000		268435456
8245.000000		24414.000000		14496.000000		268435456
13335.000000		2478.000000		22499.000000		268435456
19335.000000		13373.000000		21479.000000		268435456
14712.000000		1358.000000		3485.000000		268435456
19686.000000		29529.000000		19532.000000		268435456
12548.000000		30425.000000		16722.000000		268435456
26158.000000		8755.000000		2053.000000		268435456
31711.000000		6033.000000		26922.000000		268435456
9984.000000		13202.000000		25041.000000		268435456
10406.000000		14112.000000		7093.000000		268435456
21275.000000		32232.000000		18739.000000		268435456
2097.000000		7370.000000		3512.000000		268435456
1136.000000		686.000000		25584.000000		268435456
25258.000000		7086.000000		15100.000000		268435456
50.000000		160.000000		8916.000000		268435456
22193.000000		7386.000000		20880.000000		268435456
22673.000000		25620.000000		28711.000000		268435456
20359.000000		14413.000000		29754.000000		268435456
31975.000000		4078.000000		26719.000000		268435456
8303.000000		4680.000000		5133.000000		268435456
22656.000000		32472.000000		32236.000000		268435456
717.000000		9343.000000		19030.000000		268435456
9275.000000		12226.000000		3895.000000		268435456
16812.000000		29437.000000		4968.000000		268435456
10687.000000		485.000000		25128.000000		268435456
6317.000000		31456.000000		24560.000000		268435456
30454.000000		25520.000000		15052.000000		268435456
1422.000000		32059.000000		30153.000000		268435456
30476.000000		21870.000000		27382.000000		268435456
21193.000000		12987.000000		23189.000000		268435456
8742.000000		2947.000000		22258.000000		268435456
18180.000000		1247.000000		20875.000000		268435456
1923.000000		17813.000000		3996.000000		268435456
30781.000000		12266.000000		8999.000000		268435456
28119.000000		1793.000000		23680.000000		268435456
4858.000000		15575.000000		16590.000000		268435456
13298.000000		4700.000000		28874.000000		268435456
17645.000000		9458.000000		12166.000000		268435456
4115.000000		11520.000000		7212.000000		268435456
14273.000000		14565.000000		19522.000000		268435456
22140.000000		4301.000000		9489.000000		268435456
29712.000000		9054.000000		16770.000000		268435456
8220.000000		25001.000000		11174.000000		268435456
28088.000000		9109.000000		14642.000000		268435456
4209.000000		18789.000000		3493.000000		268435456
12797.000000		30299.000000		18181.000000		268435456
9704.000000		22538.000000		20722.000000		268435456
1343.000000		25723.000000		1742.000000		268435456
619.000000		16325.000000		12119.000000		268435456
308.000000		9108.000000		18300.000000		268435456
477.000000		19170.000000		2058.000000		268435456
17885.000000		12977.000000		9917.000000		268435456
21164.000000		20379.000000		19404.000000		268435456
24239.000000		11855.000000		2693.000000		268435456
10445.000000		14504.000000		32436.000000		268435456
27311.000000		20368.000000		15586.000000		268435456
7607.000000		19148.000000		14082.000000		268435456
12650.000000		30920.000000		25567.000000		268435456
28724.000000		28380.000000		8863.000000		268435456
26643.000000		26030.000000		29293.000000		268435456
11564.000000		17638.000000		9477.000000		268435456
20783.000000		24525.000000		20621.000000		268435456
26288.000000		28817.000000		7620.000000		268435456
26260.000000		18455.000000		10277.000000		268435456
4328.000000		14278.000000		27629.000000		268435456
12455.000000		27802.000000		20812.000000		268435456
29888.000000		1082.000000		23803.000000		268435456
7961.000000		3534.000000		5108.000000		268435456
30301.000000		28037.000000		30235.000000		268435456
30365.000000		14583.000000		11831.000000		268435456
16832.000000		29876.000000		31964.000000		268435456
1097.000000		17798.000000		5555.000000		268435456
23086.000000		23463.000000		24755.000000		268435456
4757.000000		24974.000000		4024.000000		268435456
6436.000000		20884.000000		14552.000000		268435456
25921.000000		15772.000000		20279.000000		268435456
28685.000000		23430.000000		604.000000		268435456
6284.000000		8849.000000		6322.000000		268435456
19444.000000		15026.000000		14487.000000		268435456
30072.000000		7256.000000		19355.000000		268435456
23769.000000		27643.000000		22070.000000		268435456
28688.000000		31372.000000		28139.000000		268435456
19079.000000		758.000000		22419.000000		268435456
26097.000000		17509.000000		16847.000000		268435456
7923.000000		26702.000000		1820.000000		268435456
8836.000000		28551.000000		22207.000000		268435456
29315.000000		13921.000000		17141.000000		268435456
31651.000000		16781.000000		15969.000000		268435456
16608.000000		24671.000000		5915.000000		268435456
21676.000000		21087.000000		25346.000000		268435456
19732.000000		20318.000000		2478.000000		268435456
20261.000000		14776.000000		16522.000000		268435456
12836.000000		32278.000000		24369.000000		268435456
14207.000000		7269.000000		16949.000000		268435456
14699.000000		10057.000000		31449.000000		268435456
8605.000000		7718.000000		5755.000000		268435456
25181.000000		9223.000000		25418.000000		268435456
31788.000000		17208.000000		14316.000000		268435456
16250.000000		28224.000000		28240.000000		268435456
29418.000000		6379.000000		1257.000000		268435456
31390.000000		12649.000000		13943.000000		268435456
5996.000000		7903.000000		22910.000000		268435456
1773.000000		13865.000000		21388.000000		268435456
17680.000000		29356.000000		1494.000000		268435456
20749.000000		5945.000000		27504.000000		268435456
24587.000000		15914.000000		238.000000		268435456
11883.000000		23811.000000		8898.000000		268435456
14563.000000		27800.000000		10913.000000		268435456
29375.000000		10921.000000		19788.000000		268435456
21681.000000		17737.000000		8473.000000		268435456
32526.000000		25201.000000		3130.000000		268435456
28662.000000		19112.000000		27983.000000		268435456
24530.000000		24782.000000		23678.000000		268435456
5365.000000		12973.000000		26401.000000		268435456
14367.000000		29827.000000		497.000000		268435456
24518.000000		2586.000000		32027.000000		268435456
21964.000000		24457.000000		19475.000000		268435456
22947.000000		9758.000000		21785.000000		268435456
28437.000000		16326.000000		30578.000000		268435456
546.000000		42.000000		21052.000000		268435456
17459.000000		4022.000000		31529.000000		268435456
30796.000000		1565.000000		16881.000000		268435456
16336.000000		20111.000000		29681.000000		268435456
3805.000000		23826.000000		5366.000000		268435456
18285.000000		7315.000000		9906.000000		268435456
15886.000000		8059.000000		27299.000000		268435456
18705.000000		899.000000		21161.000000		268435456
10934.000000		20293.000000		9188.000000		268435456
17881.000000		3186.000000		20330.000000		268435456
11685.000000		6969.000000		158.000000		268435456
12605.000000		31594.000000		19830.000000		268435456
14215.000000		17127.000000		17795.000000		268435456
2861.000000		24226.000000		4118.000000		268435456
27826.000000		26275.000000		24946.000000		268435456
12114.000000		25141.000000		11701.000000		268435456
12716.000000		31119.000000		20736.000000		268435456
32274.000000		23194.000000		24574.000000		268435456
27723.000000		27047.000000		25533.000000		268435456
21545.000000		1868.000000		16219.000000		268435456
18102.000000		30271.000000		23110.000000		268435456
19453.000000		31847.000000		32172.000000		268435456
6338.000000		10106.000000		25941.000000		268435456
4077.000000		15644.000000		25172.000000		268435456
4432.000000		31139.000000		11586.000000		268435456
10063.000000		10839.000000		32230.000000		268435456
7353.000000		9582.000000		1718.000000		268435456
12251.000000		20449.000000		22045.000000		268435456
9841.000000		2697.000000		9337.000000		268435456
29616.000000		8165.000000		15080.000000		268435456
869.000000		13324.000000		16301.000000		268435456
20539.000000		8111.000000		7076.000000		268435456
24515.000000		18080.000000		9933.000000		268435456
31912.000000		14823.000000		8166.000000		268435456
17954.000000		30328.000000		14661.000000		268435456
32414.000000		10695.000000		2399.000000		268435456
3922.000000		30581.000000		22666.000000		268435456
4734.000000		4087.000000		3265.000000		268435456
4407.000000		17414.000000		6385.000000		268435456
2137.000000		3351.000000		28075.000000		268435456
2168.000000		10154.000000		19383.000000		268435456
10581.000000		1822.000000		19975.000000		268435456
19434.000000		16408.000000		10491.000000		268435456
12609.000000		22033.000000		23398.000000		268435456
10759.000000		13432.000000		15258.000000		268435456
22147.000000		18887.000000		25904.000000		268435456
12231.000000		17466.000000		2604.000000		268435456
20135.000000		7601.000000		31951.000000		268435456
21944.000000		5991.000000		8076.000000		268435456
18484.000000		20706.000000		7447.000000		268435456
31532.000000		30847.000000		23228.000000		268435456
662.000000		18376.000000		2204.000000		268435456
211.000000		25675.000000		8447.000000		268435456
4927.000000		27222.000000		9910.000000		268435456
2840.000000		13853.000000		32379.000000		268435456
4939.000000		27790.000000		13660.000000		268435456
18975.000000		14209.000000		16588.000000		268435456
29512.000000		26797.000000		14886.000000		268435456
26677.000000		4167.000000		29760.000000		268435456
6901.000000		14695.000000		18191.000000		268435456
16652.000000		4202.000000		14273.000000		268435456
22806.000000		26618.000000		30677.000000		268435456
4899.000000		8010.000000		25746.000000		268435456
2990.000000		21748.000000		4867.000000		268435456
18974.000000		21544.000000		24170.000000		268435456
25398.000000		21516.000000		1544.000000		268435456
7173.000000		27115.000000		21909.000000		268435456
17336.000000		4701.000000		5617.000000		268435456
19612.000000		29847.000000		10270.000000		268435456
7376.000000		7129.000000		9876.000000		268435456
20817.000000		2303.000000		12342.000000		268435456
11771.000000		32733.000000		30807.000000		268435456
5497.000000		30606.000000		32077.000000		268435456
7880.000000		15908.000000		16600.000000		268435456
4563.000000		24907.000000		665.000000		268435456
10942.000000		7309.000000		7447.000000		268435456
7042.000000		23127.000000		264.000000		268435456
28440.000000		7024.000000		7166.000000		268435456
3587.000000		3997.000000		11202.000000		268435456
15525.000000		16757.000000		5713.000000		268435456
4297.000000		3436.000000		3537.000000		268435456
14956.000000		14634.000000		17778.000000		268435456
1160.000000		25386.000000		23683.000000		268435456
13802.000000		2511.000000		7293.000000		268435456
27985.000000		1138.000000		30116.000000		268435456
17406.000000		25105.000000		24481.000000		268435456
17931.000000		554.000000		6565.000000		268435456
25055.000000		18078.000000		25547.000000		268435456
24314.000000		5754.000000		20804.000000		268435456
10164.000000		20456.000000		21750.000000		268435456
3137.000000		5297.000000		11097.000000		268435456
26276.000000		18799.000000		27582.000000		268435456
19118.000000		10870.000000		27338.000000		268435456
19063.000000		19038.000000		11025.000000		268435456
28722.000000		4560.000000		9696.000000		268435456
23332.000000		4717.000000		9478.000000		268435456
19148.000000		27640.000000		3948.000000		268435456
5334.000000		26429.000000		29257.000000		268435456
3023.000000		2796.000000		30585.000000		268435456
19797.000000		11691.000000		2462.000000		268435456
22228.000000		1074.000000		21642.000000		268435456
21466.000000		22481.000000		3428.000000		268435456
4787.000000		4445.000000		10123.000000		268435456
13487.000000		19372.000000		806.000000		268435456
83.000000		4906.000000		7166.000000		268435456
23595.000000		28571.000000		19861.000000		268435456
28216.000000		4682.000000		13075.000000		268435456
3308.000000		24886.000000		15234.000000		268435456
28945.000000		25916.000000		25507.000000		268435456
19299.000000		20534.000000		7862.000000		268435456
10429.000000		17603.000000		12879.000000		268435456
5378.000000		23128.000000		13235.000000		268435456
5753.000000		8406.000000		11302.000000		268435456
946.000000		26249.000000		16326.000000		268435456
13365.000000		1568.000000		13226.000000		268435456
28254.000000		11449.000000		15605.000000		268435456
9800.000000		26734.000000		780.000000		268435456
15794.000000		9517.000000		17317.000000		268435456
22515.000000		16536.000000		30698.000000		268435456
6241.000000		21795.000000		12312.000000		268435456
26745.000000		11462.000000		31748.000000		268435456
19596.000000		10272.000000		22030.000000		268435456
20916.000000		14372.000000		31640.000000		268435456
1055.000000		3151.000000		32547.000000		268435456
29295.000000		11107.000000		9582.000000		268435456
28747.000000		11691.000000		212.000000		268435456
30189.000000		22933.000000		31152.000000		268435456
15446.000000		16114.000000		32038.000000		268435456
16228.000000		21834.000000		17450.000000		268435456
21119.000000		4240.000000		28000.000000		268435456
23382.000000		26612.000000		21386.000000		268435456
23980.000000		5383.000000		30815.000000		268435456
21009.000000		6653.000000		25253.000000		268435456
2325.000000		12152.000000		24170.000000		268435456
23990.000000		9241.000000		2567.000000		268435456
23341.000000		5213.000000		656.000000		268435456
19358.000000		21173.000000		32545.000000		268435456
15221.000000		28059.000000		24054.000000		268435456
1008.000000		19086.000000		13310.000000		268435456
19204.000000		10852.000000		927.000000		268435456
9163.000000		18912.000000		25925.000000		268435456
17885.000000		14512.000000		23441.000000		268435456
5454.000000		933.000000		7656.000000		268435456
14199.000000		10548.000000		29294.000000		268435456
28255.000000		6877.000000		32484.000000		268435456
30461.000000		16407.000000		14029.000000		268435456
27148.000000		8664.000000		32458.000000		268435456
12328.000000		990.000000		20476.000000		268435456
22993.000000		26102.000000		10257.000000		268435456
17362.000000		18756.000000		29178.000000		268435456
17192.000000		19040.000000		28259.000000		268435456
6025.000000		22006.000000		16572.000000		268435456
21300.000000		5277.000000		21090.000000		268435456
3527.000000		19822.000000		2342.000000		268435456
13672.000000		25623.000000		2198.000000		268435456
26784.000000		608.000000		24629.000000		268435456
31592.000000		10730.000000		899.000000		268435456
22281.000000		19576.000000		10582.000000		268435456
29611.000000		26770.000000		27161.000000		268435456
28925.000000		30042.000000		10971.000000		268435456
22910.000000		23381.000000		31486.000000		268435456
298.000000		287.000000		17413.000000		268435456
1139.000000		29562.000000		29278.000000		268435456
15095.000000		21962.000000		6699.000000		268435456
30315.000000		28079.000000		2889.000000		268435456
29177.000000		25189.000000		15068.000000		268435456
11954.000000		11307.000000		30402.000000		268435456
9261.000000		12745.000000		20236.000000		268435456
19952.000000		4710.000000		29200.000000		268435456
15007.000000		7740.000000		8115.000000		268435456
10709.000000		25999.000000		21236.000000		268435456
23612.000000		29294.000000		26213.000000		268435456
16584.000000		16633.000000		15300.000000		268435456
7421.000000		31094.000000		17608.000000		268435456
23822.000000		4155.000000		679.000000		268435456
18365.000000		8927.000000		21498.000000		268435456
29715.000000		18617.000000		32355.000000		268435456
2885.000000		16620.000000		6462.000000		268435456
14821.000000		23242.000000		12410.000000		268435456
897.000000		22165.000000		24459.000000		268435456
18947.000000		5825.000000		30601.000000		268435456
32215.000000		14317.000000		3544.000000		268435456
32257.000000		7289.000000		26150.000000		268435456
1040.000000		15087.000000		8239.000000		268435456
24516.000000		27703.000000		22967.000000		268435456
15198.000000		12265.000000		32246.000000		268435456
26675.000000		26115.000000		18922.000000		268435456
3422.000000		8186.000000		4589.000000		268435456
15536.000000		196.000000		21730.000000		268435456
28458.000000		13662.000000		22735.000000		268435456
11459.000000		21695.000000		5427.000000		268435456
32463.000000		1150.000000		8604.000000		268435456
7859.000000		19792.000000		9790.000000		268435456
10702.000000		32257.000000		1776.000000		268435456
13566.000000		1015.000000		12432.000000		268435456
12141.000000		29004.000000		19195.000000		268435456
4090.000000		31490.000000		15180.000000		268435456
10237.000000		1072.000000		18420.000000		268435456
30207.000000		14474.000000		8404.000000		268435456
22120.000000		12229.000000		9491.000000		268435456
12771.000000		12919.000000		13345.000000		268435456
31649.000000		31639.000000		1156.000000		268435456
27325.000000		8900.000000		12684.000000		268435456
15309.000000		10158.000000		30924.000000		268435456
26913.000000		18241.000000		20728.000000		268435456
29500.000000		2849.000000		20626.000000		268435456
32085.000000		21116.000000		2211.000000		268435456
11658.000000		28722.000000		15822.000000		268435456
22318.000000		31650.000000		5883.000000		268435456
23427.000000		30753.000000		6609.000000		268435456
27544.000000		14703.000000		3922.000000		268435456
29858.000000		24632.000000		6554.000000		268435456
19702.000000		22665.000000		14413.000000		268435456
30520.000000		11969.000000		15991.000000		268435456
29399.000000		22492.000000		23630.000000		268435456
18092.000000		10726.000000		15592.000000		268435456
8896.000000		21965.000000		2906.000000		268435456
18760.000000		21418.000000		2102.000000		268435456
20206.000000		28512.000000		2860.000000		268435456
28561.000000		19829.000000		15170.000000		268435456
8543.000000		20135.000000		7523.000000		268435456
3365.000000		19187.000000		18295.000000		268435456
22670.000000		22547.000000		11543.000000		268435456
12165.000000		28470.000000		14561.000000		268435456
26777.000000		32373.000000		11331.000000		268435456
31076.000000		24655.000000		2776.000000		268435456
20175.000000		21474.000000		16053.000000		268435456
2374.000000		23780.000000		2759.000000		268435456
32471.000000		429.000000		4999.000000		268435456
10393.000000		31858.000000		12008.000000		268435456
6133.000000		31790.000000		20310.000000		268435456
31892.000000		20012.000000		9501.000000		268435456
30222.000000		5919.000000		30893.000000		268435456
17522.000000		5059.000000		16929.000000		268435456
1409.000000		9638.000000		17758.000000		268435456
26864.000000		11386.000000		29646.000000		268435456
20973.000000		7535.000000		17083.000000		268435456
20242.000000		14920.000000		31014.000000		268435456
26490.000000		22113.000000		27636.000000		268435456
5272.000000		28165.000000		31075.000000		268435456
6983.000000		2256.000000		10499.000000		268435456
9903.000000		2253.000000		12094.000000		268435456
31485.000000		10815.000000		13803.000000		268435456
5057.000000		20509.000000		20512.000000		268435456
19650.000000		19717.000000		25909.000000		268435456
8046.000000		16214.000000		12047.000000		268435456
2.000000		16768.000000		25072.000000		268435456
3094.000000		31923.000000		26976.000000		268435456
1217.000000		30613.000000		21669.000000		268435456
20350.000000		20679.000000		16286.000000		268435456
625.000000		5541.000000		27637.000000		268435456
4209.000000		26408.000000		10029.000000		268435456
10382.000000		30285.000000		5341.000000		268435456
26995.000000		17362.000000		12678.000000		268435456
8804.000000		20614.000000		30684.000000		268435456
4312.000000		27738.000000		11299.000000		268435456
25803.000000		17915.000000		26469.000000		268435456
16612.000000		5408.000000		26743.000000		268435456
26557.000000		436.000000		8551.000000		268435456
6842.000000		492.000000		32134.000000		268435456
14106.000000		1384.000000		26834.000000		268435456
21831.000000		1730.000000		7410.000000		268435456
27883.000000		19984.000000		23903.000000		268435456
25962.000000		213.000000		21409.000000		268435456
27914.000000		10390.000000		26380.000000		268435456
32523.000000		2265.000000		21059.000000		268435456
27897.000000		30124.000000		22531.000000		268435456
26331.000000		22315.000000		13408.000000		268435456
17476.000000		18490.000000		25316.000000		268435456
6902.000000		10115.000000		15550.000000		268435456
215.000000		19425.000000		31923.000000		268435456
27805.000000		11568.000000		13360.000000		268435456
6135.000000		18812.000000		2261.000000		268435456
20417.000000		10761.000000		5181.000000		268435456
6123.000000		32177.000000		4828.000000		268435456
29976.000000		18845.000000		30998.000000		268435456
18304.000000		23021.000000		11544.000000		268435456
18929.000000		20295.000000		3800.000000		268435456
30682.000000		16990.000000		7206.000000		268435456
17671.000000		16685.000000		23566.000000		268435456
16989.000000		31688.000000		5870.000000		268435456
2551.000000		21338.000000		32742.000000		268435456
20371.000000		21066.000000		24539.000000		268435456
30006.000000		15725.000000		17574.000000		268435456
25940.000000		7789.000000		10025.000000		268435456
8331.000000		10896.000000		22324.000000		268435456
10653.000000		16401.000000		20378.000000		268435456
29823.000000		26306.000000		6874.000000		268435456
5342.000000		32538.000000		9724.000000		268435456
30021.000000		7564.000000		31876.000000		268435456
18850.000000		4068.000000		12605.000000		268435456
14849.000000		15802.000000		27441.000000		268435456
16601.000000		19947.000000		17412.000000		268435456
29564.000000		12984.000000		17225.000000		268435456
16699.000000		10536.000000		14855.000000		268435456
9123.000000		28567.000000		6423.000000		268435456
15726.000000		21268.000000		6806.000000		268435456
14691.000000		4335.000000		29344.000000		268435456
18428.000000		32335.000000		1810.000000		268435456
15560.000000		29208.000000		15229.000000		268435456
7487.000000		4188.000000		14154.000000		268435456
9569.000000		18283.000000		7569.000000		268435456
8898.000000		1781.000000		7927.000000		268435456
26963.000000		29322.000000		32686.000000		268435456
30932.000000		6876.000000		32455.000000		268435456
23983.000000		9964.000000		18310.000000		268435456
9788.000000		26686.000000		26813.000000		268435456
12509.000000		25615.000000		11892.000000		268435456
20295.000000		10489.000000		29392.000000		268435456
11832.000000		6185.000000		4363.000000		268435456
8375.000000		26478.000000		17415.000000		268435456
9781.000000		14637.000000		12139.000000		268435456
27694.000000		4255.000000		10126.000000		268435456
22700.000000		7035.000000		26823.000000		268435456
14126.000000		712.000000		11897.000000		268435456
10008.000000		5274.000000		9892.000000		268435456
32457.000000		12735.000000		29728.000000		268435456
13030.000000		24007.000000		31930.000000		268435456
401.000000		19628.000000		8810.000000		268435456
28721.000000		32069.000000		2173.000000		268435456
20076.000000		2314.000000		10848.000000		268435456
12160.000000		3755.000000		26552.000000		268435456
29268.000000		25835.000000		6864.000000		268435456
16723.000000		24999.000000		16319.000000		268435456
14382.000000		26350.000000		25079.000000		268435456
11443.000000		25581.000000		22309.000000		268435456
21819.000000		11373.000000		26727.000000		268435456
3573.000000		30283.000000		16888.000000		268435456
25042.000000		1745.000000		8867.000000		268435456
9587.000000		30240.000000		9457.000000		268435456
29027.000000		3846.000000		17443.000000		268435456
30190.000000		15259.000000		11803.000000		268435456
19957.000000		652.000000		31174.000000		268435456
8394.000000		25239.000000		8662.000000		268435456
6804.000000		32660.000000		19160.000000		268435456
625.000000		14061.000000		20821.000000		268435456
15736.000000		24106.000000		18226.000000		268435456
31604.000000		24206.000000		3025.000000		268435456
15814.000000		605.000000		20007.000000		268435456
25418.000000		10957.000000		11825.000000		268435456
2608.000000		10209.000000		19763.000000		268435456
26555.000000		10134.000000		27870.000000		268435456
13552.000000		24999.000000		9899.000000		268435456
10329.000000		23179.000000		25070.000000		268435456
26316.000000		26704.000000		20445.000000		268435456
16277.000000		32065.000000		24055.000000		268435456
28184.000000		26775.000000		29540.000000		268435456
13135.000000		9480.000000		1056.000000		268435456
12293.000000		24314.000000		20376.000000		268435456
1275.000000		4110.000000		27214.000000		268435456
12695.000000		16462.000000		29283.000000		268435456
23976.000000		700.000000		23685.000000		268435456
15116.000000		18179.000000		10984.000000		268435456
11404.000000		4502.000000		3785.000000		268435456
5036.000000		19265.000000		24246.000000		268435456
3816.000000		13067.000000		2857.000000		268435456
19760.000000		8233.000000		13185.000000		268435456
3681.000000		20983.000000		4542.000000		268435456
23876.000000		6872.000000		32662.000000		268435456
16153.000000		9417.000000		32444.000000		268435456
10446.000000		14341.000000		650.000000		268435456
6450.000000		5761.000000		12015.000000		268435456
30727.000000		23370.000000		21711.000000		268435456
8580.000000		26122.000000		21810.000000		268435456
23422.000000		28546.000000		6192.000000		268435456
9130.000000		5535.000000		21447.000000		268435456
10661.000000		20919.000000		3182.000000		268435456
29615.000000		10031.000000		668.000000		268435456
14715.000000		30876.000000		4718.000000		268435456
30726.000000		17415.000000		26582.000000		268435456
10850.000000		18567.000000		11697.000000		268435456
11414.000000		7469.000000		23109.000000		268435456
12882.000000		2141.000000		1818.000000		268435456
30196.000000		24357.000000		23946.000000		268435456
25311.000000		1537.000000		9515.000000		268435456
2092.000000		20255.000000		22032.000000		268435456
27341.000000		14613.000000		19763.000000		268435456
26281.000000		24772.000000		1840.000000		268435456
23850.000000		10542.000000		7734.000000		268435456
11028.000000		6926.000000		14353.000000		268435456
18465.000000		6360.000000		16745.000000		268435456
24387.000000		18429.000000		27689.000000		268435456
13576.000000		2288.000000		21917.000000		268435456
23195.000000		32255.000000		25193.000000		268435456
22615.000000		8253.000000		20974.000000		268435456
19810.000000		25444.000000		6768.000000		268435456
4994.000000		29021.000000		20873.000000		268435456
1273.000000		27454.000000		358.000000		268435456
17399.000000		3412.000000		23931.000000		268435456
2561.000000		2161.000000		12363.000000		268435456
429.000000		23393.000000		10924.000000		268435456
5576.000000		16105.000000		25562.000000		268435456
13563.000000		24296.000000		12708.000000		268435456
3737.000000		25644.000000		6736.000000		268435456
7870.000000		31379.000000		21164.000000		268435456
21188.000000		6079.000000		7611.000000		268435456
24306.000000		27638.000000		13408.000000		268435456
10360.000000		20763.000000		16795.000000		268435456
1357.000000		15702.000000		978.000000		268435456
15556.000000		9257.000000		20732.000000		268435456
5235.000000		21356.000000		1234.000000		268435456
18014.000000		24176.000000		9805.000000		268435456
27623.000000		6963.000000		17907.000000		268435456
12537.000000		11912.000000		14506.000000		268435456
5573.000000		16421.000000		8029.000000		268435456
15448.000000		29806.000000		8776.000000		268435456
19674.000000		19829.000000		13470.000000		268435456
18021.000000		29889.000000		21065.000000		268435456
1227.000000		15652.000000		20712.000000		268435456
6625.000000		16924.000000		20520.000000		268435456
8508.000000		19974.000000		29318.000000		268435456
9117.000000		5894.000000		16752.000000		268435456
10805.000000		5648.000000		1389.000000		268435456
28214.000000		24621.000000		21124.000000		268435456
31548.000000		14473.000000		30257.000000		268435456
18626.000000		10726.000000		18850.000000		268435456
30691.000000		32752.000000		15816.000000		268435456
5881.000000		21806.000000		30565.000000		268435456
2989.000000		27064.000000		7137.000000		268435456
2492.000000		14231.000000		31343.000000		268435456
29852.000000		1575.000000		14525.000000		268435456
29961.000000		26352.000000		29702.000000		268435456
24272.000000		30975.000000		10434.000000		268435456
13497.000000		15490.000000		27083.000000		268435456
31984.000000		30642.000000		6985.000000		268435456
9120.000000		25912.000000		13518.000000		268435456
23648.000000		26712.000000		11093.000000		268435456
8421.000000		27408.000000		6318.000000		268435456
1386.000000		20640.000000		9261.000000		268435456
3501.000000		22948.000000		32138.000000		268435456
22243.000000		9832.000000		25883.000000		268435456
8554.000000		17075.000000		24044.000000		268435456
18938.000000		23505.000000		14008.000000		268435456
32115.000000		18656.000000		21999.000000		268435456
13871.000000		16090.000000		10630.000000		268435456
6314.000000		17974.000000		29525.000000		268435456
5793.000000		2290.000000		18644.000000		268435456
610.000000		28938.000000		32334.000000		268435456
2362.000000		21755.000000		24092.000000		268435456
10171.000000		23880.000000		272.000000		268435456
5469.000000		12983.000000		83.000000		268435456
18740.000000		12641.000000		26777.000000		268435456
2854.000000		17559.000000		2028.000000		268435456
13859.000000		11590.000000		17204.000000		268435456
19799.000000		20826.000000		2939.000000		268435456
16971.000000		1845.000000		29077.000000		268435456
26507.000000		1298.000000		4662.000000		268435456
19925.000000		30025.000000		9640.000000		268435456
16203.000000		21844.000000		206.000000		268435456
12874.000000		19466.000000		22113.000000		268435456
18951.000000		10953.000000		14933.000000		268435456
1898.000000		14704.000000		29243.000000		268435456
19254.000000		9819.000000		21022.000000		268435456
2289.000000		8462.000000		8743.000000		268435456
1283.000000		8874.000000		19695.000000		268435456
675.000000		18798.000000		27910.000000		268435456
19270.000000		667.000000		7889.000000		268435456
6718.000000		13245.000000		4128.000000		268435456
23495.000000		1041.000000		8287.000000		268435456
10015.000000		28245.000000		31490.000000		268435456
4093.000000		14904.000000		29040.000000		268435456
5568.000000		18385.000000		7628.000000		268435456
15296.000000		5350.000000		30818.000000		268435456
10584.000000		19364.000000		12004.000000		268435456
10663.000000		770.000000		13430.000000		268435456
22589.000000		12911.000000		18802.000000		268435456
28944.000000		23540.000000		16129.000000		268435456
4067.000000		16271.000000		22592.000000		268435456
11007.000000		24698.000000		27223.000000		268435456
29575.000000		12944.000000		14550.000000		268435456
8791.000000		23946.000000		16061.000000		268435456
13544.000000		20110.000000		28894.000000		268435456
20764.000000		23557.000000		29901.000000		268435456
2203.000000		21164.000000		17465.000000		268435456
8127.000000		24152.000000		18945.000000		268435456
32735.000000		26152.000000		1110.000000		268435456
15521.000000		2414.000000		30570.000000		268435456
20475.000000		16301.000000		8598.000000		268435456
20813.000000		18562.000000		31684.000000		268435456
21388.000000		767.000000		28146.000000		268435456
10276.000000		5026.000000		8538.000000		268435456
27724.000000		16658.000000		11290.000000		268435456
20582.000000		3849.000000		32125.000000		268435456
27708.000000		1567.000000		2243.000000		268435456
18398.000000		19878.000000		27256.000000		268435456
25395.000000		15970.000000		996.000000		268435456
30879.000000		11099.000000		32331.000000		268435456
10816.000000		17795.000000		11780.000000		268435456
16019.000000		987.000000		3988.000000		268435456
22635.000000		32211.000000		509.000000		268435456
31689.000000		4408.000000		18276.000000		268435456
1194.000000		9192.000000		7599.000000		268435456
21444.000000		2422.000000		23042.000000		268435456
26410.000000		2107.000000		15514.000000		268435456
17724.000000		13511.000000		6590.000000		268435456
8262.000000		15318.000000		11614.000000		268435456
22291.000000		15929.000000		32357.000000		268435456
13750.000000		24118.000000		6032.000000		268435456
14435.000000		32504.000000		16636.000000		268435456
18139.000000		27114.000000		22883.000000		268435456
23798.000000		2166.000000		7869.000000		268435456
8002.000000		27288.000000		7447.000000		268435456
5768.000000		19483.000000		1946.000000		268435456
15011.000000		17001.000000		5162.000000		268435456
16543.000000		32582.000000		15278.000000		268435456
4109.000000		24085.000000		6850.000000		268435456
6113.000000		20673.000000		30812.000000		268435456
8711.000000		15874.000000		28621.000000		268435456
5930.000000		16645.000000		8467.000000		268435456
28605.000000		24622.000000		16062.000000		268435456
986.000000		210.000000		6387.000000		268435456
1951.000000		10722.000000		32248.000000		268435456
8.000000		12816.000000		6595.000000		268435456
13816.000000		16734.000000		12618.000000		268435456
21667.000000		21743.000000		2545.000000		268435456
10856.000000		9981.000000		511.000000		268435456
32426.000000		8129.000000		30369.000000		268435456
1348.000000		6788.000000		26230.000000		268435456
12796.000000		2570.000000		14319.000000		268435456
6727.000000		17562.000000		20797.000000		268435456
18802.000000		939.000000		13545.000000		268435456
26656.000000		1427.000000		9247.000000		268435456
20288.000000		14146.000000		2555.000000		268435456
23742.000000		543.000000		32175.000000		268435456
14806.000000		25362.000000		20409.000000		268435456
3171.000000		23417.000000		30762.000000		268435456
30895.000000		22020.000000		14663.000000		268435456
5612.000000		17439.000000		9936.000000		268435456
18901.000000		1709.000000		2269.000000		268435456
6356.000000		9036.000000		6911.000000		268435456
23552.000000		6238.000000		15887.000000		268435456
29130.000000		2209.000000		3254.000000		268435456
19102.000000		1695.000000		13535.000000		268435456
30985.000000		7867.000000		31304.000000		268435456
22566.000000		10662.000000		32203.000000		268435456
18852.000000		26290.000000		16749.000000		268435456
16510.000000		26290.000000		22094.000000		268435456
15235.000000		8114.000000		26603.000000		268435456
24674.000000		13643.000000		9877.000000		268435456
16853.000000		9516.000000		5266.000000		268435456
4106.000000		16085.000000		5198.000000		268435456
24074.000000		4943.000000		10564.000000		268435456
16009.000000		20474.000000		25564.000000		268435456
23494.000000		29896.000000		5427.000000		268435456
26766.000000		11223.000000		22624.000000		268435456
9286.000000		28164.000000		25255.000000		268435456
16534.000000		7924.000000		22602.000000		268435456
14376.000000		6498.000000		17894.000000		268435456
6068.000000		1125.000000		8050.000000		268435456
21663.000000		25869.000000		6933.000000		268435456
7538.000000		22958.000000		2289.000000		268435456
1392.000000		3723.000000		24360.000000		268435456
12920.000000		3649.000000		18985.000000		268435456
30549.000000		8469.000000		21565.000000		268435456
7426.000000		426.000000		9661.000000		268435456
22163.000000		29524.000000		15351.000000		268435456
16203.000000		12228.000000		30829.000000		268435456
29666.000000		22051.000000		29365.000000		268435456
20337.000000		27796.000000		23317.000000		268435456
24067.000000		18776.000000		19634.000000		268435456
19845.000000		22934.000000		15414.000000		268435456
10383.000000		27849.000000		29305.000000		268435456
24511.000000		31904.000000		6355.000000		268435456
18664.000000		21258.000000		11312.000000		268435456
9744.000000		9387.000000		12181.000000		268435456
22612.000000		10383.000000		9123.000000		268435456
19850.000000		8994.000000		31334.000000		268435456
13987.000000		7488.000000		13086.000000		268435456
338.000000		24705.000000		14853.000000		268435456
2805.000000		30621.000000		27500.000000		268435456
6683.000000		2414.000000		15429.000000		268435456
2175.000000		0.000000		9629.000000		268435456
28250.000000		3479.000000		4338.000000		268435456
15194.000000		22440.000000		17762.000000		268435456
13491.000000		31729.000000		27286.000000		268435456
1465.000000		8842.000000		22299.000000		268435456
22350.000000		48.000000		16266.000000		268435456
28717.000000		31774.000000		235.000000		268435456
12822.000000		29584.000000		13598.000000		268435456
4019.000000		20133.000000		24689.000000		268435456
20244.000000		10056.000000		16835.000000		268435456
6841.000000		8596.000000		30457.000000		268435456
7001.000000		22848.000000		5228.000000		268435456
25203.000000		7981.000000		17469.000000		268435456
5183.000000		13271.000000		32428.000000		268435456
22530.000000		14959.000000		13327.000000		268435456
24552.000000		24550.000000		11328.000000		268435456
7521.000000		21981.000000		7554.000000		268435456
30011.000000		7236.000000		11768.000000		268435456
28704.000000		24785.000000		21107.000000		268435456
14042.000000		4208.000000		5953.000000		268435456
4161.000000		25689.000000		13437.000000		268435456
444.000000		14380.000000		29895.000000		268435456
12256.000000		14790.000000		180.000000		268435456
31607.000000		25651.000000		2015.000000		268435456
2158.000000		29822.000000		5577.000000		268435456
13667.000000		28756.000000		17847.000000		268435456
30876.000000		13743.000000		28767.000000		268435456
20746.000000		2439.000000		27269.000000		268435456
6744.000000		31725.000000		1974.000000		268435456
1970.000000		16107.000000		20522.000000		268435456
8794.000000		23021.000000		10493.000000		268435456
6627.000000		11937.000000		29955.000000		268435456
9023.000000		9940.000000		31205.000000		268435456
3377.000000		31747.000000		2777.000000		268435456
3108.000000		32721.000000		31567.000000		268435456
3504.000000		28336.000000		20282.000000		268435456
32560.000000		9727.000000		19239.000000		268435456
5601.000000		12881.000000		9625.000000		268435456
30374.000000		13508.000000		4300.000000		268435456
31485.000000		15674.000000		16648.000000		268435456
12096.000000		11296.000000		407.000000		268435456
29920.000000		30756.000000		28268.000000		268435456
1293.000000		10162.000000		21339.000000		268435456
8.000000		27575.000000		4469.000000		268435456
27656.000000		9818.000000		20726.000000		268435456
23902.000000		2211.000000		30154.000000		268435456
29.000000		20411.000000		10573.000000		268435456
18121.000000		9582.000000		799.000000		268435456
24672.000000		31762.000000		2886.000000		268435456
191.000000		6475.000000		32304.000000		268435456
14228.000000		14364.000000		16797.000000		268435456
4161.000000		32143.000000		6626.000000		268435456
2143.000000		25081.000000		22441.000000		268435456
23056.000000		10151.000000		746.000000		268435456
7614.000000		7514.000000		27754.000000		268435456
6914.000000		27538.000000		5580.000000		268435456
28818.000000		3157.000000		19322.000000		268435456
21167.000000		15184.000000		25116.000000		268435456
31065.000000		18352.000000		15284.000000		268435456
12542.000000		20942.000000		20287.000000		268435456
20859.000000		19599.000000		16812.000000		268435456
11318.000000		22568.000000		30231.000000		268435456
18859.000000		20155.000000		26710.000000		268435456
26772.000000		27229.000000		24679.000000		268435456
17228.000000		26114.000000		3171.000000		268435456
23464.000000		7378.000000		10713.000000		268435456
14560.000000		12899.000000		14147.000000		268435456
25816.000000		13870.000000		18398.000000		268435456
1508.000000		9729.000000		23760.000000		268435456
16862.000000		18804.000000		21733.000000		268435456
14504.000000		29964.000000		23300.000000		268435456
8481.000000		19050.000000		28829.000000		268435456
6409.000000		2857.000000		32081.000000		268435456
27954.000000		10928.000000		27204.000000		268435456
9489.000000		8957.000000		3441.000000		268435456
5080.000000		6156.000000		19238.000000		268435456
8423.000000		2024.000000		14792.000000		268435456
20589.000000		9439.000000		18139.000000		268435456
2465.000000		29456.000000		23983.000000		268435456
13439.000000		2491.000000		25583.000000		268435456
21193.000000		11341.000000		4667.000000		268435456
6894.000000		23439.000000		10991.000000		268435456
25783.000000		27803.000000		28265.000000		268435456
12543.000000		5098.000000		8977.000000		268435456
26133.000000		17170.000000		5037.000000		268435456
7708.000000		12607.000000		10997.000000		268435456
1315.000000		16029.000000		8274.000000		268435456
24118.000000		4915.000000		8496.000000		268435456
17805.000000		11750.000000		29499.000000		268435456
27661.000000		7001.000000		9118.000000		268435456
24066.000000		13356.000000		25818.000000		268435456
12224.000000		5359.000000		15789.000000		268435456
31940.000000		3327.000000		18297.000000		268435456
7030.000000		1648.000000		32034.000000		268435456
27871.000000		29214.000000		13615.000000		268435456
17156.000000		26137.000000		25098.000000		268435456
7646.000000		32224.000000		31758.000000		268435456
23765.000000		18106.000000		18891.000000		268435456
3591.000000		27125.000000		26998.000000		268435456
18818.000000		1124.000000		7836.000000		268435456
7051.000000		32102.000000		23438.000000		268435456
19677.000000		20688.000000		3013.000000		268435456
23340.000000		11792.000000		27722.000000		268435456
24155.000000		19866.000000		3191.000000		268435456
21317.000000		14617.000000		19350.000000		268435456
12322.000000		13987.000000		11813.000000		268435456
28733.000000		4879.000000		1653.000000		268435456
4897.000000		2359.000000		8342.000000		268435456
17352.000000		23472.000000		5934.000000		268435456
1028.000000		9409.000000		32054.000000		268435456
12932.000000		19079.000000		16109.000000		268435456
16352.000000		10309.000000		23626.000000		268435456
11218.000000		8421.000000		25434.000000		268435456
4320.000000		23498.000000		10763.000000		268435456
30208.000000		25318.000000		2833.000000		268435456
25196.000000		22393.000000		1764.000000		268435456
3356.000000		15482.000000		10753.000000		268435456
26997.000000		25132.000000		9537.000000		268435456
7428.000000		22696.000000		19236.000000		268435456
6380.000000		16270.000000		23717.000000		268435456
20375.000000		24715.000000		22275.000000		268435456
916.000000		27174.000000		23827.000000		268435456
3600.000000		9402.000000		20233.000000		268435456
934.000000		4065.000000		24293.000000		268435456
235.000000		28437.000000		25493.000000		268435456
22027.000000		10235.000000		10916.000000		268435456
7151.000000		29742.000000		24384.000000		268435456
6669.000000		12110.000000		12674.000000		268435456
27692.000000		8903.000000		3039.000000		268435456
10194.000000		5237.000000		31367.000000		268435456
15377.000000		29984.000000		1568.000000		268435456
16136.000000		12105.000000		12684.000000		268435456
1503.000000		15112.000000		31448.000000		268435456
31863.000000		22428.000000		31891.000000		268435456
10026.000000		25831.000000		5462.000000		268435456
8323.000000		23871.000000		12589.000000		268435456
26668.000000		30536.000000		2143.000000		268435456
18886.000000		22455.000000		26341.000000		268435456
16394.000000		19328.000000		9117.000000		268435456
11835.000000		3631.000000		1245.000000		268435456
23395.000000		28042.000000		26014.000000		268435456
25276.000000		10371.000000		6197.000000		268435456
23742.000000		4150.000000		32447.000000		268435456
13253.000000		131.000000		19911.000000		268435456
9908.000000		2097.000000		21403.000000		268435456
17326.000000		22194.000000		9565.000000		268435456
19944.000000		21398.000000		19915.000000		268435456
25056.000000		28723.000000		11637.000000		268435456
9514.000000		14090.000000		16415.000000		268435456
11189.000000		19367.000000		7718.000000		268435456
16475.000000		14994.000000		24472.000000		268435456
21244.000000		14620.000000		20163.000000		268435456
23273.000000		8090.000000		25803.000000		268435456
12124.000000		17775.000000		5460.000000		268435456
21754.000000		5875.000000		24953.000000		268435456
22282.000000		9117.000000		28673.000000		268435456
1704.000000		22697.000000		17527.000000		268435456
12428.000000		7937.000000		14324.000000		268435456
2770.000000		6403.000000		31297.000000		268435456
4741.000000		14195.000000		23146.000000		268435456
27504.000000		32014.000000		8909.000000		268435456
26550.000000		25785.000000		32741.000000		268435456
22389.000000		30331.000000		1401.000000		268435456
15552.000000		12502.000000		29380.000000		268435456
20118.000000		8637.000000		21030.000000		268435456
27202.000000		28946.000000		19877.000000		268435456
2457.000000		12970.000000		27360.000000		268435456
2417.000000		29652.000000		20312.000000		268435456
26102.000000		31501.000000		29604.000000		268435456
23096.000000		3491.000000		30045.000000		268435456
20976.000000		29670.000000		20003.000000		268435456
2430.000000		6636.000000		32532.000000		268435456
12913.000000		15694.000000		1424.000000		268435456
11053.000000		21596.000000		2862.000000		268435456
3657.000000		4663.000000		4829.000000		268435456
3846.000000		30190.000000		28158.000000		268435456
680.000000		1162.000000		23541.000000		268435456
10351.000000		19713.000000		31420.000000		268435456
13031.000000		19266.000000		28881.000000		268435456
24754.000000		10769.000000		4828.000000		268435456
6649.000000		20378.000000		24445.000000		268435456
10355.000000		742.000000		13819.000000		268435456
28192.000000		18291.000000		5221.000000		268435456
18494.000000		11349.000000		21024.000000		268435456
14265.000000		23148.000000		11914.000000		268435456
6525.000000		3820.000000		1849.000000		268435456
25145.000000		23661.000000		1890.000000		268435456
18498.000000		21787.000000		16921.000000		268435456
31412.000000		25491.000000		31896.000000		268435456
21393.000000		20923.000000		21100.000000		268435456
4481.000000		14518.000000		24042.000000		268435456
1349.000000		21505.000000		15447.000000		268435456
23777.000000		10511.000000		19409.000000		268435456
23450.000000		23104.000000		20925.000000		268435456
22700.000000		25758.000000		25529.000000		268435456
11779.000000		9987.000000		26718.000000		268435456
17258.000000		10333.000000		23793.000000		268435456
985.000000		13417.000000		6484.000000		268435456
4977.000000		17520.000000		17824.000000		268435456
28413.000000		28623.000000		11151.000000		268435456
24283.000000		28098.000000		29020.000000		268435456
5519.000000		7199.000000		28260.000000		268435456
18278.000000		2011.000000		29502.000000		268435456
15681.000000		17255.000000		10834.000000		268435456
22440.000000		32467.000000		15229.000000		268435456
28653.000000		20612.000000		15738.000000		268435456
28954.000000		12962.000000		13567.000000		268435456
1147.000000		20477.000000		18056.000000		268435456
740.000000		11336.000000		6497.000000		268435456
18491.000000		878.000000		15362.000000		268435456
20340.000000		10882.000000		12890.000000		268435456
1084.000000		29962.000000		18223.000000		268435456
6975.000000		22274.000000		30099.000000		268435456
30535.000000		8482.000000		281.000000		268435456
18762.000000		30307.000000		25669.000000		268435456
26761.000000		10672.000000		5462.000000		268435456
14913.000000		29785.000000		27193.000000		268435456
16.000000		27732.000000		8602.000000		268435456
18757.000000		6851.000000		12284.000000		268435456
27047.000000		19793.000000		14916.000000		268435456
3525.000000		23978.000000		623.000000		268435456
15283.000000		10847.000000		7010.000000		268435456
11251.000000		16222.000000		9715.000000		268435456
32548.000000		15984.000000		2787.000000		268435456
1463.000000		14112.000000		13795.000000		268435456
22165.000000		23489.000000		7142.000000		268435456
7213.000000		2593.000000		8473.000000		268435456
29225.000000		21447.000000		11378.000000		268435456
30225.000000		31170.000000		31409.000000		268435456
2769.000000		15577.000000		28151.000000		268435456
31147.000000		23377.000000		16974.000000		268435456
23294.000000		5032.000000		24170.000000		268435456
26899.000000		27837.000000		2432.000000		268435456
17380.000000		2787.000000		6868.000000		268435456
9701.000000		22262.000000		1061.000000		268435456
21981.000000		17816.000000		13744.000000		268435456
7617.000000		6642.000000		12252.000000		268435456
6038.000000		18739.000000		2672.000000		268435456
21292.000000		26510.000000		25310.000000		268435456
31483.000000		14889.000000		13564.000000		268435456
28322.000000		2499.000000		19670.000000		268435456
16427.000000		688.000000		12037.000000		268435456
12807.000000		9711.000000		21661.000000		268435456
26068.000000		25879.000000		28296.000000		268435456
7350.000000		21017.000000		21466.000000		268435456
970.000000		17300.000000		2009.000000		268435456
6354.000000		21115.000000		3568.000000		268435456
22454.000000		9638.000000		6909.000000		268435456
15032.000000		17593.000000		29135.000000		268435456
13612.000000		18273.000000		1870.000000		268435456
405.000000		19338.000000		20096.000000		268435456
16784.000000		22842.000000		20890.000000		268435456
13460.000000		18631.000000		12405.000000		268435456
14729.000000		5926.000000		10287.000000		268435456
31266.000000		11539.000000		12821.000000		268435456
16636.000000		5175.000000		19877.000000		268435456
12075.000000		11162.000000		13306.000000		268435456
16319.000000		5107.000000		15929.000000		268435456
25201.000000		1437.000000		16847.000000		268435456
23689.000000		7450.000000		27926.000000		268435456
15429.000000		29890.000000		28381.000000		268435456
5316.000000		10650.000000		19944.000000		268435456
5439.000000		19557.000000		16802.000000		268435456
2893.000000		1496.000000		21633.000000		268435456
7894.000000		2391.000000		26631.000000		268435456
16718.000000		9639.000000		30595.000000		268435456
22244.000000		1232.000000		30226.000000		268435456
21418.000000		32630.000000		25668.000000		268435456
7029.000000		10884.000000		28455.000000		268435456
23743.000000		28321.000000		16746.000000		268435456
9844.000000		15123.000000		24112.000000		268435456
3424.000000		17385.000000		27378.000000		268435456
4377.000000		6994.000000		23373.000000		268435456
16726.000000		6017.000000		19870.000000		268435456
19738.000000		17951.000000		7636.000000		268435456
4819.000000		12848.000000		16638.000000		268435456
22037.000000		31160.000000		12233.000000		268435456
3475.000000		2930.000000		18065.000000		268435456
18352.000000		31442.000000		5148.000000		268435456
28061.000000		30894.000000		14763.000000		268435456
5461.000000		5859.000000		17221.000000		268435456
7914.000000		19915.000000		3887.000000		268435456
26273.000000		15452.000000		23076.000000		268435456
19031.000000		27084.000000		5427.000000		268435456
10202.000000		23234.000000		17697.000000		268435456
29099.000000		2633.000000		555.000000		268435456
16387.000000		5614.000000		9734.000000		268435456
16291.000000		22223.000000		24629.000000		268435456
9843.000000		32469.000000		15630.000000		268435456
4657.000000		29072.000000		19598.000000		268435456
20464.000000		18857.000000		19988.000000		268435456
13437.000000		3318.000000		27748.000000		268435456
12221.000000		11319.000000		24814.000000		268435456
2889.000000		7652.000000		12157.000000		268435456
25380.000000		197.000000		26708.000000		268435456
29122.000000		20695.000000		20077.000000		268435456
7772.000000		18664.000000		23786.000000		268435456
32229.000000		31779.000000		13643.000000		268435456
10204.000000		2304.000000		16956.000000		268435456
11008.000000		29690.000000		3368.000000		268435456
11130.000000		95.000000		27091.000000		268435456
19969.000000		29958.000000		9662.000000		268435456
237.000000		19273.000000		11438.000000		268435456
2688.000000		24758.000000		28163.000000		268435456
14720.000000		21327.000000		19901.000000		268435456
4308.000000		21144.000000		17829.000000		268435456
30498.000000		26541.000000		22582.000000		268435456
3217.000000		14412.000000		2730.000000		268435456
17172.000000		15032.000000		8921.000000		268435456
10298.000000		7670.000000		11674.000000		268435456
25819.000000		8833.000000		15746.000000		268435456
13846.000000		24385.000000		7162.000000		268435456
10834.000000		10800.000000		147.000000		268435456
14177.000000		29000.000000		17427.000000		268435456
14307.000000		3792.000000		20001.000000		268435456
29266.000000		5120.000000		9768.000000		268435456
25677.000000		32115.000000		25324.000000		268435456
23730.000000		31230.000000		9902.000000		268435456
26000.000000		8710.000000		27008.000000		268435456
9202.000000		27567.000000		29228.000000		268435456
15560.000000		7465.000000		27673.000000		268435456
23810.000000		10063.000000		3773.000000		268435456
27937.000000		7389.000000		21025.000000		268435456
13659.000000		20816.000000		115.000000		268435456
11824.000000		26359.000000		23643.000000		268435456
11257.000000		16623.000000		32016.000000		268435456
1107.000000		30088.000000		7964.000000		268435456
13365.000000		25372.000000		24773.000000		268435456
2525.000000		9416.000000		23584.000000		268435456
32193.000000		25103.000000		14594.000000		268435456
19012.000000		12062.000000		26075.000000		268435456
17463.000000		18972.000000		7028.000000		268435456
27786.000000		8027.000000		29786.000000		268435456
19954.000000		5274.000000		28358.000000		268435456
7309.000000		19017.000000		6161.000000		268435456
30004.000000		26632.000000		6085.000000		268435456
15121.000000		6160.000000		20767.000000		268435456
1981.000000		2221.000000		30962.000000		268435456
27290.000000		15150.000000		20987.000000		268435456
18534.000000		30563.000000		11171.000000		268435456
9066.000000		13807.000000		10882.000000		268435456
15192.000000		9302.000000		8523.000000		268435456
9035.000000		4254.000000		5338.000000		268435456
28921.000000		31190.000000		16513.000000		268435456
24038.000000		12793.000000		28592.000000		268435456
3241.000000		26513.000000		25811.000000		268435456
6352.000000		14462.000000		10672.000000		268435456
7130.000000		4301.000000		14736.000000		268435456
10919.000000		20146.000000		4174.000000		268435456
18229.000000		24703.000000		1808.000000		268435456
30401.000000		3444.000000		10297.000000		268435456
19137.000000		7248.000000		1825.000000		268435456
18274.000000		26350.000000		16.000000		268435456
17226.000000		11240.000000		158.000000		268435456
9852.000000		6610.000000		24108.000000		268435456
3708.000000		15395.000000		4956.000000		268435456
22872.000000		8155.000000		20637.000000		268435456
2154.000000		15859.000000		5367.000000		268435456
15811.000000		15302.000000		4787.000000		268435456
11389.000000		3872.000000		29730.000000		268435456
1938.000000		2638.000000		32162.000000		268435456
22779.000000		28451.000000		7040.000000		268435456
21397.000000		5827.000000		25127.000000		268435456
31654.000000		19666.000000		3646.000000		268435456
16732.000000		16210.000000		18228.000000		268435456
4909.000000		2453.000000		18392.000000		268435456
22348.000000		32298.000000		11791.000000		268435456
1108.000000		5462.000000		5587.000000		268435456
27907.000000		17390.000000		13931.000000		268435456
4906.000000		21112.000000		32092.000000		268435456
17912.000000		17724.000000		23899.000000		268435456
12201.000000		4974.000000		6145.000000		268435456
31441.000000		16437.000000		10299.000000		268435456
644.000000		19404.000000		31230.000000		268435456
23034.000000		8259.000000		26845.000000		268435456
4637.000000		19686.000000		31193.000000		268435456
6217.000000		21908.000000		31381.000000		268435456
16602.000000		10846.000000		25670.000000		268435456
4323.000000		767.000000		28679.000000		268435456
7495.000000		15660.000000		6275.000000		268435456
32671.000000		8278.000000		14270.000000		268435456
20940.000000		15363.000000		2216.000000		268435456
9101.000000		10318.000000		20971.000000		268435456
17640.000000		5673.000000		30381.000000		268435456
8058.000000		12411.000000		23534.000000		268435456
31777.000000		14867.000000		21000.000000		268435456
19578.000000		12063.000000		1647.000000		268435456
25400.000000		17253.000000		9014.000000		268435456
5868.000000		1466.000000		4396.000000		268435456
1591.000000		17448.000000		18827.000000		268435456
30829.000000		30872.000000		13263.000000		268435456
26740.000000		2906.000000		17690.000000		268435456
16817.000000		23252.000000		32104.000000		268435456
15274.000000		32536.000000		10655.000000		268435456
15687.000000		13189.000000		15448.000000		268435456
8615.000000		27415.000000		30880.000000		268435456
20647.000000		19482.000000		32473.000000		268435456
10311.000000		5167.000000		20556.000000		268435456
13091.000000		16644.000000		16482.000000		268435456
8887.000000		2072.000000		27074.000000		268435456
10894.000000		9537.000000		29336.000000		268435456
13362.000000		3249.000000		7357.000000		268435456
2996.000000		24174.000000		20622.000000		268435456
8115.000000		21605.000000		22493.000000		268435456
4352.000000		25188.000000		24957.000000		268435456
3414.000000		17807.000000		1033.000000		268435456
989.000000		16520.000000		19521.000000		268435456
16732.000000		16617.000000		28313.000000		268435456
17842.000000		12377.000000		12089.000000		268435456
2573.000000		30567.000000		26950.000000		268435456
2961.000000		3050.000000		10336.000000		268435456
16625.000000		6676.000000		8217.000000		268435456
11244.000000		30777.000000		10164.000000		268435456
28944.000000		3778.000000		1231.000000		268435456
16365.000000		22190.000000		6732.000000		268435456
22334.000000		27315.000000		27750.000000		268435456
8774.000000		16937.000000		1705.000000		268435456
21152.000000		20616.000000		26324.000000		268435456
5011.000000		8028.000000		25376.000000		268435456
19175.000000		270.000000		16921.000000		268435456
4260.000000		31598.000000		21887.000000		268435456
24309.000000		1735.000000		24867.000000		268435456
16713.000000		25877.000000		14121.000000		268435456
10736.000000		29251.000000		25671.000000		268435456
26228.000000		27568.000000		15209.000000		268435456
26086.000000		12708.000000		25654.000000		268435456
25809.000000		19711.000000		32166.000000		268435456
31376.000000		14305.000000		433.000000		268435456
1317.000000		25996.000000		7104.000000		268435456
27610.000000		30881.000000		7036.000000		268435456
22026.000000		240.000000		25793.000000		268435456
28471.000000		17352.000000		26924.000000		268435456
21226.000000		32352.000000		7839.000000		268435456
32750.000000		22544.000000		21739.000000		268435456
8775.000000		13149.000000		1484.000000		268435456
27100.000000		9791.000000		1869.000000		268435456
29103.000000		22866.000000		32703.000000		268435456
16231.000000		18135.000000		32709.000000		268435456
16367.000000		29827.000000		5567.000000		268435456
23180.000000		8790.000000		6489.000000		268435456
22107.000000		20898.000000		16277.000000		268435456
12889.000000		20581.000000		20137.000000		268435456
22613.000000		17623.000000		24050.000000		268435456
17711.000000		19582.000000		16747.000000		268435456
15432.000000		4145.000000		4777.000000		268435456
28056.000000		24307.000000		18653.000000		268435456
17369.000000		4267.000000		30998.000000		268435456
31388.000000		3941.000000		26598.000000		268435456
12544.000000		22608.000000		11065.000000		268435456
9694.000000		12799.000000		22234.000000		268435456
5183.000000		290.000000		4217.000000		268435456
20704.000000		13079.000000		5661.000000		268435456
13368.000000		6093.000000		14606.000000		268435456
8254.000000		15622.000000		5657.000000		268435456
18766.000000		20054.000000		5498.000000		268435456
26314.000000		16978.000000		13889.000000		268435456
10257.000000		1595.000000		15261.000000		268435456
11208.000000		27264.000000		28.000000		268435456
2988.000000		32454.000000		13129.000000		268435456
16058.000000		27177.000000		25738.000000		268435456
3469.000000		24448.000000		609.000000		268435456
4221.000000		32545.000000		12478.000000		268435456
2552.000000		16388.000000		29924.000000		268435456
15530.000000		12251.000000		15784.000000		268435456
18767.000000		1445.000000		30583.000000		268435456
8053.000000		6477.000000		22463.000000		268435456
21545.000000		17567.000000		23373.000000		268435456
21372.000000		6389.000000		22124.000000		268435456
27798.000000		5593.000000		4218.000000		268435456
20557.000000		2267.000000		8586.000000		268435456
20773.000000		21326.000000		24592.000000		268435456
28038.000000		8614.000000		18609.000000		268435456
15996.000000		15557.000000		416.000000		268435456
6102.000000		31502.000000		9032.000000		268435456
10917.000000		29535.000000		8180.000000		268435456
23643.000000		7521.000000		401.000000		268435456
362.000000		22039.000000		3861.000000		268435456
25596.000000		14032.000000		5674.000000		268435456
19272.000000		25182.000000		10752.000000		268435456
23515.000000		23993.000000		15557.000000		268435456
12510.000000		9032.000000		6295.000000		268435456
26868.000000		25905.000000		28146.000000		268435456
19188.000000		16136.000000		11953.000000		268435456
29820.000000		15224.000000		22875.000000		268435456
13152.000000		9648.000000		15186.000000		268435456
11177.000000		8734.000000		5827.000000		268435456
25972.000000		5489.000000		2936.000000		268435456
18650.000000		24064.000000		29598.000000		268435456
15554.000000		26572.000000		9725.000000		268435456
30055.000000		20837.000000		26154.000000		268435456
22351.000000		14452.000000		28281.000000		268435456
6781.000000		23782.000000		28738.000000		268435456
23703.000000		16846.000000		31541.000000		268435456
7368.000000		29672.000000		2924.000000		268435456
15590.000000		5211.000000		3714.000000		268435456
4585.000000		6092.000000		25807.000000		268435456
29941.000000		25958.000000		24089.000000		268435456
20447.000000		31008.000000		2832.000000		268435456
20433.000000		26318.000000		13130.000000		268435456
5611.000000		24702.000000		2383.000000		268435456
5486.000000		15567.000000		1318.000000		268435456
19363.000000		18645.000000		4528.000000		268435456
7802.000000		2049.000000		2538.000000		268435456
15906.000000		21328.000000		7994.000000		268435456
30283.000000		26907.000000		28499.000000		268435456
11421.000000		284.000000		10747.000000		268435456
6649.000000		12568.000000		416.000000		268435456
11467.000000		31158.000000		31137.000000		268435456
4106.000000		27586.000000		6000.000000		268435456
17620.000000		9360.000000		8718.000000		268435456
5682.000000		27614.000000		11458.000000		268435456
23505.000000		4900.000000		4761.000000		268435456
2842.000000		18281.000000		16827.000000		268435456
8952.000000		13524.000000		11252.000000		268435456
6189.000000		6054.000000		25087.000000		268435456
10515.000000		8232.000000		23018.000000		268435456
981.000000		9199.000000		16323.000000		268435456
14030.000000		30024.000000		1402.000000		268435456
3765.000000		12160.000000		6621.000000		268435456
11768.000000		3012.000000		10488.000000		268435456
24253.000000		16829.000000		18049.000000		268435456
16091.000000		21002.000000		13112.000000		268435456
20787.000000		15776.000000		17519.000000		268435456
11824.000000		3857.000000		2033.000000		268435456
10491.000000		18510.000000		12980.000000		268435456
27476.000000		10031.000000		6876.000000		268435456
203.000000		10250.000000		4949.000000		268435456
10700.000000		11025.000000		12343.000000		268435456
16660.000000		15356.000000		22396.000000		268435456
25156.000000		25666.000000		2232.000000		268435456
10167.000000		17026.000000		29689.000000		268435456
24193.000000		21715.000000		30736.000000		268435456
17389.000000		9996.000000		13114.000000		268435456
4350.000000		18428.000000		27790.000000		268435456
13028.000000		20914.000000		13831.000000		268435456
17463.000000		12237.000000		5003.000000		268435456
31233.000000		16892.000000		9894.000000		268435456
30405.000000		12357.000000		22938.000000		268435456
8650.000000		27549.000000		6701.000000		268435456
20696.000000		29301.000000		22197.000000		268435456
16608.000000		9996.000000		2608.000000		268435456
21689.000000		14955.000000		5600.000000		268435456
2192.000000		24899.000000		17684.000000		268435456
3926.000000		20768.000000		25852.000000		268435456
11498.000000		23818.000000		15772.000000		268435456
28421.000000		12193.000000		17592.000000		268435456
16480.000000		7573.000000		21149.000000		268435456
22013.000000		2847.000000		31203.000000		268435456
24397.000000		17762.000000		3544.000000		268435456
19270.000000		31162.000000		30870.000000		268435456
25094.000000		9626.000000		1376.000000		268435456
10235.000000		30232.000000		14055.000000		268435456
19516.000000		14692.000000		3360.000000		268435456
6205.000000		7206.000000		14366.000000		268435456
26319.000000		9698.000000		20065.000000		268435456
3629.000000		9121.000000		8880.000000		268435456
28017.000000		25303.000000		14677.000000		268435456
10936.000000		27948.000000		16999.000000		268435456
2976.000000		14635.000000		10516.000000		268435456
29483.000000		32034.000000		17787.000000		268435456
7396.000000		7103.000000		3225.000000		268435456
15293.000000		2921.000000		7821.000000		268435456
21077.000000		21586.000000		1939.000000		268435456
20117.000000		29164.000000		3782.000000		268435456
5068.000000		24938.000000		21550.000000		268435456
21496.000000		19336.000000		17021.000000		268435456
15707.000000		891.000000		19230.000000		268435456
11166.000000		5012.000000		28733.000000		268435456
18902.000000		9920.000000		27024.000000		268435456
4198.000000		6723.000000		23805.000000		268435456
8592.000000		25731.000000		1235.000000		268435456
22234.000000		15509.000000		23012.000000		268435456
12452.000000		4555.000000		10704.000000		268435456
11330.000000		3737.000000		3834.000000		268435456
10842.000000		2726.000000		31406.000000		268435456
16196.000000		7461.000000		901.000000		268435456
1928.000000		28804.000000		18227.000000		268435456
31792.000000		10321.000000		8213.000000		268435456
27653.000000		14188.000000		11458.000000		268435456
22162.000000		19031.000000		12124.000000		268435456
17281.000000		28896.000000		20746.000000		268435456
18088.000000		30382.000000		31343.000000		268435456
8290.000000		5336.000000		22200.000000		268435456
31932.000000		11121.000000		20993.000000		268435456
18294.000000		26651.000000		3539.000000		268435456
9636.000000		9075.000000		31155.000000		268435456
27036.000000		23763.000000		10633.000000		268435456
17098.000000		24975.000000		19349.000000		268435456
26801.000000		13635.000000		913.000000		268435456
23948.000000		7705.000000		22884.000000		268435456
14173.000000		6613.000000		14711.000000		268435456
4317.000000		1400.000000		7728.000000		268435456
31646.000000		2822.000000		19048.000000		268435456
21857.000000		25422.000000		20073.000000		268435456
10785.000000		27862.000000		23633.000000		268435456
31616.000000		22464.000000		19849.000000		268435456
25795.000000		11456.000000		1403.000000		268435456
7208.000000		7346.000000		6102.000000		268435456
4312.000000		1140.000000		29671.000000		268435456
21552.000000		16158.000000		21479.000000		268435456
27138.000000		27327.000000		7689.000000		268435456
10137.000000		5325.000000		4859.000000		268435456
23746.000000		12644.000000		24778.000000		268435456
16680.000000		12558.000000		22598.000000		268435456
16398.000000		27096.000000		7366.000000		268435456
14344.000000		15186.000000		7858.000000		268435456
10119.000000		17437.000000		6472.000000		268435456
26737.000000		24746.000000		4557.000000		268435456
4139.000000		560.000000		15735.000000		268435456
3475.000000		13722.000000		23012.000000		268435456
10133.000000		8131.000000		8358.000000		268435456
31274.000000		20421.000000		1135.000000		268435456
29226.000000		16707.000000		6353.000000		268435456
23180.000000		14171.000000		2396.000000		268435456
11966.000000		11857.000000		23199.000000		268435456
9747.000000		7753.000000		736.000000		268435456
5795.000000		23352.000000		146.000000		268435456
7976.000000		8103.000000		12496.000000		268435456
3858.000000		8714.000000		30493.000000		268435456
18528.000000		13266.000000		8634.000000		268435456
7539.000000		5992.000000		27103.000000		268435456
23145.000000		5677.000000		11053.000000		268435456
505.000000		12321.000000		29238.000000		268435456
22971.000000		8075.000000		2032.000000		268435456
21624.000000		1067.000000		480.000000		268435456
15432.000000		9386.000000		20002.000000		268435456
28051.000000		12454.000000		25705.000000		268435456
28314.000000		19015.000000		18546.000000		268435456
23179.000000		32229.000000		18585.000000		268435456
17702.000000		2224.000000		25838.000000		268435456
9299.000000		20403.000000		7961.000000		268435456
20931.000000		22242.000000		12577.000000		268435456
25278.000000		21840.000000		19979.000000		268435456
32373.000000		14746.000000		3693.000000		268435456
31449.000000		15319.000000		20810.000000		268435456
1564.000000		19674.000000		15092.000000		268435456
5078.000000		8459.000000		28043.000000		268435456
14498.000000		24271.000000		19041.000000		268435456
20496.000000		32194.000000		12442.000000		268435456
15287.000000		26920.000000		1899.000000		268435456
16395.000000		1635.000000		9057.000000		268435456
31301.000000		12854.000000		16893.000000		268435456
25480.000000		25906.000000		25217.000000		268435456
1052.000000		12644.000000		5940.000000		268435456
28926.000000		1377.000000		22692.000000		268435456
3211.000000		2808.000000		6071.000000		268435456
5653.000000		14109.000000		8652.000000		268435456
20952.000000		9496.000000		9755.000000		268435456
1018.000000		5140.000000		16724.000000		268435456
20706.000000		3196.000000		19022.000000		268435456
28840.000000		2335.000000		23639.000000		268435456
3911.000000		10595.000000		22583.000000		268435456
21103.000000		5407.000000		10424.000000		268435456
19430.000000		13727.000000		30488.000000		268435456
3436.000000		30246.000000		17673.000000		268435456
22686.000000		2770.000000		9298.000000		268435456
8875.000000		30084.000000		18425.000000		268435456
4491.000000		19508.000000		1937.000000		268435456
16164.000000		6235.000000		5653.000000		268435456
9531.000000		12666.000000		10136.000000		268435456
23770.000000		32178.000000		767.000000		268435456
32395.000000		24763.000000		5664.000000		268435456
4803.000000		29778.000000		32622.000000		268435456
27695.000000		25434.000000		20099.000000		268435456
16448.000000		8653.000000		10123.000000		268435456
27410.000000		26212.000000		5676.000000		268435456
1868.000000		16757.000000		32139.000000		268435456
4108.000000		12527.000000		32517.000000		268435456
5301.000000		23868.000000		2710.000000		268435456
17064.000000		6982.000000		2910.000000		268435456
6124.000000		15277.000000		5212.000000		268435456
7660.000000		26647.000000		12279.000000		268435456
5216.000000		25976.000000		8168.000000		268435456
11614.000000		15579.000000		23608.000000		268435456
29781.000000		27218.000000		10891.000000		268435456
11201.000000		10538.000000		6593.000000		268435456
2487.000000		16403.000000		26619.000000		268435456
13883.000000		17599.000000		3030.000000		268435456
861.000000		2133.000000		247.000000		268435456
25059.000000		31318.000000		27723.000000		268435456
23989.000000		2054.000000		20497.000000		268435456
6889.000000		10665.000000		26370.000000		268435456
3030.000000		31147.000000		621.000000		268435456
31702.000000		30010.000000		13859.000000		268435456
4701.000000		28223.000000		24723.000000		268435456
12443.000000		24745.000000		28798.000000		268435456
8111.000000		31228.000000		26537.000000		268435456
19547.000000		27334.000000		26862.000000		268435456
25968.000000		16746.000000		21932.000000		268435456
2625.000000		6819.000000		6285.000000		268435456
9547.000000		28812.000000		27532.000000		268435456
4282.000000		6481.000000		10003.000000		268435456
5994.000000		2303.000000		32294.000000		268435456
