3 1525
21508.000000		3193.000000		23947.000000		268435456
28470.000000		3838.000000		18171.000000		268435456
22523.000000		15685.000000		15096.000000		268435456
5600.000000		13075.000000		5098.000000		268435456
16773.000000		7168.000000		10137.000000		268435456
9439.000000		14667.000000		20986.000000		268435456
22019.000000		12245.000000		16392.000000		268435456
2087.000000		4248.000000		13322.000000		268435456
13779.000000		17612.000000		4307.000000		268435456
24602.000000		15781.000000		21140.000000		268435456
7176.000000		13335.000000		10007.000000		268435456
4925.000000		23369.000000		2523.000000		268435456
9581.000000		27281.000000		27275.000000		268435456
30621.000000		30676.000000		21912.000000		268435456
25349.000000		16579.000000		26344.000000		268435456
524.000000		25817.000000		18679.000000		268435456
15225.000000		31245.000000		25590.000000		268435456
15741.000000		4751.000000		14358.000000		268435456
15421.000000		26820.000000		12971.000000		268435456
14128.000000		20707.000000		25659.000000		268435456
18000.000000		21349.000000		15126.000000		268435456
7269.000000		8130.000000		3704.000000		268435456
19427.000000		23344.000000		27150.000000		268435456
3283.000000		25943.000000		19587.000000		268435456
27466.000000		24257.000000		28388.000000		268435456
12566.000000		15390.000000		27101.000000		268435456
26887.000000		13190.000000		6276.000000		268435456
1739.000000		25640.000000		5033.000000		268435456
11723.000000		10021.000000		24258.000000		268435456
7199.000000		2530.000000		6072.000000		268435456
20163.000000		5673.000000		4051.000000		268435456
13041.000000		23094.000000		12222.000000		268435456
5518.000000		6034.000000		799.000000		268435456
2012.000000		3816.000000		14249.000000		268435456
19110.000000		21789.000000		27107.000000		268435456
21443.000000		3960.000000		23178.000000		268435456
48.000000		13917.000000		11115.000000		268435456
7859.000000		16882.000000		17307.000000		268435456
5217.000000		6400.000000		32197.000000		268435456
12605.000000		1134.000000		18754.000000		268435456
27135.000000		31438.000000		27965.000000		268435456
28045.000000		21302.000000		26142.000000		268435456
15023.000000		19018.000000		5122.000000		268435456
11251.000000		10438.000000		14472.000000		268435456
14851.000000		6396.000000		12482.000000		268435456
28307.000000		31782.000000		15110.000000		268435456
20873.000000		14024.000000		26149.000000		268435456
28274.000000		14156.000000		2215.000000		268435456
23885.000000		24551.000000		1640.000000		268435456
14378.000000		25220.000000		22084.000000		268435456
19850.000000		12117.000000		13706.000000		268435456
22745.000000		25367.000000		26127.000000		268435456
15743.000000		1494.000000		12747.000000		268435456
3120.000000		23206.000000		11523.000000		268435456
14496.000000		6619.000000		1384.000000		268435456
690.000000		16881.000000		14862.000000		268435456
24220.000000		32499.000000		5599.000000		268435456
17271.000000		5381.000000		15622.000000		268435456
11252.000000		13194.000000		17436.000000		268435456
28438.000000		8198.000000		24528.000000		268435456
12304.000000		14884.000000		28254.000000		268435456
20866.000000		780.000000		3649.000000		268435456
15130.000000		32598.000000		28600.000000		268435456
20224.000000		10448.000000		22937.000000		268435456
23810.000000		24619.000000		628.000000		268435456
23678.000000		32542.000000		27317.000000		268435456
15484.000000		7350.000000		459.000000		268435456
28144.000000		4417.000000		576.000000		268435456
10201.000000		28928.000000		15529.000000		268435456
9603.000000		1000.000000		26768.000000		268435456
6915.000000		666.000000		11890.000000		268435456
9411.000000		12082.000000		30447.000000		268435456
7436.000000		23405.000000		21518.000000		268435456
15627.000000		32488.000000		8836.000000		268435456
7431.000000		23212.000000		17055.000000		268435456
28369.000000		10764.000000		13592.000000		268435456
10541.000000		27371.000000		29355.000000		268435456
16306.000000		2621.000000		14950.000000		268435456
19577.000000		30923.000000		11688.000000		268435456
32072.000000		12468.000000		10426.000000		268435456
24120.000000		10172.000000		1319.000000		268435456
5935.000000		6577.000000		523.000000		268435456
27726.000000		10948.000000		530.000000		268435456
25799.000000		24763.000000		9941.000000		268435456
29720.000000		1354.000000		8120.000000		268435456
31634.000000		26372.000000		26207.000000		268435456
10030.000000		23634.000000		31134.000000		268435456
16702.000000		19141.000000		4139.000000		268435456
20602.000000		31422.000000		9293.000000		268435456
12479.000000		10618.000000		30918.000000		268435456
25437.000000		19288.000000		18580.000000		268435456
27652.000000		16441.000000		6200.000000		268435456
8661.000000		25058.000000		5625.000000		268435456
15402.000000		25766.000000		12982.000000		268435456
26600.000000		18525.000000		19535.000000		268435456
8249.000000		22059.000000		27762.000000		268435456
22969.000000		14395.000000		17827.000000		268435456
3796.000000		23160.000000		20373.000000		268435456
16148.000000		16200.000000		24840.000000		268435456
10590.000000		18822.000000		14277.000000		268435456
4695.000000		7778.000000		17387.000000		268435456
24453.000000		27780.000000		22735.000000		268435456
515.000000		1116.000000		27367.000000		268435456
30770.000000		12413.000000		15945.000000		268435456
11089.000000		12706.000000		17503.000000		268435456
12619.000000		30869.000000		16443.000000		268435456
31143.000000		8565.000000		24135.000000		268435456
14799.000000		9522.000000		3397.000000		268435456
10691.000000		7127.000000		24030.000000		268435456
16946.000000		31857.000000		9392.000000		268435456
16620.000000		8068.000000		21320.000000		268435456
19716.000000		21928.000000		31592.000000		268435456
10129.000000		30086.000000		21579.000000		268435456
24132.000000		3310.000000		7394.000000		268435456
21536.000000		2120.000000		28826.000000		268435456
12787.000000		9446.000000		30022.000000		268435456
24050.000000		22071.000000		22390.000000		268435456
21187.000000		27701.000000		9345.000000		268435456
14757.000000		7246.000000		14728.000000		268435456
20462.000000		18796.000000		21008.000000		268435456
5949.000000		12058.000000		25414.000000		268435456
32165.000000		19284.000000		1940.000000		268435456
12250.000000		31018.000000		2882.000000		268435456
11663.000000		5338.000000		11415.000000		268435456
5106.000000		19418.000000		11563.000000		268435456
13647.000000		778.000000		26642.000000		268435456
3142.000000		11254.000000		21871.000000		268435456
30486.000000		20702.000000		31875.000000		268435456
12043.000000		5563.000000		19139.000000		268435456
1174.000000		20430.000000		14785.000000		268435456
14342.000000		27659.000000		23026.000000		268435456
28422.000000		23902.000000		27599.000000		268435456
19844.000000		29946.000000		32202.000000		268435456
30450.000000		23840.000000		20563.000000		268435456
30072.000000		31230.000000		32764.000000		268435456
9474.000000		31718.000000		9352.000000		268435456
25895.000000		27749.000000		20807.000000		268435456
28932.000000		11283.000000		23486.000000		268435456
23336.000000		24286.000000		1618.000000		268435456
3812.000000		29779.000000		4806.000000		268435456
9885.000000		19256.000000		29683.000000		268435456
20811.000000		8474.000000		28379.000000		268435456
12282.000000		1963.000000		8415.000000		268435456
24606.000000		32448.000000		22249.000000		268435456
5810.000000		4410.000000		31724.000000		268435456
21793.000000		17682.000000		27714.000000		268435456
5272.000000		31001.000000		19836.000000		268435456
15189.000000		7856.000000		25624.000000		268435456
8935.000000		24856.000000		32667.000000		268435456
32251.000000		1425.000000		30051.000000		268435456
9758.000000		6021.000000		27645.000000		268435456
6715.000000		23421.000000		1783.000000		268435456
32060.000000		7425.000000		12259.000000		268435456
29408.000000		109.000000		14312.000000		268435456
1539.000000		16183.000000		25984.000000		268435456
1965.000000		512.000000		20647.000000		268435456
19263.000000		2434.000000		24458.000000		268435456
6698.000000		9870.000000		13643.000000		268435456
29515.000000		10457.000000		28401.000000		268435456
2060.000000		23425.000000		8707.000000		268435456
29776.000000		4770.000000		9196.000000		268435456
26492.000000		16887.000000		24754.000000		268435456
24810.000000		22071.000000		13025.000000		268435456
19424.000000		1505.000000		21271.000000		268435456
6966.000000		3905.000000		31453.000000		268435456
6659.000000		11026.000000		12050.000000		268435456
13690.000000		825.000000		28296.000000		268435456
2218.000000		22789.000000		13028.000000		268435456
3815.000000		7853.000000		8670.000000		268435456
26352.000000		14651.000000		30083.000000		268435456
8224.000000		22301.000000		19991.000000		268435456
5128.000000		1412.000000		23378.000000		268435456
16018.000000		31877.000000		2691.000000		268435456
19509.000000		14992.000000		12768.000000		268435456
11963.000000		20984.000000		5187.000000		268435456
7439.000000		22676.000000		5493.000000		268435456
31985.000000		26322.000000		6179.000000		268435456
1918.000000		32503.000000		6562.000000		268435456
4431.000000		12910.000000		22798.000000		268435456
8164.000000		20786.000000		18948.000000		268435456
7885.000000		29283.000000		4802.000000		268435456
28018.000000		17007.000000		2813.000000		268435456
14000.000000		20400.000000		27607.000000		268435456
28573.000000		29328.000000		14870.000000		268435456
16593.000000		26985.000000		31547.000000		268435456
7466.000000		667.000000		15420.000000		268435456
11889.000000		9143.000000		9380.000000		268435456
29270.000000		32707.000000		31775.000000		268435456
16531.000000		4178.000000		11440.000000		268435456
19441.000000		2955.000000		17753.000000		268435456
31759.000000		446.000000		12461.000000		268435456
27542.000000		3245.000000		31017.000000		268435456
13535.000000		27881.000000		30518.000000		268435456
9534.000000		18380.000000		24544.000000		268435456
18265.000000		13573.000000		9772.000000		268435456
28899.000000		4135.000000		26198.000000		268435456
28998.000000		27566.000000		8124.000000		268435456
31470.000000		8115.000000		30981.000000		268435456
5666.000000		963.000000		27492.000000		268435456
25762.000000		25458.000000		30357.000000		268435456
24807.000000		32627.000000		28988.000000		268435456
16838.000000		29669.000000		29186.000000		268435456
31529.000000		21099.000000		15600.000000		268435456
4917.000000		23263.000000		16547.000000		268435456
17531.000000		5943.000000		19237.000000		268435456
5672.000000		32554.000000		10934.000000		268435456
26184.000000		25379.000000		24397.000000		268435456
20047.000000		25533.000000		5445.000000		268435456
8103.000000		1606.000000		22791.000000		268435456
17683.000000		11123.000000		12923.000000		268435456
476.000000		28033.000000		18345.000000		268435456
8857.000000		21379.000000		16835.000000		268435456
24957.000000		14993.000000		24448.000000		268435456
5472.000000		9768.000000		15175.000000		268435456
18803.000000		2696.000000		18412.000000		268435456
906.000000		21566.000000		31399.000000		268435456
5202.000000		23882.000000		19046.000000		268435456
19770.000000		16311.000000		11013.000000		268435456
17852.000000		12514.000000		2566.000000		268435456
2435.000000		6716.000000		27318.000000		268435456
8391.000000		14787.000000		26677.000000		268435456
12254.000000		25177.000000		26421.000000		268435456
6570.000000		15710.000000		26235.000000		268435456
7722.000000		20216.000000		8751.000000		268435456
28690.000000		1672.000000		32442.000000		268435456
28564.000000		11302.000000		14018.000000		268435456
19690.000000		17323.000000		25133.000000		268435456
13063.000000		23881.000000		25154.000000		268435456
31116.000000		27834.000000		9472.000000		268435456
20461.000000		30811.000000		22051.000000		268435456
32647.000000		9045.000000		24424.000000		268435456
24164.000000		2758.000000		211.000000		268435456
1919.000000		27054.000000		3706.000000		268435456
29758.000000		25577.000000		6580.000000		268435456
29403.000000		7425.000000		20019.000000		268435456
31328.000000		2684.000000		24688.000000		268435456
16177.000000		26309.000000		13170.000000		268435456
5724.000000		6465.000000		14934.000000		268435456
5048.000000		25572.000000		26580.000000		268435456
8789.000000		29906.000000		14479.000000		268435456
14379.000000		9102.000000		689.000000		268435456
8600.000000		28511.000000		10308.000000		268435456
29143.000000		26505.000000		16804.000000		268435456
10860.000000		20667.000000		10763.000000		268435456
11982.000000		19993.000000		2159.000000		268435456
28157.000000		10261.000000		56.000000		268435456
20608.000000		20931.000000		17173.000000		268435456
28029.000000		6686.000000		23521.000000		268435456
7705.000000		26013.000000		13948.000000		268435456
6088.000000		22936.000000		32446.000000		268435456
15482.000000		29935.000000		19200.000000		268435456
3371.000000		29058.000000		7206.000000		268435456
19635.000000		17229.000000		14767.000000		268435456
12072.000000		20303.000000		3543.000000		268435456
21301.000000		9839.000000		4147.000000		268435456
64.000000		24829.000000		16716.000000		268435456
6463.000000		25974.000000		2191.000000		268435456
15414.000000		28122.000000		18641.000000		268435456
10037.000000		16739.000000		2362.000000		268435456
2885.000000		25181.000000		18325.000000		268435456
4576.000000		22749.000000		5952.000000		268435456
21303.000000		26209.000000		4708.000000		268435456
28097.000000		19880.000000		26476.000000		268435456
32613.000000		4760.000000		26327.000000		268435456
8969.000000		23639.000000		23727.000000		268435456
13584.000000		17695.000000		6417.000000		268435456
25036.000000		1813.000000		28985.000000		268435456
23428.000000		15985.000000		7281.000000		268435456
27017.000000		6824.000000		5377.000000		268435456
14345.000000		10030.000000		26039.000000		268435456
2083.000000		16628.000000		18354.000000		268435456
11162.000000		13419.000000		25996.000000		268435456
29655.000000		5792.000000		27960.000000		268435456
29893.000000		9107.000000		20598.000000		268435456
16600.000000		25022.000000		25433.000000		268435456
16980.000000		2035.000000		9622.000000		268435456
32410.000000		9588.000000		1062.000000		268435456
29569.000000		13196.000000		30664.000000		268435456
20974.000000		29467.000000		21546.000000		268435456
10476.000000		12744.000000		29948.000000		268435456
30844.000000		4954.000000		27798.000000		268435456
21900.000000		9752.000000		5597.000000		268435456
22341.000000		536.000000		4329.000000		268435456
24904.000000		14765.000000		21542.000000		268435456
22831.000000		20071.000000		7352.000000		268435456
14086.000000		27335.000000		20534.000000		268435456
17351.000000		19370.000000		25005.000000		268435456
22097.000000		21841.000000		32440.000000		268435456
6079.000000		13228.000000		30413.000000		268435456
17628.000000		16323.000000		23940.000000		268435456
24531.000000		29027.000000		12716.000000		268435456
5781.000000		10366.000000		23302.000000		268435456
19481.000000		23182.000000		22292.000000		268435456
17155.000000		3871.000000		7618.000000		268435456
28905.000000		12915.000000		21576.000000		268435456
13600.000000		4736.000000		16855.000000		268435456
18395.000000		31333.000000		21236.000000		268435456
32500.000000		1886.000000		144.000000		268435456
30358.000000		25825.000000		2394.000000		268435456
27798.000000		13528.000000		6750.000000		268435456
12894.000000		18008.000000		5482.000000		268435456
27239.000000		15174.000000		21970.000000		268435456
10402.000000		11017.000000		19645.000000		268435456
24725.000000		7969.000000		1653.000000		268435456
29697.000000		23415.000000		1204.000000		268435456
23123.000000		21735.000000		25737.000000		268435456
8824.000000		8536.000000		15646.000000		268435456
6473.000000		19522.000000		6939.000000		268435456
31927.000000		7449.000000		7485.000000		268435456
9764.000000		10213.000000		25584.000000		268435456
26581.000000		70.000000		9730.000000		268435456
5456.000000		23764.000000		24880.000000		268435456
12755.000000		7032.000000		11723.000000		268435456
9022.000000		12045.000000		13018.000000		268435456
11956.000000		28309.000000		31000.000000		268435456
3535.000000		15061.000000		6766.000000		268435456
3858.000000		24714.000000		24808.000000		268435456
14514.000000		16663.000000		26954.000000		268435456
6776.000000		32712.000000		17088.000000		268435456
18644.000000		4750.000000		1706.000000		268435456
18153.000000		16161.000000		16269.000000		268435456
1855.000000		2232.000000		8276.000000		268435456
21595.000000		6885.000000		26075.000000		268435456
5615.000000		19649.000000		9548.000000		268435456
28176.000000		69.000000		6421.000000		268435456
24971.000000		3051.000000		3123.000000		268435456
11542.000000		17773.000000		10964.000000		268435456
20747.000000		30231.000000		12044.000000		268435456
32335.000000		2769.000000		31840.000000		268435456
4258.000000		20096.000000		17578.000000		268435456
13265.000000		3739.000000		28142.000000		268435456
1937.000000		16328.000000		17391.000000		268435456
15495.000000		24908.000000		11845.000000		268435456
8366.000000		23524.000000		22430.000000		268435456
28236.000000		5853.000000		30927.000000		268435456
7103.000000		1419.000000		2432.000000		268435456
19970.000000		4617.000000		18749.000000		268435456
12792.000000		17458.000000		500.000000		268435456
7758.000000		28559.000000		21324.000000		268435456
580.000000		1216.000000		13650.000000		268435456
2303.000000		30081.000000		29261.000000		268435456
2591.000000		22650.000000		10920.000000		268435456
16462.000000		20222.000000		6007.000000		268435456
30240.000000		12507.000000		16308.000000		268435456
19576.000000		22255.000000		20276.000000		268435456
24982.000000		12880.000000		31790.000000		268435456
12127.000000		21660.000000		5350.000000		268435456
16058.000000		20755.000000		15030.000000		268435456
27446.000000		25389.000000		10709.000000		268435456
10595.000000		21144.000000		14349.000000		268435456
6753.000000		22911.000000		20293.000000		268435456
25667.000000		21323.000000		2396.000000		268435456
30231.000000		31182.000000		27878.000000		268435456
17685.000000		25488.000000		8376.000000		268435456
13925.000000		2335.000000		9246.000000		268435456
28233.000000		64.000000		29473.000000		268435456
29085.000000		15484.000000		26074.000000		268435456
29958.000000		27166.000000		5551.000000		268435456
23136.000000		15952.000000		9191.000000		268435456
2206.000000		31988.000000		20399.000000		268435456
17083.000000		30866.000000		30731.000000		268435456
27858.000000		29275.000000		15830.000000		268435456
28691.000000		24701.000000		27212.000000		268435456
10859.000000		17754.000000		18140.000000		268435456
24283.000000		18172.000000		11563.000000		268435456
21015.000000		863.000000		23572.000000		268435456
26170.000000		15654.000000		446.000000		268435456
7055.000000		3137.000000		24807.000000		268435456
2866.000000		32335.000000		20204.000000		268435456
8045.000000		26189.000000		10800.000000		268435456
4083.000000		6555.000000		7739.000000		268435456
29757.000000		11397.000000		25330.000000		268435456
14152.000000		21284.000000		30189.000000		268435456
10152.000000		3233.000000		21991.000000		268435456
7536.000000		30970.000000		15199.000000		268435456
29397.000000		6004.000000		13251.000000		268435456
16065.000000		17081.000000		14824.000000		268435456
13644.000000		8633.000000		31825.000000		268435456
6623.000000		21094.000000		27051.000000		268435456
17409.000000		27774.000000		17590.000000		268435456
7793.000000		9161.000000		28441.000000		268435456
593.000000		5026.000000		16245.000000		268435456
6809.000000		13193.000000		22292.000000		268435456
6419.000000		9761.000000		15110.000000		268435456
26783.000000		31146.000000		7409.000000		268435456
1048.000000		7972.000000		21033.000000		268435456
2954.000000		2891.000000		24270.000000		268435456
10398.000000		2066.000000		21820.000000		268435456
1176.000000		26024.000000		6651.000000		268435456
18348.000000		11024.000000		5679.000000		268435456
17632.000000		6355.000000		11354.000000		268435456
30034.000000		15023.000000		18678.000000		268435456
1399.000000		21153.000000		30989.000000		268435456
23100.000000		32456.000000		10381.000000		268435456
22006.000000		15038.000000		15821.000000		268435456
30492.000000		16292.000000		5341.000000		268435456
9267.000000		14050.000000		13235.000000		268435456
31192.000000		8206.000000		30764.000000		268435456
12674.000000		6814.000000		20835.000000		268435456
638.000000		11228.000000		736.000000		268435456
10473.000000		2112.000000		15832.000000		268435456
2667.000000		25616.000000		17076.000000		268435456
9981.000000		28853.000000		2627.000000		268435456
2603.000000		21162.000000		22197.000000		268435456
20330.000000		15993.000000		28341.000000		268435456
2808.000000		32692.000000		5030.000000		268435456
21843.000000		23538.000000		22675.000000		268435456
5862.000000		20024.000000		25746.000000		268435456
29448.000000		32715.000000		27391.000000		268435456
1817.000000		8992.000000		8634.000000		268435456
715.000000		2603.000000		28863.000000		268435456
4508.000000		4399.000000		3110.000000		268435456
3484.000000		21461.000000		31819.000000		268435456
16564.000000		27789.000000		9850.000000		268435456
1592.000000		11420.000000		24069.000000		268435456
15294.000000		28071.000000		21470.000000		268435456
21978.000000		30894.000000		452.000000		268435456
3582.000000		15948.000000		3103.000000		268435456
11617.000000		29856.000000		31812.000000		268435456
29156.000000		15696.000000		8277.000000		268435456
2265.000000		13892.000000		26128.000000		268435456
10165.000000		17432.000000		3499.000000		268435456
19629.000000		5294.000000		25861.000000		268435456
5279.000000		5857.000000		17435.000000		268435456
10973.000000		19446.000000		18047.000000		268435456
25496.000000		13214.000000		9542.000000		268435456
25617.000000		405.000000		7113.000000		268435456
13214.000000		15552.000000		25514.000000		268435456
19303.000000		21619.000000		14197.000000		268435456
5930.000000		5194.000000		25821.000000		268435456
1342.000000		28667.000000		1429.000000		268435456
22276.000000		12531.000000		27045.000000		268435456
6271.000000		15316.000000		21017.000000		268435456
7848.000000		6739.000000		5369.000000		268435456
26374.000000		18963.000000		30651.000000		268435456
775.000000		6726.000000		1874.000000		268435456
19775.000000		9208.000000		30526.000000		268435456
17480.000000		24841.000000		13788.000000		268435456
21007.000000		6558.000000		27115.000000		268435456
20940.000000		26302.000000		32090.000000		268435456
18339.000000		21280.000000		29585.000000		268435456
947.000000		4189.000000		16098.000000		268435456
21180.000000		8739.000000		6009.000000		268435456
16258.000000		22332.000000		10431.000000		268435456
20879.000000		2250.000000		28932.000000		268435456
26052.000000		14768.000000		14357.000000		268435456
23639.000000		10098.000000		7151.000000		268435456
1212.000000		24693.000000		4125.000000		268435456
26912.000000		21714.000000		24953.000000		268435456
28801.000000		30688.000000		2577.000000		268435456
18818.000000		7254.000000		22230.000000		268435456
6931.000000		3345.000000		27940.000000		268435456
5176.000000		19654.000000		20146.000000		268435456
26457.000000		7824.000000		8218.000000		268435456
26079.000000		13721.000000		8896.000000		268435456
18428.000000		19745.000000		28245.000000		268435456
2883.000000		15240.000000		15224.000000		268435456
22431.000000		1207.000000		14458.000000		268435456
27901.000000		7484.000000		11160.000000		268435456
18918.000000		24262.000000		11515.000000		268435456
18255.000000		10026.000000		522.000000		268435456
11590.000000		13931.000000		32544.000000		268435456
10885.000000		16887.000000		28718.000000		268435456
920.000000		15390.000000		4973.000000		268435456
16203.000000		18693.000000		23496.000000		268435456
19422.000000		6638.000000		20086.000000		268435456
10150.000000		32494.000000		15101.000000		268435456
16840.000000		14962.000000		12161.000000		268435456
24733.000000		21530.000000		32287.000000		268435456
26574.000000		21497.000000		12930.000000		268435456
4541.000000		6070.000000		7743.000000		268435456
30462.000000		18078.000000		11603.000000		268435456
3818.000000		9646.000000		30903.000000		268435456
7123.000000		30535.000000		2624.000000		268435456
17992.000000		17543.000000		16178.000000		268435456
2475.000000		27328.000000		30263.000000		268435456
14113.000000		15392.000000		16603.000000		268435456
30393.000000		19301.000000		25405.000000		268435456
12301.000000		19137.000000		31916.000000		268435456
4229.000000		2339.000000		12283.000000		268435456
16841.000000		4109.000000		5672.000000		268435456
32087.000000		14008.000000		27511.000000		268435456
24965.000000		23973.000000		15580.000000		268435456
6436.000000		30829.000000		6241.000000		268435456
28812.000000		11174.000000		11384.000000		268435456
23760.000000		6094.000000		5492.000000		268435456
6286.000000		17228.000000		28258.000000		268435456
21730.000000		27911.000000		30939.000000		268435456
29443.000000		7248.000000		18192.000000		268435456
18695.000000		6633.000000		19105.000000		268435456
5969.000000		31210.000000		2194.000000		268435456
18415.000000		23501.000000		11913.000000		268435456
16066.000000		6780.000000		12553.000000		268435456
17251.000000		20681.000000		18412.000000		268435456
32368.000000		22857.000000		5892.000000		268435456
22194.000000		16886.000000		623.000000		268435456
30374.000000		969.000000		16124.000000		268435456
17860.000000		10168.000000		164.000000		268435456
5235.000000		27775.000000		7263.000000		268435456
19815.000000		32325.000000		19962.000000		268435456
27998.000000		855.000000		17904.000000		268435456
3524.000000		28635.000000		9103.000000		268435456
9844.000000		32754.000000		22630.000000		268435456
15862.000000		10096.000000		10165.000000		268435456
3895.000000		1133.000000		13192.000000		268435456
1074.000000		6583.000000		7757.000000		268435456
28169.000000		8077.000000		15683.000000		268435456
20496.000000		3024.000000		5191.000000		268435456
16172.000000		19278.000000		13160.000000		268435456
31947.000000		26114.000000		15084.000000		268435456
10354.000000		323.000000		8210.000000		268435456
24464.000000		17994.000000		30640.000000		268435456
29485.000000		20567.000000		3559.000000		268435456
19002.000000		6571.000000		13259.000000		268435456
19203.000000		6084.000000		28848.000000		268435456
1295.000000		5244.000000		17092.000000		268435456
7086.000000		14685.000000		11259.000000		268435456
25170.000000		299.000000		22963.000000		268435456
211.000000		18815.000000		1221.000000		268435456
25800.000000		23084.000000		6375.000000		268435456
8819.000000		3397.000000		27744.000000		268435456
3722.000000		20237.000000		10290.000000		268435456
23973.000000		2007.000000		16911.000000		268435456
24494.000000		32237.000000		27146.000000		268435456
3226.000000		32228.000000		13834.000000		268435456
25784.000000		8635.000000		25658.000000		268435456
29206.000000		17064.000000		13296.000000		268435456
715.000000		2834.000000		15589.000000		268435456
3048.000000		25624.000000		29645.000000		268435456
1041.000000		15499.000000		8442.000000		268435456
11527.000000		29692.000000		22586.000000		268435456
20700.000000		17623.000000		9590.000000		268435456
2904.000000		18982.000000		25930.000000		268435456
21089.000000		16393.000000		18172.000000		268435456
13901.000000		16394.000000		12089.000000		268435456
16937.000000		5837.000000		9145.000000		268435456
737.000000		8278.000000		28956.000000		268435456
13702.000000		28037.000000		31104.000000		268435456
11927.000000		25967.000000		23298.000000		268435456
5801.000000		3718.000000		26280.000000		268435456
7814.000000		30669.000000		25667.000000		268435456
1330.000000		16864.000000		30231.000000		268435456
159.000000		31151.000000		23034.000000		268435456
22101.000000		19073.000000		12149.000000		268435456
1187.000000		24490.000000		19152.000000		268435456
12513.000000		29586.000000		19074.000000		268435456
12179.000000		11757.000000		10408.000000		268435456
7115.000000		2647.000000		20741.000000		268435456
18294.000000		16483.000000		19921.000000		268435456
22039.000000		8191.000000		31948.000000		268435456
20165.000000		6122.000000		22207.000000		268435456
1319.000000		19495.000000		1968.000000		268435456
19948.000000		20832.000000		17023.000000		268435456
17118.000000		13307.000000		422.000000		268435456
3730.000000		15163.000000		23398.000000		268435456
26398.000000		9022.000000		9527.000000		268435456
16301.000000		1240.000000		22182.000000		268435456
8319.000000		23451.000000		7426.000000		268435456
2703.000000		20174.000000		13514.000000		268435456
7771.000000		13322.000000		19718.000000		268435456
16489.000000		1515.000000		1620.000000		268435456
17023.000000		1341.000000		2290.000000		268435456
17658.000000		31391.000000		7910.000000		268435456
6942.000000		320.000000		15531.000000		268435456
1636.000000		9472.000000		18116.000000		268435456
21980.000000		17369.000000		32449.000000		268435456
31583.000000		2486.000000		28048.000000		268435456
785.000000		30284.000000		23701.000000		268435456
6207.000000		20065.000000		4748.000000		268435456
27785.000000		7305.000000		32338.000000		268435456
16520.000000		19555.000000		21959.000000		268435456
1389.000000		23289.000000		5392.000000		268435456
15880.000000		26388.000000		17157.000000		268435456
8486.000000		2902.000000		28600.000000		268435456
1962.000000		9917.000000		12860.000000		268435456
15693.000000		7264.000000		9088.000000		268435456
29061.000000		11259.000000		25338.000000		268435456
20228.000000		19269.000000		31511.000000		268435456
3278.000000		1880.000000		3870.000000		268435456
15953.000000		5909.000000		27613.000000		268435456
22972.000000		28463.000000		26261.000000		268435456
6743.000000		11682.000000		12986.000000		268435456
18045.000000		16965.000000		2345.000000		268435456
10103.000000		20112.000000		622.000000		268435456
7621.000000		20376.000000		29829.000000		268435456
17597.000000		3211.000000		27508.000000		268435456
19630.000000		3150.000000		19440.000000		268435456
22581.000000		15833.000000		27081.000000		268435456
6868.000000		18128.000000		11380.000000		268435456
2543.000000		9407.000000		24379.000000		268435456
24820.000000		4722.000000		15210.000000		268435456
9178.000000		11639.000000		16650.000000		268435456
18817.000000		10554.000000		5799.000000		268435456
197.000000		25255.000000		30209.000000		268435456
994.000000		27039.000000		5307.000000		268435456
7973.000000		15001.000000		24146.000000		268435456
24153.000000		29789.000000		10486.000000		268435456
15471.000000		28324.000000		20693.000000		268435456
17346.000000		21166.000000		4675.000000		268435456
25638.000000		31621.000000		4482.000000		268435456
29098.000000		1925.000000		3311.000000		268435456
10737.000000		1179.000000		29498.000000		268435456
12406.000000		3747.000000		24300.000000		268435456
26709.000000		27969.000000		2873.000000		268435456
14986.000000		8860.000000		4933.000000		268435456
26080.000000		25278.000000		9927.000000		268435456
8366.000000		16165.000000		25775.000000		268435456
16624.000000		5760.000000		9227.000000		268435456
10537.000000		18245.000000		126.000000		268435456
1626.000000		23452.000000		29952.000000		268435456
13387.000000		3899.000000		17000.000000		268435456
29081.000000		3023.000000		2.000000		268435456
27735.000000		22585.000000		7900.000000		268435456
5451.000000		22379.000000		21363.000000		268435456
16401.000000		8264.000000		29915.000000		268435456
8495.000000		16639.000000		19033.000000		268435456
11864.000000		4838.000000		16779.000000		268435456
14045.000000		20628.000000		24085.000000		268435456
3731.000000		30537.000000		32517.000000		268435456
20715.000000		21461.000000		1399.000000		268435456
5351.000000		16197.000000		9484.000000		268435456
14400.000000		6016.000000		15325.000000		268435456
8795.000000		26188.000000		7591.000000		268435456
29118.000000		15343.000000		11049.000000		268435456
20615.000000		12796.000000		22753.000000		268435456
667.000000		27041.000000		2465.000000		268435456
25945.000000		11827.000000		21008.000000		268435456
29674.000000		3065.000000		6435.000000		268435456
18193.000000		31924.000000		7801.000000		268435456
11857.000000		10178.000000		26417.000000		268435456
29070.000000		21674.000000		20522.000000		268435456
11487.000000		12305.000000		1465.000000		268435456
9594.000000		26811.000000		26973.000000		268435456
12920.000000		14226.000000		690.000000		268435456
24313.000000		27238.000000		7111.000000		268435456
12120.000000		21879.000000		30937.000000		268435456
25828.000000		6108.000000		27803.000000		268435456
27798.000000		23662.000000		15932.000000		268435456
17088.000000		15775.000000		24877.000000		268435456
29109.000000		26488.000000		1356.000000		268435456
3815.000000		26494.000000		24947.000000		268435456
31901.000000		4975.000000		19381.000000		268435456
19362.000000		13519.000000		21727.000000		268435456
24218.000000		19867.000000		15917.000000		268435456
19745.000000		29179.000000		29504.000000		268435456
12585.000000		16052.000000		23279.000000		268435456
10139.000000		19883.000000		9900.000000		268435456
11207.000000		22285.000000		9385.000000		268435456
4091.000000		19010.000000		31912.000000		268435456
32760.000000		11248.000000		13824.000000		268435456
7897.000000		31842.000000		21501.000000		268435456
4921.000000		32586.000000		2552.000000		268435456
22717.000000		19887.000000		518.000000		268435456
18089.000000		16949.000000		26593.000000		268435456
4063.000000		26388.000000		25947.000000		268435456
19074.000000		30733.000000		8603.000000		268435456
29396.000000		10281.000000		5399.000000		268435456
20409.000000		25346.000000		18762.000000		268435456
14583.000000		14741.000000		25406.000000		268435456
21605.000000		9337.000000		16343.000000		268435456
10338.000000		26237.000000		3556.000000		268435456
22458.000000		19083.000000		4044.000000		268435456
31452.000000		3426.000000		3613.000000		268435456
2229.000000		29063.000000		113.000000		268435456
15879.000000		13050.000000		17647.000000		268435456
3797.000000		31560.000000		15151.000000		268435456
167.000000		8675.000000		9650.000000		268435456
28271.000000		14258.000000		20906.000000		268435456
16877.000000		6221.000000		15008.000000		268435456
21121.000000		192.000000		32013.000000		268435456
30970.000000		24803.000000		19340.000000		268435456
17429.000000		4576.000000		8061.000000		268435456
31257.000000		26270.000000		22513.000000		268435456
7044.000000		5525.000000		30383.000000		268435456
19563.000000		27468.000000		19674.000000		268435456
21068.000000		21907.000000		6935.000000		268435456
32240.000000		5867.000000		13400.000000		268435456
23595.000000		30931.000000		26919.000000		268435456
32051.000000		10791.000000		24438.000000		268435456
25784.000000		6225.000000		23190.000000		268435456
18183.000000		18595.000000		3316.000000		268435456
19141.000000		32373.000000		13230.000000		268435456
7191.000000		8146.000000		7728.000000		268435456
1303.000000		28241.000000		19718.000000		268435456
17712.000000		13701.000000		22779.000000		268435456
21604.000000		10040.000000		15423.000000		268435456
32405.000000		30082.000000		20572.000000		268435456
21660.000000		20070.000000		16024.000000		268435456
16833.000000		14267.000000		10083.000000		268435456
13271.000000		19364.000000		7795.000000		268435456
8786.000000		252.000000		18589.000000		268435456
8077.000000		18223.000000		26916.000000		268435456
7717.000000		15921.000000		12751.000000		268435456
26850.000000		9815.000000		15519.000000		268435456
27075.000000		16015.000000		26355.000000		268435456
1824.000000		29055.000000		19681.000000		268435456
14760.000000		19259.000000		20668.000000		268435456
3007.000000		18835.000000		3883.000000		268435456
7706.000000		31572.000000		2563.000000		268435456
23953.000000		19466.000000		19811.000000		268435456
2687.000000		22887.000000		15595.000000		268435456
14554.000000		19466.000000		20021.000000		268435456
25203.000000		11177.000000		31653.000000		268435456
4231.000000		27729.000000		20180.000000		268435456
13846.000000		17054.000000		18960.000000		268435456
4295.000000		14568.000000		20838.000000		268435456
1087.000000		10731.000000		9395.000000		268435456
15784.000000		12495.000000		20342.000000		268435456
13469.000000		1409.000000		1724.000000		268435456
2183.000000		3873.000000		16915.000000		268435456
21744.000000		22898.000000		5135.000000		268435456
19834.000000		24676.000000		14680.000000		268435456
19412.000000		1281.000000		28040.000000		268435456
1532.000000		23548.000000		31638.000000		268435456
30949.000000		27089.000000		9461.000000		268435456
12412.000000		25344.000000		26712.000000		268435456
27926.000000		7744.000000		4994.000000		268435456
1192.000000		15583.000000		13806.000000		268435456
22423.000000		13902.000000		20611.000000		268435456
6788.000000		32660.000000		8280.000000		268435456
17059.000000		12455.000000		32732.000000		268435456
16045.000000		21597.000000		22165.000000		268435456
6404.000000		32160.000000		30341.000000		268435456
22619.000000		19253.000000		28612.000000		268435456
30770.000000		29768.000000		6354.000000		268435456
5633.000000		32381.000000		929.000000		268435456
23643.000000		28135.000000		10629.000000		268435456
7062.000000		13714.000000		14915.000000		268435456
2743.000000		14965.000000		20956.000000		268435456
14832.000000		20556.000000		21790.000000		268435456
5097.000000		16624.000000		18962.000000		268435456
22711.000000		24215.000000		26555.000000		268435456
11120.000000		29857.000000		1812.000000		268435456
17623.000000		11940.000000		16554.000000		268435456
12867.000000		25769.000000		32080.000000		268435456
4996.000000		8546.000000		29579.000000		268435456
565.000000		7542.000000		12777.000000		268435456
19999.000000		2110.000000		6993.000000		268435456
5301.000000		27618.000000		19136.000000		268435456
13734.000000		101.000000		22532.000000		268435456
23296.000000		24630.000000		25349.000000		268435456
11383.000000		32502.000000		19882.000000		268435456
22250.000000		17222.000000		27984.000000		268435456
19332.000000		24284.000000		4648.000000		268435456
2746.000000		6742.000000		11643.000000		268435456
25685.000000		3165.000000		5681.000000		268435456
31707.000000		26264.000000		9125.000000		268435456
17249.000000		13170.000000		14757.000000		268435456
5960.000000		4951.000000		28468.000000		268435456
32430.000000		28036.000000		30183.000000		268435456
6140.000000		4657.000000		2984.000000		268435456
2740.000000		8238.000000		26900.000000		268435456
28373.000000		1768.000000		8858.000000		268435456
17395.000000		25094.000000		9000.000000		268435456
26788.000000		11449.000000		21838.000000		268435456
9671.000000		7074.000000		29293.000000		268435456
14945.000000		23865.000000		9606.000000		268435456
5967.000000		2646.000000		7883.000000		268435456
1213.000000		25892.000000		22699.000000		268435456
7570.000000		5975.000000		7118.000000		268435456
6026.000000		11681.000000		8551.000000		268435456
28191.000000		29002.000000		18303.000000		268435456
4781.000000		16623.000000		23353.000000		268435456
24537.000000		20338.000000		24684.000000		268435456
17817.000000		26483.000000		180.000000		268435456
8114.000000		3304.000000		1892.000000		268435456
12163.000000		5788.000000		4197.000000		268435456
28035.000000		12203.000000		29145.000000		268435456
4559.000000		15645.000000		7571.000000		268435456
2370.000000		17008.000000		30697.000000		268435456
29541.000000		12394.000000		8538.000000		268435456
29501.000000		31087.000000		30071.000000		268435456
3825.000000		11649.000000		5578.000000		268435456
16945.000000		14761.000000		6117.000000		268435456
16185.000000		4953.000000		18449.000000		268435456
10319.000000		5971.000000		14908.000000		268435456
25617.000000		18327.000000		28645.000000		268435456
23688.000000		2927.000000		28663.000000		268435456
16274.000000		9821.000000		18840.000000		268435456
4029.000000		18876.000000		25255.000000		268435456
16030.000000		1091.000000		32168.000000		268435456
28076.000000		6013.000000		16673.000000		268435456
20700.000000		13793.000000		23458.000000		268435456
30625.000000		6348.000000		16130.000000		268435456
13230.000000		21108.000000		10166.000000		268435456
23393.000000		3447.000000		6563.000000		268435456
12491.000000		3967.000000		16719.000000		268435456
21192.000000		14223.000000		21465.000000		268435456
7306.000000		12669.000000		3714.000000		268435456
10500.000000		30010.000000		27669.000000		268435456
10496.000000		12796.000000		11069.000000		268435456
18570.000000		17510.000000		18618.000000		268435456
14970.000000		30135.000000		11382.000000		268435456
16644.000000		16999.000000		1223.000000		268435456
7933.000000		19849.000000		9935.000000		268435456
5870.000000		4786.000000		15149.000000		268435456
11730.000000		4951.000000		25954.000000		268435456
30370.000000		16173.000000		31069.000000		268435456
13642.000000		4152.000000		10427.000000		268435456
8957.000000		27077.000000		12790.000000		268435456
3132.000000		2955.000000		12071.000000		268435456
15337.000000		23126.000000		28325.000000		268435456
27112.000000		31420.000000		32473.000000		268435456
21350.000000		25861.000000		11401.000000		268435456
8775.000000		22491.000000		16291.000000		268435456
18415.000000		9364.000000		20667.000000		268435456
24053.000000		14693.000000		13610.000000		268435456
4434.000000		24929.000000		2765.000000		268435456
11312.000000		28607.000000		27614.000000		268435456
10573.000000		2316.000000		22879.000000		268435456
12961.000000		15706.000000		14886.000000		268435456
2953.000000		9208.000000		18709.000000		268435456
4591.000000		17532.000000		9334.000000		268435456
219.000000		3363.000000		149.000000		268435456
10064.000000		4631.000000		20043.000000		268435456
6086.000000		9735.000000		19547.000000		268435456
29317.000000		20291.000000		15175.000000		268435456
24752.000000		9095.000000		13182.000000		268435456
25872.000000		11050.000000		2786.000000		268435456
20054.000000		12819.000000		15039.000000		268435456
2692.000000		3467.000000		24159.000000		268435456
2904.000000		24193.000000		28022.000000		268435456
9020.000000		9769.000000		3091.000000		268435456
15351.000000		15959.000000		7230.000000		268435456
16863.000000		1966.000000		29728.000000		268435456
3927.000000		3449.000000		3950.000000		268435456
4465.000000		15606.000000		2603.000000		268435456
17902.000000		12400.000000		16310.000000		268435456
27890.000000		15810.000000		17590.000000		268435456
31454.000000		4554.000000		4490.000000		268435456
12977.000000		25654.000000		28203.000000		268435456
7274.000000		30278.000000		8218.000000		268435456
3284.000000		5818.000000		7355.000000		268435456
9164.000000		30407.000000		27390.000000		268435456
5589.000000		21007.000000		11669.000000		268435456
22296.000000		8253.000000		17905.000000		268435456
6875.000000		11708.000000		21800.000000		268435456
16360.000000		6413.000000		19493.000000		268435456
5943.000000		26912.000000		31090.000000		268435456
6150.000000		26780.000000		24852.000000		268435456
11120.000000		6596.000000		27775.000000		268435456
18780.000000		26890.000000		1762.000000		268435456
6048.000000		17349.000000		3239.000000		268435456
20669.000000		21565.000000		5799.000000		268435456
29717.000000		2937.000000		7478.000000		268435456
27507.000000		5325.000000		16699.000000		268435456
21615.000000		23436.000000		9593.000000		268435456
1432.000000		22646.000000		16216.000000		268435456
179.000000		23886.000000		7526.000000		268435456
29590.000000		9488.000000		20018.000000		268435456
19723.000000		2290.000000		30301.000000		268435456
11114.000000		12870.000000		4566.000000		268435456
9256.000000		29148.000000		29619.000000		268435456
644.000000		22915.000000		18662.000000		268435456
24970.000000		22370.000000		6660.000000		268435456
31568.000000		23235.000000		30100.000000		268435456
28688.000000		31871.000000		3454.000000		268435456
31184.000000		20569.000000		19947.000000		268435456
5793.000000		26990.000000		22182.000000		268435456
22739.000000		17603.000000		31167.000000		268435456
16339.000000		4143.000000		585.000000		268435456
24992.000000		17688.000000		28390.000000		268435456
10958.000000		26959.000000		15502.000000		268435456
9793.000000		20425.000000		11389.000000		268435456
8942.000000		4255.000000		12393.000000		268435456
17060.000000		29340.000000		15467.000000		268435456
26820.000000		16794.000000		27621.000000		268435456
9036.000000		7217.000000		20071.000000		268435456
12933.000000		24987.000000		7922.000000		268435456
12372.000000		25709.000000		538.000000		268435456
25367.000000		6724.000000		3523.000000		268435456
12771.000000		11422.000000		7751.000000		268435456
7721.000000		28830.000000		20703.000000		268435456
32621.000000		17218.000000		4343.000000		268435456
1320.000000		21976.000000		19570.000000		268435456
7504.000000		164.000000		14613.000000		268435456
31718.000000		29874.000000		30081.000000		268435456
25773.000000		26837.000000		13322.000000		268435456
9553.000000		2806.000000		22277.000000		268435456
16274.000000		5297.000000		18991.000000		268435456
10128.000000		141.000000		8745.000000		268435456
30668.000000		18152.000000		11063.000000		268435456
1108.000000		13839.000000		15385.000000		268435456
8444.000000		29505.000000		2008.000000		268435456
15694.000000		17128.000000		280.000000		268435456
22206.000000		28055.000000		18527.000000		268435456
26113.000000		8030.000000		10217.000000		268435456
28174.000000		17217.000000		14323.000000		268435456
31591.000000		4385.000000		8614.000000		268435456
25896.000000		15583.000000		2742.000000		268435456
12070.000000		12586.000000		20888.000000		268435456
24466.000000		32707.000000		14592.000000		268435456
5963.000000		6163.000000		21938.000000		268435456
25631.000000		3439.000000		21606.000000		268435456
13499.000000		14905.000000		9145.000000		268435456
28922.000000		17635.000000		19287.000000		268435456
20964.000000		20277.000000		18505.000000		268435456
24103.000000		23726.000000		5733.000000		268435456
10318.000000		22679.000000		27683.000000		268435456
249.000000		24056.000000		5794.000000		268435456
22301.000000		2545.000000		14745.000000		268435456
9066.000000		18444.000000		3731.000000		268435456
19883.000000		2184.000000		7923.000000		268435456
14432.000000		255.000000		10144.000000		268435456
13491.000000		17222.000000		3095.000000		268435456
21048.000000		25484.000000		29719.000000		268435456
26064.000000		5066.000000		30945.000000		268435456
21306.000000		25411.000000		25111.000000		268435456
29755.000000		32673.000000		3822.000000		268435456
10175.000000		14225.000000		11770.000000		268435456
31503.000000		23823.000000		3271.000000		268435456
10282.000000		4945.000000		8986.000000		268435456
9332.000000		24823.000000		12714.000000		268435456
5387.000000		29160.000000		28676.000000		268435456
31364.000000		17337.000000		2158.000000		268435456
2563.000000		17435.000000		3964.000000		268435456
24014.000000		18726.000000		3366.000000		268435456
21568.000000		5654.000000		22998.000000		268435456
18105.000000		7127.000000		15514.000000		268435456
24488.000000		30058.000000		19092.000000		268435456
3642.000000		9869.000000		28083.000000		268435456
31253.000000		14563.000000		29769.000000		268435456
12183.000000		30304.000000		13401.000000		268435456
3622.000000		9608.000000		4402.000000		268435456
6195.000000		18153.000000		19081.000000		268435456
16275.000000		4903.000000		10501.000000		268435456
31632.000000		13742.000000		26503.000000		268435456
4367.000000		30766.000000		29920.000000		268435456
4364.000000		19570.000000		22129.000000		268435456
15.000000		30675.000000		4196.000000		268435456
28170.000000		10813.000000		21669.000000		268435456
23832.000000		32427.000000		13148.000000		268435456
10875.000000		8501.000000		5555.000000		268435456
10084.000000		31041.000000		12680.000000		268435456
30477.000000		13220.000000		3547.000000		268435456
26869.000000		3413.000000		26197.000000		268435456
4966.000000		1204.000000		9533.000000		268435456
3189.000000		18880.000000		4282.000000		268435456
30768.000000		8659.000000		1354.000000		268435456
30836.000000		18997.000000		1894.000000		268435456
23532.000000		4027.000000		7957.000000		268435456
29666.000000		9050.000000		10245.000000		268435456
19136.000000		21133.000000		9366.000000		268435456
1496.000000		24813.000000		1103.000000		268435456
10423.000000		19077.000000		18433.000000		268435456
14089.000000		17128.000000		9746.000000		268435456
29490.000000		18216.000000		31667.000000		268435456
25976.000000		2028.000000		24442.000000		268435456
16768.000000		12559.000000		29299.000000		268435456
19264.000000		16984.000000		3910.000000		268435456
11723.000000		11908.000000		4847.000000		268435456
32663.000000		17109.000000		6317.000000		268435456
18146.000000		16826.000000		17082.000000		268435456
9552.000000		24125.000000		7449.000000		268435456
16524.000000		8009.000000		11328.000000		268435456
15493.000000		3627.000000		23051.000000		268435456
7011.000000		29223.000000		16486.000000		268435456
13620.000000		29335.000000		30649.000000		268435456
15971.000000		32357.000000		32719.000000		268435456
32502.000000		24641.000000		9552.000000		268435456
19391.000000		9806.000000		24827.000000		268435456
30226.000000		15075.000000		9695.000000		268435456
10128.000000		19908.000000		16324.000000		268435456
18593.000000		11105.000000		32076.000000		268435456
631.000000		1504.000000		30682.000000		268435456
20089.000000		8550.000000		20208.000000		268435456
4948.000000		24400.000000		28499.000000		268435456
25884.000000		19770.000000		18336.000000		268435456
21145.000000		19423.000000		14187.000000		268435456
15581.000000		10677.000000		11095.000000		268435456
20192.000000		10282.000000		22790.000000		268435456
14070.000000		6031.000000		25272.000000		268435456
26065.000000		27771.000000		12175.000000		268435456
3151.000000		17032.000000		16160.000000		268435456
7548.000000		12330.000000		12364.000000		268435456
789.000000		24093.000000		11272.000000		268435456
22960.000000		11566.000000		30020.000000		268435456
3456.000000		2752.000000		15065.000000		268435456
1526.000000		22933.000000		10818.000000		268435456
22098.000000		13772.000000		29322.000000		268435456
22587.000000		2842.000000		24473.000000		268435456
4088.000000		21941.000000		7845.000000		268435456
22861.000000		32029.000000		6592.000000		268435456
24914.000000		20762.000000		4471.000000		268435456
14263.000000		2977.000000		1493.000000		268435456
6033.000000		31428.000000		31649.000000		268435456
24222.000000		5662.000000		23206.000000		268435456
26279.000000		9667.000000		12100.000000		268435456
11698.000000		21317.000000		27362.000000		268435456
2618.000000		15384.000000		28538.000000		268435456
20558.000000		31509.000000		6248.000000		268435456
5927.000000		18356.000000		23775.000000		268435456
24917.000000		7874.000000		511.000000		268435456
20970.000000		20664.000000		13902.000000		268435456
5752.000000		24163.000000		15320.000000		268435456
30859.000000		9522.000000		4394.000000		268435456
26856.000000		31338.000000		30885.000000		268435456
12001.000000		24017.000000		28355.000000		268435456
27289.000000		4932.000000		3122.000000		268435456
12874.000000		4166.000000		15544.000000		268435456
32421.000000		21440.000000		29113.000000		268435456
13862.000000		27461.000000		27750.000000		268435456
20601.000000		21257.000000		20333.000000		268435456
23735.000000		16747.000000		29126.000000		268435456
30914.000000		16726.000000		7667.000000		268435456
14397.000000		8051.000000		13382.000000		268435456
4188.000000		32413.000000		30143.000000		268435456
11865.000000		16250.000000		23676.000000		268435456
20664.000000		7403.000000		23949.000000		268435456
3111.000000		20039.000000		32719.000000		268435456
7785.000000		6198.000000		7281.000000		268435456
9098.000000		22740.000000		1892.000000		268435456
17880.000000		19391.000000		22320.000000		268435456
31390.000000		10117.000000		25067.000000		268435456
7002.000000		29018.000000		29668.000000		268435456
31827.000000		6609.000000		10282.000000		268435456
26384.000000		20794.000000		12315.000000		268435456
17809.000000		4177.000000		27222.000000		268435456
23140.000000		18709.000000		21732.000000		268435456
11397.000000		27753.000000		28821.000000		268435456
4090.000000		1981.000000		20884.000000		268435456
2013.000000		29698.000000		25409.000000		268435456
6248.000000		22136.000000		4395.000000		268435456
6683.000000		19744.000000		8133.000000		268435456
9509.000000		7110.000000		26515.000000		268435456
26958.000000		6184.000000		1323.000000		268435456
20571.000000		31572.000000		19256.000000		268435456
17871.000000		16694.000000		20399.000000		268435456
7079.000000		9546.000000		1196.000000		268435456
25301.000000		16347.000000		15611.000000		268435456
22771.000000		6968.000000		24914.000000		268435456
14842.000000		31247.000000		15061.000000		268435456
6114.000000		31566.000000		5949.000000		268435456
3849.000000		10822.000000		24672.000000		268435456
14226.000000		21159.000000		14294.000000		268435456
23472.000000		20960.000000		30281.000000		268435456
12182.000000		7623.000000		7129.000000		268435456
17123.000000		14450.000000		27757.000000		268435456
21623.000000		2718.000000		28360.000000		268435456
31259.000000		3483.000000		23523.000000		268435456
6951.000000		20915.000000		14580.000000		268435456
27317.000000		18007.000000		10863.000000		268435456
31778.000000		9285.000000		20121.000000		268435456
14359.000000		4123.000000		8384.000000		268435456
25135.000000		19320.000000		12238.000000		268435456
26476.000000		799.000000		22289.000000		268435456
23047.000000		14579.000000		30773.000000		268435456
11279.000000		27283.000000		21503.000000		268435456
20295.000000		892.000000		20132.000000		268435456
26630.000000		21692.000000		10163.000000		268435456
22647.000000		10856.000000		9295.000000		268435456
21015.000000		30259.000000		16823.000000		268435456
14097.000000		4356.000000		20501.000000		268435456
31573.000000		4781.000000		18950.000000		268435456
4554.000000		32581.000000		32240.000000		268435456
11337.000000		25372.000000		30267.000000		268435456
24201.000000		10065.000000		21457.000000		268435456
22005.000000		9229.000000		14827.000000		268435456
16080.000000		18382.000000		25662.000000		268435456
11620.000000		26758.000000		23953.000000		268435456
3212.000000		4344.000000		23688.000000		268435456
2187.000000		19676.000000		2445.000000		268435456
20090.000000		1764.000000		8073.000000		268435456
18850.000000		559.000000		15151.000000		268435456
4776.000000		17794.000000		32529.000000		268435456
8767.000000		13969.000000		30653.000000		268435456
4804.000000		23356.000000		21915.000000		268435456
18904.000000		26374.000000		30199.000000		268435456
22822.000000		30020.000000		11994.000000		268435456
31611.000000		32735.000000		28813.000000		268435456
12005.000000		25829.000000		18751.000000		268435456
15572.000000		9496.000000		29813.000000		268435456
14933.000000		10111.000000		21391.000000		268435456
9444.000000		24518.000000		21551.000000		268435456
12985.000000		8952.000000		12562.000000		268435456
8946.000000		3770.000000		1367.000000		268435456
14616.000000		18107.000000		5133.000000		268435456
13977.000000		10205.000000		8207.000000		268435456
3950.000000		17824.000000		12681.000000		268435456
12288.000000		25847.000000		4140.000000		268435456
24242.000000		14175.000000		649.000000		268435456
31658.000000		12765.000000		22062.000000		268435456
20845.000000		12365.000000		17986.000000		268435456
16212.000000		27451.000000		2656.000000		268435456
19408.000000		21652.000000		5627.000000		268435456
13787.000000		1137.000000		16064.000000		268435456
19339.000000		10292.000000		9871.000000		268435456
22058.000000		20545.000000		27767.000000		268435456
18647.000000		28508.000000		7376.000000		268435456
30105.000000		15165.000000		24585.000000		268435456
8048.000000		27402.000000		28992.000000		268435456
20547.000000		6201.000000		9097.000000		268435456
24943.000000		11245.000000		5328.000000		268435456
16956.000000		32300.000000		18548.000000		268435456
20294.000000		10752.000000		11184.000000		268435456
4794.000000		29757.000000		15102.000000		268435456
22351.000000		22867.000000		5197.000000		268435456
3711.000000		5117.000000		1780.000000		268435456
17574.000000		9473.000000		24594.000000		268435456
24872.000000		13046.000000		14985.000000		268435456
30794.000000		8005.000000		12429.000000		268435456
13628.000000		23568.000000		28063.000000		268435456
30911.000000		25129.000000		26364.000000		268435456
12539.000000		13961.000000		29802.000000		268435456
9114.000000		7751.000000		3448.000000		268435456
31339.000000		15213.000000		31368.000000		268435456
10695.000000		15753.000000		10291.000000		268435456
5907.000000		7111.000000		16351.000000		268435456
2667.000000		24064.000000		644.000000		268435456
19548.000000		18709.000000		732.000000		268435456
18854.000000		19737.000000		24249.000000		268435456
11166.000000		32405.000000		23530.000000		268435456
30634.000000		9692.000000		225.000000		268435456
16692.000000		17804.000000		31807.000000		268435456
4576.000000		21758.000000		11284.000000		268435456
53.000000		1945.000000		30282.000000		268435456
11023.000000		7141.000000		9952.000000		268435456
3237.000000		10662.000000		104.000000		268435456
26819.000000		18429.000000		1760.000000		268435456
1078.000000		12069.000000		4787.000000		268435456
4968.000000		17886.000000		11433.000000		268435456
27121.000000		22673.000000		26363.000000		268435456
978.000000		4158.000000		20631.000000		268435456
29539.000000		24936.000000		20047.000000		268435456
29736.000000		18593.000000		5661.000000		268435456
13856.000000		16674.000000		4518.000000		268435456
29552.000000		7236.000000		7839.000000		268435456
10939.000000		28626.000000		15226.000000		268435456
16943.000000		442.000000		22023.000000		268435456
13952.000000		31332.000000		18046.000000		268435456
976.000000		27692.000000		660.000000		268435456
32664.000000		31687.000000		20920.000000		268435456
17370.000000		22339.000000		20106.000000		268435456
18270.000000		10078.000000		13467.000000		268435456
7963.000000		6948.000000		24022.000000		268435456
29961.000000		18055.000000		11770.000000		268435456
16461.000000		23042.000000		23238.000000		268435456
28418.000000		11811.000000		32497.000000		268435456
7395.000000		8495.000000		3158.000000		268435456
27505.000000		4701.000000		7953.000000		268435456
18943.000000		5568.000000		19916.000000		268435456
4335.000000		3616.000000		26992.000000		268435456
10951.000000		18711.000000		29340.000000		268435456
9824.000000		262.000000		14962.000000		268435456
28807.000000		11243.000000		4804.000000		268435456
15707.000000		24992.000000		1119.000000		268435456
14951.000000		5809.000000		15132.000000		268435456
17585.000000		7011.000000		29995.000000		268435456
26022.000000		5231.000000		23132.000000		268435456
22764.000000		22179.000000		29173.000000		268435456
8331.000000		6488.000000		20154.000000		268435456
1764.000000		28258.000000		32037.000000		268435456
24980.000000		8400.000000		371.000000		268435456
6325.000000		10976.000000		8761.000000		268435456
20878.000000		26275.000000		21659.000000		268435456
32701.000000		26921.000000		20124.000000		268435456
21134.000000		7563.000000		7429.000000		268435456
3696.000000		30488.000000		8475.000000		268435456
26383.000000		14696.000000		17709.000000		268435456
2845.000000		26757.000000		16859.000000		268435456
9119.000000		11695.000000		22361.000000		268435456
16636.000000		21916.000000		21202.000000		268435456
23258.000000		28918.000000		23673.000000		268435456
10015.000000		7057.000000		3387.000000		268435456
9901.000000		15542.000000		2665.000000		268435456
3352.000000		12321.000000		14968.000000		268435456
8980.000000		27790.000000		30631.000000		268435456
2934.000000		11689.000000		30557.000000		268435456
28103.000000		8872.000000		17298.000000		268435456
19041.000000		16578.000000		9955.000000		268435456
7077.000000		32545.000000		10705.000000		268435456
6917.000000		24977.000000		13734.000000		268435456
8110.000000		22131.000000		7292.000000		268435456
28809.000000		4693.000000		25029.000000		268435456
26858.000000		30544.000000		5132.000000		268435456
3007.000000		2529.000000		13051.000000		268435456
5025.000000		19075.000000		5451.000000		268435456
14553.000000		3059.000000		15622.000000		268435456
16283.000000		30624.000000		19635.000000		268435456
24769.000000		2739.000000		15037.000000		268435456
16492.000000		20393.000000		23557.000000		268435456
30697.000000		21441.000000		6752.000000		268435456
15865.000000		6909.000000		25079.000000		268435456
4781.000000		20623.000000		17415.000000		268435456
19123.000000		6698.000000		11590.000000		268435456
11165.000000		5380.000000		18748.000000		268435456
16956.000000		8561.000000		17315.000000		268435456
584.000000		26774.000000		22822.000000		268435456
15994.000000		17700.000000		14882.000000		268435456
31074.000000		30052.000000		22220.000000		268435456
27195.000000		8485.000000		8244.000000		268435456
4439.000000		9710.000000		22361.000000		268435456
16376.000000		28713.000000		16219.000000		268435456
6314.000000		17791.000000		11369.000000		268435456
10333.000000		30615.000000		280.000000		268435456
32182.000000		109.000000		713.000000		268435456
16285.000000		21269.000000		14787.000000		268435456
26020.000000		14512.000000		6190.000000		268435456
6591.000000		30493.000000		12869.000000		268435456
23225.000000		6280.000000		10955.000000		268435456
32097.000000		25651.000000		25587.000000		268435456
6208.000000		12320.000000		7125.000000		268435456
2470.000000		3225.000000		16637.000000		268435456
17606.000000		3197.000000		23124.000000		268435456
26446.000000		27792.000000		26924.000000		268435456
23394.000000		25870.000000		7633.000000		268435456
20006.000000		22909.000000		7647.000000		268435456
11059.000000		2750.000000		20668.000000		268435456
8015.000000		9885.000000		31116.000000		268435456
16485.000000		32347.000000		22699.000000		268435456
27155.000000		32258.000000		11826.000000		268435456
19548.000000		19872.000000		16055.000000		268435456
13371.000000		17163.000000		11125.000000		268435456
19154.000000		23896.000000		9377.000000		268435456
8231.000000		4004.000000		22637.000000		268435456
16392.000000		27717.000000		912.000000		268435456
23068.000000		28643.000000		22074.000000		268435456
4193.000000		11731.000000		30588.000000		268435456
25461.000000		30688.000000		22537.000000		268435456
11261.000000		11463.000000		26279.000000		268435456
11716.000000		15844.000000		21004.000000		268435456
10544.000000		1375.000000		14001.000000		268435456
20749.000000		14129.000000		25738.000000		268435456
32481.000000		17317.000000		2348.000000		268435456
20370.000000		32.000000		18723.000000		268435456
27713.000000		7651.000000		14267.000000		268435456
7920.000000		18504.000000		30667.000000		268435456
19796.000000		11378.000000		3100.000000		268435456
24960.000000		473.000000		1583.000000		268435456
13369.000000		30565.000000		2743.000000		268435456
11318.000000		8074.000000		16265.000000		268435456
11594.000000		1979.000000		9852.000000		268435456
13424.000000		11928.000000		27649.000000		268435456
10327.000000		27927.000000		27456.000000		268435456
7805.000000		718.000000		1586.000000		268435456
11181.000000		10808.000000		10197.000000		268435456
12472.000000		2191.000000		629.000000		268435456
17842.000000		2465.000000		29580.000000		268435456
14484.000000		13655.000000		7919.000000		268435456
14386.000000		18742.000000		8943.000000		268435456
17899.000000		2353.000000		17570.000000		268435456
9399.000000		9905.000000		28103.000000		268435456
22119.000000		13327.000000		8430.000000		268435456
9083.000000		28739.000000		15569.000000		268435456
28137.000000		18446.000000		7236.000000		268435456
14049.000000		9152.000000		24495.000000		268435456
14893.000000		32261.000000		32244.000000		268435456
2926.000000		11291.000000		23543.000000		268435456
3880.000000		1011.000000		13928.000000		268435456
30905.000000		16422.000000		11376.000000		268435456
5840.000000		9513.000000		16419.000000		268435456
20948.000000		5842.000000		13269.000000		268435456
19012.000000		27202.000000		7513.000000		268435456
21520.000000		25697.000000		26817.000000		268435456
924.000000		9030.000000		31496.000000		268435456
31029.000000		12611.000000		26764.000000		268435456
32453.000000		14478.000000		17355.000000		268435456
11899.000000		26272.000000		15679.000000		268435456
17707.000000		12095.000000		15336.000000		268435456
1009.000000		13752.000000		18155.000000		268435456
4911.000000		5241.000000		27974.000000		268435456
24591.000000		5782.000000		29448.000000		268435456
6032.000000		3725.000000		1355.000000		268435456
12706.000000		20442.000000		19624.000000		268435456
19535.000000		13778.000000		8148.000000		268435456
3678.000000		7293.000000		1691.000000		268435456
26050.000000		7928.000000		8648.000000		268435456
14001.000000		26074.000000		31967.000000		268435456
16324.000000		16106.000000		2797.000000		268435456
10161.000000		30568.000000		23791.000000		268435456
6730.000000		5268.000000		23058.000000		268435456
18999.000000		24288.000000		15563.000000		268435456
11723.000000		24374.000000		4002.000000		268435456
31367.000000		9932.000000		30417.000000		268435456
30000.000000		10239.000000		23106.000000		268435456
9750.000000		4787.000000		13506.000000		268435456
20047.000000		7210.000000		22024.000000		268435456
9548.000000		19281.000000		16002.000000		268435456
4898.000000		12504.000000		21094.000000		268435456
21846.000000		20137.000000		29046.000000		268435456
23856.000000		23635.000000		7143.000000		268435456
23133.000000		19157.000000		19345.000000		268435456
4581.000000		26754.000000		7754.000000		268435456
27844.000000		7121.000000		16746.000000		268435456
29138.000000		4278.000000		10403.000000		268435456
13372.000000		17345.000000		14581.000000		268435456
32257.000000		20762.000000		134.000000		268435456
2504.000000		12895.000000		2737.000000		268435456
28136.000000		6248.000000		4714.000000		268435456
5647.000000		23440.000000		26989.000000		268435456
30119.000000		31925.000000		15560.000000		268435456
13191.000000		18007.000000		5358.000000		268435456
3970.000000		14958.000000		16543.000000		268435456
21599.000000		13468.000000		22044.000000		268435456
11493.000000		12510.000000		7522.000000		268435456
31289.000000		6525.000000		904.000000		268435456
29269.000000		20951.000000		22405.000000		268435456
8717.000000		5931.000000		17247.000000		268435456
16141.000000		8783.000000		12310.000000		268435456
28875.000000		32380.000000		31788.000000		268435456
3145.000000		2070.000000		31022.000000		268435456
32151.000000		6585.000000		30705.000000		268435456
31074.000000		17646.000000		17952.000000		268435456
23736.000000		14676.000000		13703.000000		268435456
29000.000000		14756.000000		1958.000000		268435456
6797.000000		21638.000000		21058.000000		268435456
2820.000000		27658.000000		900.000000		268435456
14372.000000		26888.000000		27204.000000		268435456
27204.000000		24790.000000		21595.000000		268435456
845.000000		27746.000000		22547.000000		268435456
17950.000000		14038.000000		2458.000000		268435456
25145.000000		26248.000000		27716.000000		268435456
11145.000000		8955.000000		26832.000000		268435456
28422.000000		184.000000		7254.000000		268435456
24141.000000		1317.000000		2262.000000		268435456
6598.000000		17628.000000		21532.000000		268435456
13893.000000		23481.000000		21634.000000		268435456
2027.000000		18649.000000		5956.000000		268435456
20562.000000		28775.000000		17884.000000		268435456
7701.000000		24209.000000		2260.000000		268435456
12629.000000		17065.000000		11289.000000		268435456
7605.000000		27785.000000		19647.000000		268435456
24315.000000		1251.000000		24003.000000		268435456
4620.000000		7272.000000		7133.000000		268435456
17745.000000		1840.000000		9682.000000		268435456
95.000000		25551.000000		23785.000000		268435456
20814.000000		14134.000000		21928.000000		268435456
32134.000000		24893.000000		13650.000000		268435456
18393.000000		32415.000000		32555.000000		268435456
32541.000000		27128.000000		23300.000000		268435456
24055.000000		21003.000000		16757.000000		268435456
2291.000000		18228.000000		3186.000000		268435456
16929.000000		16526.000000		6096.000000		268435456
18333.000000		20460.000000		1675.000000		268435456
28659.000000		22556.000000		3571.000000		268435456
20270.000000		6698.000000		10333.000000		268435456
7866.000000		19828.000000		28101.000000		268435456
8577.000000		14773.000000		17042.000000		268435456
12414.000000		5736.000000		14862.000000		268435456
24989.000000		15195.000000		25870.000000		268435456
2722.000000		7051.000000		26325.000000		268435456
16923.000000		4941.000000		26458.000000		268435456
569.000000		25269.000000		2919.000000		268435456
23183.000000		23119.000000		30873.000000		268435456
21902.000000		9698.000000		4922.000000		268435456
13418.000000		18598.000000		19000.000000		268435456
22943.000000		16968.000000		2591.000000		268435456
6609.000000		12041.000000		29861.000000		268435456
23926.000000		22979.000000		21900.000000		268435456
4436.000000		3327.000000		6055.000000		268435456
7849.000000		29923.000000		20449.000000		268435456
1938.000000		8562.000000		43.000000		268435456
20834.000000		32327.000000		7150.000000		268435456
1061.000000		15717.000000		23466.000000		268435456
959.000000		8192.000000		30256.000000		268435456
31096.000000		2562.000000		17776.000000		268435456
22387.000000		29238.000000		5751.000000		268435456
22344.000000		10886.000000		21607.000000		268435456
32226.000000		5707.000000		12275.000000		268435456
5634.000000		30641.000000		20543.000000		268435456
25140.000000		23587.000000		5854.000000		268435456
1348.000000		21950.000000		27393.000000		268435456
18967.000000		30564.000000		23102.000000		268435456
21024.000000		10013.000000		22635.000000		268435456
16674.000000		10440.000000		1386.000000		268435456
2553.000000		27995.000000		28341.000000		268435456
11286.000000		9173.000000		4193.000000		268435456
25872.000000		5883.000000		13444.000000		268435456
14456.000000		29598.000000		5912.000000		268435456
28699.000000		5171.000000		28216.000000		268435456
21043.000000		16721.000000		3894.000000		268435456
20091.000000		26050.000000		28888.000000		268435456
11327.000000		13760.000000		12556.000000		268435456
22254.000000		16488.000000		19278.000000		268435456
2700.000000		19247.000000		29606.000000		268435456
19151.000000		25750.000000		18093.000000		268435456
10902.000000		22273.000000		9533.000000		268435456
27714.000000		15737.000000		25774.000000		268435456
13683.000000		27429.000000		8316.000000		268435456
20958.000000		2930.000000		28604.000000		268435456
24894.000000		32075.000000		13403.000000		268435456
5809.000000		7564.000000		29205.000000		268435456
8477.000000		5704.000000		22383.000000		268435456
31671.000000		15001.000000		4592.000000		268435456
19048.000000		13882.000000		260.000000		268435456
19480.000000		9722.000000		28329.000000		268435456
14988.000000		10819.000000		20841.000000		268435456
26564.000000		30014.000000		16223.000000		268435456
7362.000000		22264.000000		24615.000000		268435456
20562.000000		795.000000		11663.000000		268435456
16313.000000		1751.000000		25116.000000		268435456
549.000000		369.000000		18056.000000		268435456
19134.000000		11867.000000		12983.000000		268435456
22587.000000		20307.000000		29903.000000		268435456
24326.000000		24466.000000		29383.000000		268435456
17227.000000		6476.000000		20174.000000		268435456
7461.000000		25916.000000		13460.000000		268435456
19684.000000		14684.000000		14950.000000		268435456
28642.000000		16851.000000		24644.000000		268435456
17879.000000		6494.000000		32052.000000		268435456
13532.000000		10521.000000		27829.000000		268435456
11027.000000		21974.000000		24492.000000		268435456
12477.000000		2813.000000		2133.000000		268435456
20147.000000		22616.000000		7514.000000		268435456
32757.000000		31982.000000		10906.000000		268435456
15102.000000		26636.000000		1768.000000		268435456
13870.000000		19194.000000		4655.000000		268435456
9074.000000		5109.000000		2744.000000		268435456
28152.000000		19535.000000		15601.000000		268435456
7239.000000		11783.000000		24369.000000		268435456
30562.000000		20211.000000		15943.000000		268435456
19173.000000		7982.000000		22041.000000		268435456
28530.000000		7370.000000		19846.000000		268435456
25145.000000		31704.000000		647.000000		268435456
9159.000000		20557.000000		18780.000000		268435456
5117.000000		15774.000000		25433.000000		268435456
3263.000000		31099.000000		3696.000000		268435456
15428.000000		12833.000000		16945.000000		268435456
11769.000000		998.000000		11972.000000		268435456
32488.000000		22579.000000		31586.000000		268435456
8212.000000		29936.000000		9337.000000		268435456
26294.000000		23524.000000		32089.000000		268435456
14316.000000		1424.000000		22011.000000		268435456
25702.000000		30486.000000		3684.000000		268435456
32463.000000		23870.000000		31437.000000		268435456
24507.000000		32656.000000		24037.000000		268435456
19546.000000		23502.000000		30568.000000		268435456
30571.000000		11483.000000		8787.000000		268435456
7682.000000		32355.000000		27622.000000		268435456
7319.000000		28489.000000		6039.000000		268435456
4463.000000		4045.000000		17522.000000		268435456
31994.000000		24300.000000		10661.000000		268435456
32316.000000		3806.000000		27574.000000		268435456
15137.000000		9334.000000		1383.000000		268435456
24755.000000		5541.000000		7874.000000		268435456
22080.000000		5938.000000		15949.000000		268435456
27290.000000		8844.000000		7958.000000		268435456
27522.000000		29328.000000		16672.000000		268435456
28727.000000		208.000000		27354.000000		268435456
14575.000000		19205.000000		31986.000000		268435456
22285.000000		16325.000000		3183.000000		268435456
3631.000000		7465.000000		4409.000000		268435456
30979.000000		16618.000000		18902.000000		268435456
12765.000000		17238.000000		31860.000000		268435456
27117.000000		29367.000000		20902.000000		268435456
16932.000000		7482.000000		18677.000000		268435456
1726.000000		25258.000000		18049.000000		268435456
19932.000000		4634.000000		7584.000000		268435456
31934.000000		31490.000000		2892.000000		268435456
24418.000000		8625.000000		30397.000000		268435456
23710.000000		4384.000000		16794.000000		268435456
1243.000000		16633.000000		12081.000000		268435456
8258.000000		28563.000000		22789.000000		268435456
6570.000000		5946.000000		31932.000000		268435456
7058.000000		21296.000000		10599.000000		268435456
17213.000000		9527.000000		8714.000000		268435456
28607.000000		29893.000000		11064.000000		268435456
18298.000000		17229.000000		28604.000000		268435456
5549.000000		16718.000000		18555.000000		268435456
11641.000000		1249.000000		18866.000000		268435456
16272.000000		24757.000000		17913.000000		268435456
2376.000000		15992.000000		22591.000000		268435456
31446.000000		12155.000000		14276.000000		268435456
31218.000000		31036.000000		25872.000000		268435456
29425.000000		27109.000000		9523.000000		268435456
19709.000000		23021.000000		12769.000000		268435456
19117.000000		1919.000000		16343.000000		268435456
32024.000000		14954.000000		27495.000000		268435456
1286.000000		15379.000000		11801.000000		268435456
27060.000000		15438.000000		17645.000000		268435456
14272.000000		20327.000000		13694.000000		268435456
17343.000000		16477.000000		22931.000000		268435456
4397.000000		3931.000000		22990.000000		268435456
20404.000000		16823.000000		13885.000000		268435456
26606.000000		6209.000000		7554.000000		268435456
22462.000000		25857.000000		31621.000000		268435456
26246.000000		7563.000000		17746.000000		268435456
2218.000000		27404.000000		26966.000000		268435456
15898.000000		20759.000000		9141.000000		268435456
2763.000000		29604.000000		28156.000000		268435456
29375.000000		4550.000000		21167.000000		268435456
1066.000000		26756.000000		4291.000000		268435456
6420.000000		14889.000000		12611.000000		268435456
25494.000000		20904.000000		21636.000000		268435456
4131.000000		20060.000000		18276.000000		268435456
27752.000000		2933.000000		2225.000000		268435456
13251.000000		29805.000000		11834.000000		268435456
2339.000000		11372.000000		32692.000000		268435456
741.000000		9447.000000		5137.000000		268435456
32562.000000		11106.000000		22475.000000		268435456
4759.000000		26955.000000		14934.000000		268435456
18540.000000		22647.000000		32675.000000		268435456
12713.000000		23721.000000		12644.000000		268435456
10033.000000		19010.000000		29271.000000		268435456
10798.000000		1685.000000		26897.000000		268435456
4150.000000		19942.000000		24235.000000		268435456
25939.000000		8996.000000		15939.000000		268435456
20832.000000		1041.000000		7057.000000		268435456
11076.000000		2756.000000		19690.000000		268435456
32563.000000		28183.000000		97.000000		268435456
7187.000000		17147.000000		19258.000000		268435456
15052.000000		5532.000000		327.000000		268435456
8160.000000		23929.000000		24053.000000		268435456
24665.000000		32406.000000		24787.000000		268435456
15280.000000		15624.000000		32550.000000		268435456
12940.000000		1672.000000		28085.000000		268435456
17851.000000		12338.000000		1955.000000		268435456
12673.000000		1351.000000		12292.000000		268435456
12052.000000		8125.000000		290.000000		268435456
3075.000000		17060.000000		11171.000000		268435456
20980.000000		25420.000000		27090.000000		268435456
4163.000000		29140.000000		1444.000000		268435456
15128.000000		14527.000000		21425.000000		268435456
15701.000000		11888.000000		30907.000000		268435456
2545.000000		27449.000000		6423.000000		268435456
10512.000000		16473.000000		10516.000000		268435456
5777.000000		31936.000000		3373.000000		268435456
26150.000000		749.000000		8751.000000		268435456
23960.000000		12801.000000		27210.000000		268435456
1168.000000		333.000000		10649.000000		268435456
4506.000000		16797.000000		6511.000000		268435456
15002.000000		31910.000000		10123.000000		268435456
28335.000000		12542.000000		5459.000000		268435456
20285.000000		29364.000000		17118.000000		268435456
22563.000000		9912.000000		28863.000000		268435456
