3 1653
21512.000000		13941.000000		9043.000000		268435456
19766.000000		14152.000000		22097.000000		268435456
25636.000000		12757.000000		31607.000000		268435456
32220.000000		12927.000000		5142.000000		268435456
6144.000000		23715.000000		32329.000000		268435456
26777.000000		8717.000000		6644.000000		268435456
23850.000000		3002.000000		27807.000000		268435456
17568.000000		19263.000000		20336.000000		268435456
28382.000000		28671.000000		25615.000000		268435456
8309.000000		25774.000000		8757.000000		268435456
10177.000000		1704.000000		23938.000000		268435456
30644.000000		8332.000000		1199.000000		268435456
11637.000000		8194.000000		31854.000000		268435456
6880.000000		29847.000000		6077.000000		268435456
28449.000000		29026.000000		12420.000000		268435456
17372.000000		28747.000000		28047.000000		268435456
3132.000000		21047.000000		10741.000000		268435456
13981.000000		25134.000000		842.000000		268435456
11070.000000		28030.000000		9366.000000		268435456
16693.000000		13136.000000		7172.000000		268435456
8201.000000		10248.000000		10388.000000		268435456
8009.000000		19534.000000		25406.000000		268435456
4130.000000		4430.000000		8048.000000		268435456
1159.000000		6524.000000		30178.000000		268435456
5905.000000		14283.000000		4731.000000		268435456
11974.000000		27649.000000		30827.000000		268435456
22409.000000		31502.000000		9232.000000		268435456
11210.000000		5137.000000		1482.000000		268435456
30240.000000		17676.000000		26420.000000		268435456
18406.000000		13438.000000		22045.000000		268435456
16574.000000		16719.000000		12658.000000		268435456
12789.000000		2648.000000		19799.000000		268435456
21012.000000		1051.000000		28927.000000		268435456
5723.000000		17250.000000		360.000000		268435456
25268.000000		27811.000000		1424.000000		268435456
5646.000000		5237.000000		1161.000000		268435456
16799.000000		13529.000000		9325.000000		268435456
24542.000000		7473.000000		11188.000000		268435456
11368.000000		26249.000000		156.000000		268435456
8558.000000		22665.000000		29297.000000		268435456
829.000000		8382.000000		22079.000000		268435456
21150.000000		29199.000000		21637.000000		268435456
12149.000000		2459.000000		9339.000000		268435456
22868.000000		26121.000000		19230.000000		268435456
4978.000000		18478.000000		25472.000000		268435456
31978.000000		26298.000000		24207.000000		268435456
4344.000000		16117.000000		27781.000000		268435456
26540.000000		11101.000000		16070.000000		268435456
12104.000000		19197.000000		10208.000000		268435456
23074.000000		7626.000000		25593.000000		268435456
15525.000000		21735.000000		31100.000000		268435456
1825.000000		25020.000000		9784.000000		268435456
32520.000000		22591.000000		24147.000000		268435456
8410.000000		32044.000000		22000.000000		268435456
13866.000000		31454.000000		19913.000000		268435456
15968.000000		2887.000000		30849.000000		268435456
25911.000000		12629.000000		18410.000000		268435456
15952.000000		27612.000000		13167.000000		268435456
9411.000000		3728.000000		5629.000000		268435456
30382.000000		24419.000000		30172.000000		268435456
11731.000000		3124.000000		13553.000000		268435456
11024.000000		994.000000		25420.000000		268435456
29982.000000		9830.000000		14726.000000		268435456
14764.000000		16730.000000		13279.000000		268435456
6607.000000		24823.000000		19529.000000		268435456
1253.000000		29838.000000		32134.000000		268435456
11632.000000		1326.000000		12208.000000		268435456
8808.000000		7477.000000		30435.000000		268435456
715.000000		28327.000000		11526.000000		268435456
6658.000000		4343.000000		4045.000000		268435456
20440.000000		25345.000000		21727.000000		268435456
19879.000000		18131.000000		1204.000000		268435456
4888.000000		841.000000		17995.000000		268435456
20848.000000		18097.000000		10578.000000		268435456
26355.000000		14193.000000		15371.000000		268435456
21874.000000		14157.000000		23673.000000		268435456
19946.000000		21289.000000		357.000000		268435456
7354.000000		30925.000000		14801.000000		268435456
6335.000000		28918.000000		14459.000000		268435456
9182.000000		17550.000000		32741.000000		268435456
25567.000000		27493.000000		6694.000000		268435456
24279.000000		31509.000000		4059.000000		268435456
23476.000000		17818.000000		7109.000000		268435456
10528.000000		12077.000000		14750.000000		268435456
4016.000000		3003.000000		16772.000000		268435456
29783.000000		10632.000000		616.000000		268435456
10784.000000		2275.000000		25605.000000		268435456
16592.000000		8845.000000		3309.000000		268435456
30517.000000		29591.000000		26226.000000		268435456
18641.000000		22548.000000		4507.000000		268435456
20419.000000		13056.000000		22108.000000		268435456
21115.000000		823.000000		15015.000000		268435456
19614.000000		28247.000000		16637.000000		268435456
9611.000000		5778.000000		2775.000000		268435456
11691.000000		1335.000000		16812.000000		268435456
31087.000000		10103.000000		1882.000000		268435456
11247.000000		10977.000000		31657.000000		268435456
9579.000000		1286.000000		31747.000000		268435456
4176.000000		30606.000000		26001.000000		268435456
16322.000000		22068.000000		11963.000000		268435456
28861.000000		10855.000000		5901.000000		268435456
31261.000000		13335.000000		537.000000		268435456
29682.000000		23480.000000		14754.000000		268435456
14499.000000		10260.000000		12367.000000		268435456
38.000000		21112.000000		25516.000000		268435456
28293.000000		19916.000000		16116.000000		268435456
21298.000000		24898.000000		4328.000000		268435456
1509.000000		9936.000000		24920.000000		268435456
17174.000000		28234.000000		11798.000000		268435456
21095.000000		648.000000		603.000000		268435456
23535.000000		26366.000000		21918.000000		268435456
5321.000000		18132.000000		28674.000000		268435456
19639.000000		11078.000000		31039.000000		268435456
15188.000000		30280.000000		29256.000000		268435456
9827.000000		17838.000000		22827.000000		268435456
7690.000000		5914.000000		17358.000000		268435456
26937.000000		23764.000000		25375.000000		268435456
18135.000000		10778.000000		15997.000000		268435456
19069.000000		32756.000000		29788.000000		268435456
13614.000000		17223.000000		26430.000000		268435456
4291.000000		4968.000000		3978.000000		268435456
18912.000000		7648.000000		11081.000000		268435456
28544.000000		888.000000		29669.000000		268435456
29451.000000		17414.000000		26305.000000		268435456
31416.000000		21197.000000		13648.000000		268435456
6512.000000		9798.000000		32662.000000		268435456
12764.000000		26459.000000		3354.000000		268435456
1943.000000		22948.000000		20704.000000		268435456
19758.000000		29616.000000		10648.000000		268435456
22661.000000		13057.000000		8758.000000		268435456
31563.000000		21468.000000		22249.000000		268435456
16116.000000		11501.000000		17322.000000		268435456
9387.000000		31855.000000		1401.000000		268435456
30535.000000		329.000000		29295.000000		268435456
10543.000000		32584.000000		795.000000		268435456
17850.000000		12869.000000		13148.000000		268435456
28705.000000		32035.000000		16858.000000		268435456
20340.000000		30360.000000		10179.000000		268435456
7467.000000		27687.000000		21451.000000		268435456
14471.000000		11017.000000		22100.000000		268435456
23852.000000		15083.000000		25995.000000		268435456
2569.000000		8099.000000		17668.000000		268435456
5120.000000		21667.000000		2342.000000		268435456
19140.000000		24871.000000		25143.000000		268435456
20618.000000		13946.000000		8611.000000		268435456
14897.000000		3993.000000		27288.000000		268435456
24233.000000		28475.000000		17252.000000		268435456
4281.000000		30972.000000		1633.000000		268435456
9947.000000		23010.000000		30747.000000		268435456
22898.000000		7066.000000		5128.000000		268435456
22968.000000		30889.000000		5382.000000		268435456
14547.000000		30061.000000		20364.000000		268435456
14745.000000		22946.000000		18603.000000		268435456
4373.000000		11898.000000		3279.000000		268435456
16115.000000		12048.000000		16721.000000		268435456
16436.000000		19016.000000		24772.000000		268435456
25689.000000		5358.000000		24548.000000		268435456
31957.000000		12471.000000		10336.000000		268435456
11562.000000		10857.000000		25354.000000		268435456
28283.000000		6364.000000		11658.000000		268435456
1603.000000		317.000000		25742.000000		268435456
21196.000000		16567.000000		2424.000000		268435456
602.000000		15919.000000		30578.000000		268435456
9429.000000		29398.000000		8518.000000		268435456
15310.000000		27928.000000		16195.000000		268435456
7321.000000		14149.000000		1190.000000		268435456
25607.000000		20553.000000		2436.000000		268435456
19524.000000		16222.000000		24562.000000		268435456
19648.000000		9761.000000		22604.000000		268435456
28117.000000		13389.000000		27159.000000		268435456
4566.000000		20791.000000		31085.000000		268435456
28462.000000		7793.000000		3076.000000		268435456
2662.000000		20066.000000		18363.000000		268435456
17336.000000		12247.000000		17062.000000		268435456
24169.000000		16767.000000		7243.000000		268435456
18984.000000		26240.000000		15771.000000		268435456
6671.000000		27863.000000		21449.000000		268435456
31239.000000		19265.000000		19491.000000		268435456
27262.000000		28762.000000		12330.000000		268435456
24579.000000		6218.000000		5869.000000		268435456
26574.000000		1341.000000		22897.000000		268435456
320.000000		24256.000000		16610.000000		268435456
32330.000000		24474.000000		24635.000000		268435456
23831.000000		25846.000000		8688.000000		268435456
15727.000000		17179.000000		31564.000000		268435456
16904.000000		32537.000000		13958.000000		268435456
7443.000000		30943.000000		21846.000000		268435456
21967.000000		8820.000000		25415.000000		268435456
14777.000000		1041.000000		12974.000000		268435456
22996.000000		30619.000000		8207.000000		268435456
12044.000000		32761.000000		3762.000000		268435456
11381.000000		18965.000000		20079.000000		268435456
9190.000000		19809.000000		7938.000000		268435456
7382.000000		29791.000000		16161.000000		268435456
23925.000000		28319.000000		32483.000000		268435456
10815.000000		23911.000000		1833.000000		268435456
22367.000000		30906.000000		12130.000000		268435456
2346.000000		22723.000000		4247.000000		268435456
31985.000000		9553.000000		10515.000000		268435456
6040.000000		19798.000000		7210.000000		268435456
17339.000000		9292.000000		634.000000		268435456
5953.000000		32292.000000		72.000000		268435456
8746.000000		7562.000000		14980.000000		268435456
24499.000000		16255.000000		9984.000000		268435456
15610.000000		12808.000000		6302.000000		268435456
5005.000000		22234.000000		28695.000000		268435456
15522.000000		2346.000000		23622.000000		268435456
2893.000000		19927.000000		32071.000000		268435456
6142.000000		25142.000000		13353.000000		268435456
28013.000000		12664.000000		24128.000000		268435456
21468.000000		2850.000000		14644.000000		268435456
7874.000000		7293.000000		24333.000000		268435456
20298.000000		21820.000000		1048.000000		268435456
10074.000000		6213.000000		14049.000000		268435456
17067.000000		30048.000000		29747.000000		268435456
10066.000000		25051.000000		20097.000000		268435456
11261.000000		173.000000		29926.000000		268435456
21586.000000		2293.000000		7366.000000		268435456
3289.000000		14332.000000		2734.000000		268435456
948.000000		15619.000000		31971.000000		268435456
12048.000000		25488.000000		17321.000000		268435456
20101.000000		171.000000		13689.000000		268435456
11003.000000		28068.000000		24396.000000		268435456
13275.000000		30279.000000		30887.000000		268435456
14030.000000		1521.000000		12141.000000		268435456
4926.000000		6195.000000		17545.000000		268435456
26771.000000		12613.000000		26868.000000		268435456
15368.000000		1561.000000		2283.000000		268435456
7316.000000		4013.000000		25807.000000		268435456
28691.000000		11387.000000		8730.000000		268435456
12390.000000		10490.000000		16898.000000		268435456
26384.000000		32293.000000		25114.000000		268435456
18123.000000		634.000000		32733.000000		268435456
27983.000000		20307.000000		22701.000000		268435456
25375.000000		29241.000000		5066.000000		268435456
29678.000000		12460.000000		8161.000000		268435456
27426.000000		25396.000000		16429.000000		268435456
8607.000000		31846.000000		30256.000000		268435456
5157.000000		23355.000000		6733.000000		268435456
31371.000000		12835.000000		12370.000000		268435456
32015.000000		24175.000000		19260.000000		268435456
23291.000000		20087.000000		23624.000000		268435456
18616.000000		5547.000000		15417.000000		268435456
5068.000000		4364.000000		7254.000000		268435456
1159.000000		13369.000000		6409.000000		268435456
18647.000000		12511.000000		7133.000000		268435456
5458.000000		20114.000000		29479.000000		268435456
4316.000000		24595.000000		22872.000000		268435456
22779.000000		30510.000000		26352.000000		268435456
5003.000000		18758.000000		10215.000000		268435456
13628.000000		22402.000000		15.000000		268435456
19899.000000		28268.000000		4142.000000		268435456
31894.000000		27329.000000		19659.000000		268435456
3326.000000		5536.000000		27511.000000		268435456
30831.000000		19713.000000		10255.000000		268435456
27399.000000		19051.000000		1355.000000		268435456
5045.000000		3272.000000		20550.000000		268435456
26265.000000		31338.000000		3848.000000		268435456
9132.000000		26168.000000		30044.000000		268435456
31497.000000		27236.000000		3618.000000		268435456
13479.000000		5705.000000		4738.000000		268435456
6251.000000		15654.000000		30982.000000		268435456
7902.000000		23003.000000		14472.000000		268435456
28162.000000		6084.000000		16349.000000		268435456
2982.000000		32644.000000		29677.000000		268435456
26007.000000		10003.000000		21919.000000		268435456
3502.000000		1115.000000		17909.000000		268435456
18870.000000		30832.000000		17214.000000		268435456
3860.000000		21312.000000		19040.000000		268435456
10758.000000		19505.000000		12745.000000		268435456
11880.000000		15178.000000		11161.000000		268435456
30777.000000		21085.000000		31188.000000		268435456
16378.000000		23897.000000		1402.000000		268435456
23882.000000		12916.000000		30099.000000		268435456
6925.000000		31246.000000		23283.000000		268435456
14842.000000		25968.000000		24674.000000		268435456
12989.000000		138.000000		23867.000000		268435456
30416.000000		21831.000000		18864.000000		268435456
18616.000000		21449.000000		845.000000		268435456
1805.000000		30615.000000		23180.000000		268435456
23585.000000		16247.000000		26339.000000		268435456
8009.000000		16708.000000		13376.000000		268435456
24885.000000		22150.000000		6195.000000		268435456
27579.000000		28456.000000		21443.000000		268435456
24195.000000		17661.000000		11276.000000		268435456
23385.000000		17456.000000		30945.000000		268435456
21215.000000		19368.000000		16435.000000		268435456
11343.000000		6009.000000		24945.000000		268435456
21330.000000		30653.000000		8198.000000		268435456
7041.000000		27964.000000		2037.000000		268435456
12985.000000		400.000000		10197.000000		268435456
15385.000000		27583.000000		21096.000000		268435456
19663.000000		25829.000000		3954.000000		268435456
23882.000000		22906.000000		2357.000000		268435456
19664.000000		2701.000000		29917.000000		268435456
21447.000000		1067.000000		22408.000000		268435456
3077.000000		3649.000000		26145.000000		268435456
18866.000000		2205.000000		19830.000000		268435456
32463.000000		7432.000000		21951.000000		268435456
13029.000000		322.000000		12719.000000		268435456
9994.000000		26498.000000		26414.000000		268435456
31963.000000		13813.000000		13242.000000		268435456
14563.000000		239.000000		26978.000000		268435456
22705.000000		4476.000000		4326.000000		268435456
7031.000000		3790.000000		13146.000000		268435456
25329.000000		29097.000000		19833.000000		268435456
16593.000000		13921.000000		31513.000000		268435456
16419.000000		27936.000000		4296.000000		268435456
2340.000000		3207.000000		14759.000000		268435456
22107.000000		30261.000000		20016.000000		268435456
4948.000000		16795.000000		20190.000000		268435456
27452.000000		25695.000000		32309.000000		268435456
4392.000000		9823.000000		28215.000000		268435456
27430.000000		30247.000000		4651.000000		268435456
32700.000000		18466.000000		31185.000000		268435456
18830.000000		23470.000000		21047.000000		268435456
5392.000000		4508.000000		25445.000000		268435456
5038.000000		24085.000000		18574.000000		268435456
22979.000000		27442.000000		752.000000		268435456
17931.000000		21096.000000		3636.000000		268435456
21085.000000		4263.000000		8484.000000		268435456
2701.000000		18145.000000		3242.000000		268435456
23986.000000		2917.000000		18454.000000		268435456
2066.000000		20387.000000		25940.000000		268435456
5699.000000		18395.000000		22168.000000		268435456
11720.000000		5168.000000		31357.000000		268435456
8884.000000		24999.000000		25401.000000		268435456
13239.000000		20817.000000		24373.000000		268435456
1440.000000		21899.000000		16882.000000		268435456
14135.000000		31528.000000		2698.000000		268435456
14201.000000		6489.000000		3039.000000		268435456
13649.000000		6555.000000		24525.000000		268435456
13627.000000		31060.000000		27280.000000		268435456
32309.000000		28008.000000		16602.000000		268435456
17679.000000		22467.000000		12513.000000		268435456
25673.000000		30329.000000		16542.000000		268435456
3646.000000		22180.000000		2389.000000		268435456
11912.000000		9292.000000		31570.000000		268435456
21500.000000		23743.000000		18019.000000		268435456
2337.000000		24469.000000		26400.000000		268435456
15092.000000		7818.000000		15172.000000		268435456
8338.000000		18530.000000		27447.000000		268435456
3999.000000		10402.000000		1043.000000		268435456
4802.000000		1634.000000		1131.000000		268435456
6086.000000		11456.000000		23139.000000		268435456
16057.000000		28967.000000		1534.000000		268435456
9160.000000		21358.000000		4000.000000		268435456
1802.000000		13431.000000		27172.000000		268435456
25715.000000		25589.000000		6350.000000		268435456
9235.000000		30982.000000		31064.000000		268435456
4245.000000		309.000000		20349.000000		268435456
31381.000000		5168.000000		8361.000000		268435456
12686.000000		21855.000000		14873.000000		268435456
24662.000000		24977.000000		28285.000000		268435456
4238.000000		8144.000000		25047.000000		268435456
7114.000000		16263.000000		10879.000000		268435456
17981.000000		32641.000000		1771.000000		268435456
3326.000000		17409.000000		10423.000000		268435456
27907.000000		22977.000000		29652.000000		268435456
7465.000000		12591.000000		8443.000000		268435456
31280.000000		12344.000000		22232.000000		268435456
8126.000000		2539.000000		19250.000000		268435456
23717.000000		27236.000000		29965.000000		268435456
2771.000000		29682.000000		5679.000000		268435456
16351.000000		22028.000000		19582.000000		268435456
9772.000000		27204.000000		20994.000000		268435456
18531.000000		16221.000000		25420.000000		268435456
22362.000000		11340.000000		26646.000000		268435456
23303.000000		19636.000000		8162.000000		268435456
22184.000000		26263.000000		2677.000000		268435456
4743.000000		4925.000000		10889.000000		268435456
11210.000000		22599.000000		28931.000000		268435456
32614.000000		28906.000000		4875.000000		268435456
8845.000000		17540.000000		5787.000000		268435456
15376.000000		28022.000000		21794.000000		268435456
18167.000000		24984.000000		16711.000000		268435456
21428.000000		1904.000000		27872.000000		268435456
13722.000000		16252.000000		18450.000000		268435456
1105.000000		13184.000000		2138.000000		268435456
30728.000000		24058.000000		20001.000000		268435456
5349.000000		17250.000000		5694.000000		268435456
3746.000000		28346.000000		24085.000000		268435456
24266.000000		14156.000000		2325.000000		268435456
67.000000		6603.000000		16874.000000		268435456
21918.000000		30653.000000		13661.000000		268435456
7538.000000		7045.000000		29383.000000		268435456
23366.000000		28392.000000		17616.000000		268435456
26651.000000		18660.000000		22912.000000		268435456
5620.000000		16432.000000		25444.000000		268435456
4611.000000		931.000000		9147.000000		268435456
23605.000000		16755.000000		6886.000000		268435456
4983.000000		31164.000000		31474.000000		268435456
12139.000000		11553.000000		22602.000000		268435456
18656.000000		17440.000000		16839.000000		268435456
14155.000000		5444.000000		25089.000000		268435456
8515.000000		9920.000000		29037.000000		268435456
20781.000000		16131.000000		10479.000000		268435456
217.000000		26688.000000		5131.000000		268435456
7256.000000		2901.000000		26077.000000		268435456
25148.000000		492.000000		31334.000000		268435456
2186.000000		15574.000000		29562.000000		268435456
17896.000000		22721.000000		31292.000000		268435456
24170.000000		5109.000000		22851.000000		268435456
29431.000000		22189.000000		4104.000000		268435456
4528.000000		12798.000000		5620.000000		268435456
15714.000000		10069.000000		31284.000000		268435456
31520.000000		18605.000000		30789.000000		268435456
17715.000000		7674.000000		7392.000000		268435456
27819.000000		8008.000000		19237.000000		268435456
16226.000000		29278.000000		1214.000000		268435456
31825.000000		14194.000000		22198.000000		268435456
9312.000000		8368.000000		1222.000000		268435456
29343.000000		11065.000000		18862.000000		268435456
26994.000000		23787.000000		32158.000000		268435456
4061.000000		2828.000000		5869.000000		268435456
367.000000		17454.000000		12046.000000		268435456
26435.000000		23961.000000		16743.000000		268435456
5755.000000		22259.000000		21215.000000		268435456
29137.000000		15558.000000		1210.000000		268435456
4571.000000		23857.000000		32239.000000		268435456
17056.000000		12863.000000		21242.000000		268435456
26607.000000		12752.000000		12129.000000		268435456
1217.000000		15190.000000		20647.000000		268435456
3575.000000		9457.000000		24371.000000		268435456
12043.000000		3870.000000		24000.000000		268435456
19508.000000		15614.000000		5282.000000		268435456
13410.000000		13070.000000		26482.000000		268435456
6777.000000		11388.000000		25119.000000		268435456
30559.000000		27024.000000		16347.000000		268435456
11858.000000		26388.000000		26571.000000		268435456
32358.000000		25412.000000		8651.000000		268435456
10567.000000		27217.000000		32421.000000		268435456
24959.000000		9954.000000		25748.000000		268435456
15072.000000		7938.000000		15869.000000		268435456
15772.000000		11518.000000		18506.000000		268435456
23936.000000		15936.000000		31175.000000		268435456
12555.000000		1055.000000		15606.000000		268435456
26155.000000		29068.000000		29660.000000		268435456
4935.000000		18145.000000		10163.000000		268435456
16077.000000		1920.000000		4942.000000		268435456
20065.000000		4384.000000		32427.000000		268435456
8104.000000		7942.000000		23644.000000		268435456
2749.000000		16987.000000		12652.000000		268435456
18409.000000		10513.000000		26796.000000		268435456
19927.000000		2771.000000		17685.000000		268435456
24220.000000		9552.000000		4811.000000		268435456
21316.000000		19983.000000		25662.000000		268435456
7279.000000		6228.000000		14637.000000		268435456
21302.000000		8395.000000		28848.000000		268435456
29705.000000		31252.000000		15391.000000		268435456
11304.000000		24960.000000		31051.000000		268435456
29154.000000		20967.000000		30565.000000		268435456
3449.000000		29192.000000		24742.000000		268435456
19931.000000		28991.000000		17281.000000		268435456
24352.000000		15873.000000		4431.000000		268435456
30722.000000		20678.000000		21461.000000		268435456
18118.000000		19719.000000		25267.000000		268435456
5970.000000		3005.000000		24089.000000		268435456
25826.000000		28892.000000		24090.000000		268435456
19532.000000		25503.000000		11486.000000		268435456
17580.000000		32525.000000		30011.000000		268435456
25266.000000		10872.000000		25114.000000		268435456
4100.000000		17089.000000		1101.000000		268435456
17618.000000		31860.000000		4075.000000		268435456
29855.000000		16047.000000		14249.000000		268435456
18473.000000		24978.000000		15633.000000		268435456
23061.000000		16496.000000		12628.000000		268435456
7741.000000		22135.000000		14297.000000		268435456
8368.000000		32165.000000		9482.000000		268435456
9728.000000		26592.000000		5482.000000		268435456
12028.000000		18601.000000		8611.000000		268435456
22815.000000		3617.000000		13482.000000		268435456
10384.000000		11728.000000		29929.000000		268435456
28165.000000		24234.000000		25410.000000		268435456
21136.000000		19284.000000		4916.000000		268435456
21117.000000		1940.000000		10346.000000		268435456
31431.000000		17800.000000		15980.000000		268435456
11319.000000		28065.000000		3188.000000		268435456
15479.000000		9708.000000		24640.000000		268435456
25499.000000		16179.000000		17760.000000		268435456
18992.000000		3882.000000		14767.000000		268435456
12978.000000		28449.000000		20445.000000		268435456
1603.000000		18737.000000		15932.000000		268435456
5386.000000		24702.000000		31096.000000		268435456
15287.000000		4065.000000		15200.000000		268435456
5853.000000		10407.000000		3058.000000		268435456
18377.000000		5133.000000		23830.000000		268435456
12528.000000		16178.000000		29424.000000		268435456
2134.000000		4532.000000		18075.000000		268435456
27603.000000		19348.000000		11396.000000		268435456
32196.000000		4037.000000		25264.000000		268435456
16534.000000		3744.000000		27201.000000		268435456
20301.000000		7376.000000		20743.000000		268435456
26126.000000		14884.000000		19410.000000		268435456
22187.000000		31076.000000		32413.000000		268435456
16694.000000		29517.000000		23888.000000		268435456
5280.000000		27670.000000		5425.000000		268435456
21593.000000		19624.000000		21199.000000		268435456
463.000000		17508.000000		4634.000000		268435456
7173.000000		19147.000000		10197.000000		268435456
10198.000000		10472.000000		3879.000000		268435456
6647.000000		4875.000000		9397.000000		268435456
23736.000000		670.000000		10319.000000		268435456
11647.000000		17878.000000		9483.000000		268435456
28399.000000		31279.000000		32600.000000		268435456
5647.000000		20099.000000		8650.000000		268435456
6848.000000		23924.000000		15046.000000		268435456
26610.000000		12466.000000		18072.000000		268435456
20901.000000		12976.000000		4011.000000		268435456
9307.000000		8086.000000		3440.000000		268435456
17135.000000		3131.000000		32299.000000		268435456
23885.000000		1475.000000		19646.000000		268435456
16615.000000		10895.000000		30429.000000		268435456
8977.000000		9296.000000		9074.000000		268435456
8217.000000		29678.000000		13125.000000		268435456
15402.000000		9837.000000		3010.000000		268435456
5778.000000		4131.000000		13855.000000		268435456
10768.000000		706.000000		26765.000000		268435456
32565.000000		23568.000000		14389.000000		268435456
3096.000000		22062.000000		27293.000000		268435456
18802.000000		15356.000000		19695.000000		268435456
24398.000000		7101.000000		573.000000		268435456
22528.000000		25826.000000		21997.000000		268435456
13613.000000		21496.000000		1761.000000		268435456
12664.000000		21554.000000		32566.000000		268435456
5248.000000		25040.000000		8649.000000		268435456
15314.000000		10949.000000		1522.000000		268435456
7883.000000		11731.000000		10733.000000		268435456
22587.000000		19184.000000		2467.000000		268435456
6667.000000		4222.000000		20113.000000		268435456
9920.000000		17137.000000		11349.000000		268435456
29106.000000		10931.000000		31571.000000		268435456
4532.000000		1087.000000		24646.000000		268435456
29482.000000		16324.000000		7062.000000		268435456
3826.000000		32087.000000		494.000000		268435456
18758.000000		26263.000000		7305.000000		268435456
22837.000000		12054.000000		21360.000000		268435456
22368.000000		4042.000000		5194.000000		268435456
20037.000000		6099.000000		10970.000000		268435456
24609.000000		31970.000000		6607.000000		268435456
11947.000000		7586.000000		14025.000000		268435456
11552.000000		26855.000000		27800.000000		268435456
16932.000000		20117.000000		13624.000000		268435456
988.000000		23805.000000		23647.000000		268435456
28692.000000		10450.000000		26289.000000		268435456
27067.000000		3035.000000		16438.000000		268435456
15778.000000		30161.000000		31775.000000		268435456
23577.000000		9517.000000		2523.000000		268435456
27458.000000		27430.000000		18396.000000		268435456
649.000000		28231.000000		27946.000000		268435456
10716.000000		2212.000000		10978.000000		268435456
20692.000000		8113.000000		31987.000000		268435456
9169.000000		24249.000000		7464.000000		268435456
23387.000000		8047.000000		21914.000000		268435456
28813.000000		22857.000000		23687.000000		268435456
7146.000000		15903.000000		17237.000000		268435456
2406.000000		10891.000000		20417.000000		268435456
24095.000000		12596.000000		5337.000000		268435456
3314.000000		20093.000000		4996.000000		268435456
20969.000000		12031.000000		19673.000000		268435456
6697.000000		11026.000000		1399.000000		268435456
10196.000000		24907.000000		29613.000000		268435456
24288.000000		23087.000000		1467.000000		268435456
28186.000000		27048.000000		14316.000000		268435456
11652.000000		516.000000		8543.000000		268435456
30384.000000		32451.000000		10213.000000		268435456
7203.000000		5484.000000		30904.000000		268435456
11724.000000		19547.000000		26428.000000		268435456
25372.000000		14686.000000		2728.000000		268435456
17808.000000		18357.000000		11034.000000		268435456
31768.000000		11657.000000		10793.000000		268435456
18146.000000		10397.000000		19622.000000		268435456
29200.000000		17847.000000		21950.000000		268435456
16543.000000		15180.000000		13509.000000		268435456
31117.000000		3729.000000		157.000000		268435456
17823.000000		23001.000000		5468.000000		268435456
21616.000000		29643.000000		11172.000000		268435456
32585.000000		7160.000000		9089.000000		268435456
18135.000000		30449.000000		128.000000		268435456
7600.000000		16949.000000		9050.000000		268435456
2816.000000		3394.000000		2958.000000		268435456
12130.000000		7662.000000		24993.000000		268435456
20533.000000		24673.000000		16726.000000		268435456
14970.000000		18868.000000		10.000000		268435456
29997.000000		16577.000000		17085.000000		268435456
7570.000000		32227.000000		4341.000000		268435456
26724.000000		27157.000000		24375.000000		268435456
6821.000000		15244.000000		13365.000000		268435456
31055.000000		6451.000000		13983.000000		268435456
18180.000000		31752.000000		2520.000000		268435456
31619.000000		12324.000000		9355.000000		268435456
17128.000000		7625.000000		12588.000000		268435456
31009.000000		4183.000000		23847.000000		268435456
24654.000000		30536.000000		31101.000000		268435456
25640.000000		15415.000000		26630.000000		268435456
5142.000000		24354.000000		14135.000000		268435456
20093.000000		2189.000000		32617.000000		268435456
32162.000000		9408.000000		11130.000000		268435456
16066.000000		31606.000000		23269.000000		268435456
20585.000000		30490.000000		25917.000000		268435456
19547.000000		14813.000000		8824.000000		268435456
18485.000000		8062.000000		19092.000000		268435456
22321.000000		26031.000000		17257.000000		268435456
23565.000000		21595.000000		23989.000000		268435456
11.000000		24136.000000		12931.000000		268435456
27887.000000		19582.000000		9421.000000		268435456
3235.000000		16840.000000		24467.000000		268435456
1263.000000		13646.000000		11468.000000		268435456
11954.000000		10578.000000		19502.000000		268435456
12372.000000		20193.000000		16043.000000		268435456
18352.000000		13158.000000		27682.000000		268435456
24007.000000		18174.000000		23511.000000		268435456
19202.000000		22223.000000		16430.000000		268435456
21426.000000		2159.000000		16842.000000		268435456
24248.000000		32222.000000		3018.000000		268435456
30819.000000		9774.000000		24058.000000		268435456
24381.000000		23788.000000		11559.000000		268435456
14220.000000		25167.000000		4772.000000		268435456
1149.000000		10331.000000		2741.000000		268435456
2869.000000		7864.000000		16921.000000		268435456
10091.000000		3457.000000		19401.000000		268435456
26437.000000		23044.000000		6558.000000		268435456
7420.000000		28496.000000		14911.000000		268435456
19999.000000		17704.000000		22015.000000		268435456
22490.000000		12950.000000		18728.000000		268435456
31248.000000		3755.000000		2903.000000		268435456
5263.000000		12064.000000		24812.000000		268435456
6782.000000		18072.000000		9932.000000		268435456
19415.000000		29235.000000		19292.000000		268435456
29975.000000		19059.000000		15404.000000		268435456
5448.000000		13323.000000		31405.000000		268435456
6772.000000		2765.000000		2724.000000		268435456
6314.000000		1387.000000		31833.000000		268435456
6889.000000		17500.000000		19215.000000		268435456
13959.000000		7004.000000		17747.000000		268435456
4985.000000		1171.000000		8084.000000		268435456
16598.000000		3754.000000		14096.000000		268435456
21545.000000		5683.000000		12168.000000		268435456
733.000000		12752.000000		21843.000000		268435456
6180.000000		19541.000000		27591.000000		268435456
913.000000		6974.000000		12998.000000		268435456
7540.000000		8908.000000		30475.000000		268435456
28708.000000		31561.000000		11963.000000		268435456
11574.000000		24831.000000		2794.000000		268435456
1153.000000		7204.000000		18611.000000		268435456
9874.000000		26754.000000		15740.000000		268435456
9695.000000		20403.000000		7796.000000		268435456
11751.000000		11032.000000		5340.000000		268435456
18361.000000		25108.000000		12254.000000		268435456
3808.000000		31724.000000		11520.000000		268435456
11726.000000		14645.000000		20410.000000		268435456
31604.000000		7706.000000		10650.000000		268435456
15859.000000		26831.000000		19255.000000		268435456
27388.000000		9952.000000		4357.000000		268435456
27349.000000		32667.000000		23000.000000		268435456
17384.000000		5140.000000		20073.000000		268435456
23822.000000		32166.000000		26101.000000		268435456
32690.000000		26541.000000		18579.000000		268435456
29198.000000		3330.000000		16935.000000		268435456
27689.000000		16259.000000		2116.000000		268435456
201.000000		3405.000000		31281.000000		268435456
24103.000000		19604.000000		9172.000000		268435456
8748.000000		6086.000000		11848.000000		268435456
26950.000000		20332.000000		24455.000000		268435456
4033.000000		9442.000000		24003.000000		268435456
19779.000000		26502.000000		30946.000000		268435456
5394.000000		15784.000000		17056.000000		268435456
5376.000000		8637.000000		14556.000000		268435456
8360.000000		29240.000000		29020.000000		268435456
11363.000000		22052.000000		31696.000000		268435456
18356.000000		31811.000000		26900.000000		268435456
18838.000000		8165.000000		12134.000000		268435456
7111.000000		20329.000000		11748.000000		268435456
15167.000000		6643.000000		9722.000000		268435456
5164.000000		12977.000000		31749.000000		268435456
20692.000000		8625.000000		23596.000000		268435456
5302.000000		9626.000000		11286.000000		268435456
29465.000000		15583.000000		14480.000000		268435456
23071.000000		6264.000000		4494.000000		268435456
29277.000000		29289.000000		14023.000000		268435456
22617.000000		13072.000000		601.000000		268435456
23846.000000		32242.000000		9824.000000		268435456
29010.000000		21946.000000		25340.000000		268435456
11576.000000		21547.000000		31567.000000		268435456
27421.000000		115.000000		5344.000000		268435456
4673.000000		597.000000		28900.000000		268435456
17031.000000		10396.000000		3214.000000		268435456
26777.000000		7558.000000		16770.000000		268435456
29556.000000		4448.000000		13316.000000		268435456
20429.000000		18054.000000		17547.000000		268435456
8861.000000		17398.000000		8557.000000		268435456
10225.000000		19802.000000		12598.000000		268435456
19597.000000		7221.000000		9440.000000		268435456
19946.000000		19419.000000		24651.000000		268435456
19431.000000		21308.000000		20462.000000		268435456
3639.000000		12526.000000		0.000000		268435456
15704.000000		21784.000000		28717.000000		268435456
17116.000000		15926.000000		5222.000000		268435456
4556.000000		20396.000000		4614.000000		268435456
15480.000000		30802.000000		9252.000000		268435456
4025.000000		6217.000000		4960.000000		268435456
16311.000000		3593.000000		25723.000000		268435456
10911.000000		4792.000000		9741.000000		268435456
22428.000000		21751.000000		26816.000000		268435456
1035.000000		32681.000000		28674.000000		268435456
21071.000000		14989.000000		6352.000000		268435456
11200.000000		20918.000000		19383.000000		268435456
16762.000000		32396.000000		20276.000000		268435456
23767.000000		12169.000000		5454.000000		268435456
6239.000000		18494.000000		19166.000000		268435456
5107.000000		28357.000000		335.000000		268435456
20767.000000		14874.000000		27092.000000		268435456
32469.000000		26295.000000		16400.000000		268435456
12279.000000		8090.000000		14622.000000		268435456
32767.000000		19202.000000		15669.000000		268435456
5722.000000		16226.000000		7120.000000		268435456
24867.000000		7622.000000		11452.000000		268435456
12586.000000		20505.000000		28178.000000		268435456
25994.000000		1515.000000		24473.000000		268435456
29835.000000		6262.000000		27234.000000		268435456
18884.000000		16796.000000		6093.000000		268435456
7416.000000		29551.000000		1685.000000		268435456
28723.000000		22035.000000		22648.000000		268435456
8364.000000		22422.000000		19258.000000		268435456
4698.000000		21826.000000		2144.000000		268435456
28025.000000		11520.000000		9063.000000		268435456
23793.000000		26375.000000		15831.000000		268435456
20127.000000		16204.000000		7206.000000		268435456
28967.000000		1766.000000		16656.000000		268435456
13131.000000		419.000000		20979.000000		268435456
28587.000000		26751.000000		20031.000000		268435456
6586.000000		14538.000000		12293.000000		268435456
577.000000		1076.000000		29459.000000		268435456
27709.000000		923.000000		30818.000000		268435456
24343.000000		15048.000000		7032.000000		268435456
29840.000000		13442.000000		7405.000000		268435456
3349.000000		6615.000000		3989.000000		268435456
32571.000000		3794.000000		4325.000000		268435456
21207.000000		25712.000000		22921.000000		268435456
11265.000000		20743.000000		14234.000000		268435456
16926.000000		27209.000000		21332.000000		268435456
2428.000000		4439.000000		16446.000000		268435456
20433.000000		15667.000000		3566.000000		268435456
18819.000000		25635.000000		26650.000000		268435456
27877.000000		18402.000000		26748.000000		268435456
26858.000000		7194.000000		5008.000000		268435456
11982.000000		31270.000000		6939.000000		268435456
24754.000000		16952.000000		17334.000000		268435456
22075.000000		32287.000000		15045.000000		268435456
12241.000000		14310.000000		29032.000000		268435456
31061.000000		1825.000000		25649.000000		268435456
5142.000000		24539.000000		6178.000000		268435456
21173.000000		5682.000000		22985.000000		268435456
28108.000000		15006.000000		2571.000000		268435456
18633.000000		22897.000000		1279.000000		268435456
23859.000000		10670.000000		21480.000000		268435456
14697.000000		25291.000000		1450.000000		268435456
31211.000000		6331.000000		21248.000000		268435456
961.000000		10174.000000		23099.000000		268435456
25558.000000		11901.000000		30737.000000		268435456
16102.000000		24357.000000		16868.000000		268435456
10792.000000		28421.000000		23008.000000		268435456
5543.000000		13113.000000		22017.000000		268435456
28829.000000		30620.000000		32534.000000		268435456
28792.000000		11602.000000		2670.000000		268435456
9227.000000		16528.000000		31325.000000		268435456
31892.000000		3594.000000		23692.000000		268435456
18120.000000		11135.000000		25861.000000		268435456
19357.000000		16330.000000		1816.000000		268435456
12956.000000		9466.000000		17297.000000		268435456
18793.000000		2808.000000		9522.000000		268435456
28990.000000		22170.000000		15607.000000		268435456
11713.000000		31282.000000		22816.000000		268435456
19849.000000		25314.000000		6280.000000		268435456
28209.000000		16986.000000		23461.000000		268435456
20194.000000		30331.000000		32689.000000		268435456
6209.000000		21865.000000		24341.000000		268435456
15768.000000		12971.000000		22543.000000		268435456
30390.000000		22589.000000		32104.000000		268435456
27160.000000		8997.000000		32664.000000		268435456
1183.000000		21208.000000		2800.000000		268435456
2638.000000		9586.000000		6078.000000		268435456
1889.000000		28629.000000		12174.000000		268435456
26513.000000		29358.000000		11737.000000		268435456
17665.000000		19194.000000		9840.000000		268435456
7391.000000		27725.000000		15939.000000		268435456
15958.000000		30761.000000		2234.000000		268435456
6238.000000		29467.000000		7385.000000		268435456
11504.000000		25385.000000		8629.000000		268435456
17497.000000		31684.000000		2288.000000		268435456
21200.000000		15865.000000		2899.000000		268435456
31539.000000		22138.000000		27610.000000		268435456
32333.000000		13994.000000		18464.000000		268435456
1804.000000		18324.000000		18567.000000		268435456
3769.000000		28403.000000		19462.000000		268435456
14587.000000		11585.000000		2031.000000		268435456
22166.000000		32507.000000		30569.000000		268435456
27963.000000		4770.000000		24900.000000		268435456
32397.000000		31254.000000		129.000000		268435456
26781.000000		19174.000000		28193.000000		268435456
6235.000000		18268.000000		13569.000000		268435456
12553.000000		3901.000000		23083.000000		268435456
29551.000000		31077.000000		29292.000000		268435456
9740.000000		12479.000000		23266.000000		268435456
3322.000000		30619.000000		15785.000000		268435456
32669.000000		19352.000000		1939.000000		268435456
13196.000000		4304.000000		4779.000000		268435456
18580.000000		6939.000000		4785.000000		268435456
15010.000000		16932.000000		27474.000000		268435456
14231.000000		9862.000000		7411.000000		268435456
29872.000000		28255.000000		10450.000000		268435456
17507.000000		3232.000000		12302.000000		268435456
10886.000000		16711.000000		3384.000000		268435456
20663.000000		18551.000000		12779.000000		268435456
32037.000000		22432.000000		23273.000000		268435456
854.000000		29670.000000		8864.000000		268435456
7007.000000		20427.000000		3641.000000		268435456
22731.000000		23730.000000		1686.000000		268435456
1747.000000		28754.000000		2401.000000		268435456
16645.000000		18260.000000		19364.000000		268435456
23592.000000		26804.000000		1402.000000		268435456
12761.000000		1748.000000		4877.000000		268435456
16533.000000		9809.000000		15189.000000		268435456
13840.000000		13115.000000		25496.000000		268435456
19221.000000		6736.000000		3388.000000		268435456
32141.000000		20616.000000		11838.000000		268435456
2520.000000		28356.000000		5893.000000		268435456
7850.000000		13872.000000		5416.000000		268435456
13524.000000		22663.000000		31739.000000		268435456
25061.000000		2952.000000		22511.000000		268435456
17530.000000		16517.000000		8846.000000		268435456
26727.000000		18350.000000		31064.000000		268435456
4103.000000		14947.000000		23496.000000		268435456
4890.000000		25555.000000		29197.000000		268435456
22753.000000		30672.000000		18670.000000		268435456
4930.000000		25835.000000		24819.000000		268435456
20736.000000		28381.000000		15336.000000		268435456
20176.000000		7727.000000		30009.000000		268435456
18522.000000		3887.000000		24376.000000		268435456
4593.000000		8186.000000		5939.000000		268435456
20926.000000		29930.000000		14508.000000		268435456
13441.000000		16098.000000		27796.000000		268435456
27059.000000		22948.000000		9747.000000		268435456
13676.000000		3361.000000		2481.000000		268435456
2599.000000		25286.000000		21906.000000		268435456
10022.000000		5291.000000		17609.000000		268435456
11290.000000		10776.000000		888.000000		268435456
28603.000000		10876.000000		398.000000		268435456
5255.000000		18559.000000		1437.000000		268435456
9256.000000		25607.000000		14939.000000		268435456
31800.000000		5124.000000		28844.000000		268435456
31231.000000		7634.000000		23009.000000		268435456
14921.000000		31171.000000		32241.000000		268435456
15237.000000		11937.000000		29489.000000		268435456
10121.000000		12637.000000		22651.000000		268435456
10691.000000		25783.000000		24420.000000		268435456
1268.000000		19181.000000		11953.000000		268435456
5445.000000		21273.000000		3934.000000		268435456
23038.000000		6596.000000		25013.000000		268435456
388.000000		21218.000000		17754.000000		268435456
3944.000000		3406.000000		32285.000000		268435456
12319.000000		249.000000		15669.000000		268435456
4565.000000		30446.000000		25069.000000		268435456
18557.000000		31440.000000		23491.000000		268435456
4953.000000		22200.000000		8678.000000		268435456
17767.000000		15604.000000		7309.000000		268435456
9654.000000		25168.000000		29808.000000		268435456
13751.000000		23705.000000		29378.000000		268435456
28427.000000		24656.000000		13012.000000		268435456
32315.000000		29025.000000		32080.000000		268435456
14610.000000		30734.000000		29060.000000		268435456
31313.000000		30481.000000		5966.000000		268435456
8014.000000		2197.000000		22171.000000		268435456
26093.000000		18166.000000		17737.000000		268435456
15032.000000		19237.000000		16866.000000		268435456
14091.000000		5922.000000		5399.000000		268435456
27068.000000		17579.000000		7161.000000		268435456
17843.000000		16840.000000		2350.000000		268435456
18872.000000		9943.000000		19061.000000		268435456
10521.000000		360.000000		27067.000000		268435456
13106.000000		3308.000000		25875.000000		268435456
21900.000000		24194.000000		9452.000000		268435456
7292.000000		18775.000000		27731.000000		268435456
6693.000000		21005.000000		5417.000000		268435456
16012.000000		4272.000000		31761.000000		268435456
28277.000000		11237.000000		24370.000000		268435456
17955.000000		949.000000		21755.000000		268435456
24485.000000		12006.000000		29524.000000		268435456
20388.000000		15707.000000		11767.000000		268435456
10700.000000		7295.000000		25663.000000		268435456
30240.000000		27404.000000		6864.000000		268435456
30047.000000		10191.000000		2844.000000		268435456
28299.000000		25767.000000		1990.000000		268435456
6659.000000		3247.000000		9199.000000		268435456
3603.000000		1769.000000		25045.000000		268435456
32569.000000		24899.000000		32377.000000		268435456
18185.000000		3635.000000		4563.000000		268435456
2185.000000		14552.000000		24324.000000		268435456
10727.000000		10493.000000		1194.000000		268435456
15940.000000		25918.000000		2024.000000		268435456
24659.000000		16460.000000		9574.000000		268435456
25845.000000		8164.000000		28593.000000		268435456
30252.000000		23046.000000		32199.000000		268435456
17675.000000		13911.000000		12570.000000		268435456
10507.000000		19451.000000		14486.000000		268435456
20852.000000		3580.000000		6508.000000		268435456
28854.000000		2042.000000		3319.000000		268435456
30488.000000		280.000000		11995.000000		268435456
4988.000000		26702.000000		15459.000000		268435456
30836.000000		19333.000000		27635.000000		268435456
28534.000000		24949.000000		21782.000000		268435456
8136.000000		1953.000000		3647.000000		268435456
15894.000000		10474.000000		26900.000000		268435456
6033.000000		11357.000000		1439.000000		268435456
2455.000000		2660.000000		28174.000000		268435456
11343.000000		9084.000000		7955.000000		268435456
25639.000000		7121.000000		5330.000000		268435456
27583.000000		31574.000000		16617.000000		268435456
16092.000000		5618.000000		9999.000000		268435456
21774.000000		31170.000000		18306.000000		268435456
4827.000000		6768.000000		28805.000000		268435456
27321.000000		32243.000000		6457.000000		268435456
31032.000000		29106.000000		29965.000000		268435456
16915.000000		15726.000000		11526.000000		268435456
24182.000000		6635.000000		18159.000000		268435456
30121.000000		3169.000000		21237.000000		268435456
17583.000000		11790.000000		18815.000000		268435456
30449.000000		7168.000000		24210.000000		268435456
5071.000000		1708.000000		6662.000000		268435456
28951.000000		31160.000000		13001.000000		268435456
22891.000000		20463.000000		19797.000000		268435456
4545.000000		12373.000000		27645.000000		268435456
8720.000000		30505.000000		14997.000000		268435456
28182.000000		18546.000000		20532.000000		268435456
21538.000000		6061.000000		15417.000000		268435456
10616.000000		6085.000000		5808.000000		268435456
14507.000000		16885.000000		13845.000000		268435456
20653.000000		26411.000000		20307.000000		268435456
14502.000000		26937.000000		23562.000000		268435456
22379.000000		1406.000000		1938.000000		268435456
21919.000000		17161.000000		14024.000000		268435456
8067.000000		29082.000000		3568.000000		268435456
6861.000000		16776.000000		19605.000000		268435456
14367.000000		28703.000000		13875.000000		268435456
16364.000000		23635.000000		12823.000000		268435456
26830.000000		12751.000000		4045.000000		268435456
2434.000000		25922.000000		11157.000000		268435456
28501.000000		13720.000000		27960.000000		268435456
10835.000000		32127.000000		302.000000		268435456
26749.000000		23982.000000		13869.000000		268435456
6188.000000		13483.000000		18669.000000		268435456
31573.000000		20800.000000		6150.000000		268435456
31315.000000		16133.000000		16340.000000		268435456
23460.000000		19627.000000		3748.000000		268435456
8766.000000		20689.000000		26404.000000		268435456
25466.000000		55.000000		17841.000000		268435456
28511.000000		23667.000000		3471.000000		268435456
11559.000000		8647.000000		17695.000000		268435456
9503.000000		32246.000000		17441.000000		268435456
3582.000000		28670.000000		3366.000000		268435456
9827.000000		6651.000000		3320.000000		268435456
26538.000000		9674.000000		1334.000000		268435456
19515.000000		28479.000000		26151.000000		268435456
18694.000000		21332.000000		16023.000000		268435456
13690.000000		24895.000000		15706.000000		268435456
6327.000000		19905.000000		22192.000000		268435456
2921.000000		26526.000000		26898.000000		268435456
21232.000000		31058.000000		3623.000000		268435456
23528.000000		8539.000000		2705.000000		268435456
4400.000000		10683.000000		16727.000000		268435456
25472.000000		23548.000000		18387.000000		268435456
28124.000000		17098.000000		9174.000000		268435456
605.000000		15923.000000		12065.000000		268435456
12023.000000		14271.000000		17405.000000		268435456
11572.000000		682.000000		24105.000000		268435456
19064.000000		4571.000000		15534.000000		268435456
1900.000000		6910.000000		17557.000000		268435456
7132.000000		22288.000000		27342.000000		268435456
1589.000000		31753.000000		7840.000000		268435456
22031.000000		4056.000000		18734.000000		268435456
5193.000000		3090.000000		7706.000000		268435456
11719.000000		22436.000000		4312.000000		268435456
15498.000000		120.000000		14543.000000		268435456
14292.000000		25947.000000		13558.000000		268435456
30146.000000		15345.000000		18780.000000		268435456
21541.000000		25056.000000		6359.000000		268435456
21546.000000		16254.000000		11213.000000		268435456
2410.000000		16547.000000		17332.000000		268435456
13696.000000		20372.000000		20895.000000		268435456
16023.000000		12953.000000		10565.000000		268435456
731.000000		23608.000000		244.000000		268435456
5816.000000		17974.000000		12110.000000		268435456
28542.000000		22007.000000		8480.000000		268435456
10456.000000		26439.000000		14241.000000		268435456
15951.000000		13060.000000		10969.000000		268435456
12523.000000		18355.000000		29520.000000		268435456
8137.000000		20197.000000		7341.000000		268435456
30703.000000		22155.000000		28415.000000		268435456
14460.000000		21614.000000		17546.000000		268435456
24779.000000		23800.000000		29079.000000		268435456
25720.000000		21764.000000		21890.000000		268435456
5270.000000		12515.000000		15824.000000		268435456
26171.000000		24922.000000		11530.000000		268435456
1090.000000		15220.000000		23614.000000		268435456
28654.000000		14115.000000		28006.000000		268435456
12009.000000		26028.000000		5874.000000		268435456
27683.000000		13426.000000		15113.000000		268435456
9001.000000		26573.000000		4296.000000		268435456
10063.000000		3266.000000		2310.000000		268435456
22354.000000		2136.000000		12794.000000		268435456
3495.000000		1234.000000		1256.000000		268435456
1877.000000		7605.000000		20623.000000		268435456
10560.000000		4578.000000		27793.000000		268435456
6323.000000		12783.000000		22208.000000		268435456
31342.000000		28146.000000		30956.000000		268435456
25569.000000		2568.000000		620.000000		268435456
14562.000000		22030.000000		7828.000000		268435456
32725.000000		6859.000000		43.000000		268435456
5618.000000		2259.000000		16832.000000		268435456
6077.000000		13098.000000		27047.000000		268435456
18703.000000		2729.000000		11542.000000		268435456
15376.000000		26767.000000		25150.000000		268435456
5468.000000		620.000000		13104.000000		268435456
22390.000000		11168.000000		32289.000000		268435456
9174.000000		31865.000000		28919.000000		268435456
17723.000000		27752.000000		8035.000000		268435456
3998.000000		23383.000000		15139.000000		268435456
19015.000000		27372.000000		20927.000000		268435456
27189.000000		1140.000000		27525.000000		268435456
13014.000000		19847.000000		14583.000000		268435456
23505.000000		15543.000000		4826.000000		268435456
26209.000000		26796.000000		12057.000000		268435456
26645.000000		31690.000000		6751.000000		268435456
12406.000000		23517.000000		1813.000000		268435456
22991.000000		3692.000000		11367.000000		268435456
6262.000000		22005.000000		23907.000000		268435456
30858.000000		32562.000000		23950.000000		268435456
15216.000000		1817.000000		17318.000000		268435456
276.000000		14969.000000		6255.000000		268435456
651.000000		4332.000000		13722.000000		268435456
30283.000000		3448.000000		19425.000000		268435456
5576.000000		13791.000000		29864.000000		268435456
20945.000000		18868.000000		24611.000000		268435456
24062.000000		11942.000000		29938.000000		268435456
29807.000000		19782.000000		4488.000000		268435456
6747.000000		31049.000000		16830.000000		268435456
1106.000000		17840.000000		3964.000000		268435456
19669.000000		14146.000000		30848.000000		268435456
15210.000000		1586.000000		13556.000000		268435456
24139.000000		22690.000000		248.000000		268435456
4753.000000		3047.000000		27573.000000		268435456
9801.000000		28740.000000		20003.000000		268435456
17990.000000		6409.000000		24045.000000		268435456
19371.000000		12641.000000		1764.000000		268435456
30746.000000		32299.000000		4622.000000		268435456
2706.000000		20787.000000		18103.000000		268435456
15397.000000		857.000000		31476.000000		268435456
8555.000000		26467.000000		1492.000000		268435456
17440.000000		15438.000000		31422.000000		268435456
18932.000000		32372.000000		30076.000000		268435456
8694.000000		14916.000000		24794.000000		268435456
1157.000000		24941.000000		2161.000000		268435456
23008.000000		21264.000000		7224.000000		268435456
27401.000000		26216.000000		18628.000000		268435456
16502.000000		26755.000000		16545.000000		268435456
3688.000000		3552.000000		21376.000000		268435456
31542.000000		3144.000000		10914.000000		268435456
23632.000000		23749.000000		10203.000000		268435456
31338.000000		23480.000000		3986.000000		268435456
1188.000000		27582.000000		15090.000000		268435456
31101.000000		19542.000000		12178.000000		268435456
7414.000000		20529.000000		16955.000000		268435456
3866.000000		11512.000000		15775.000000		268435456
9686.000000		21469.000000		13874.000000		268435456
10411.000000		10440.000000		30219.000000		268435456
26851.000000		30244.000000		31728.000000		268435456
1296.000000		28824.000000		22010.000000		268435456
14294.000000		32361.000000		16298.000000		268435456
28843.000000		9290.000000		1718.000000		268435456
13320.000000		2303.000000		9032.000000		268435456
14609.000000		31030.000000		26101.000000		268435456
17183.000000		159.000000		19350.000000		268435456
6397.000000		15314.000000		12388.000000		268435456
231.000000		29799.000000		23487.000000		268435456
19804.000000		31243.000000		17948.000000		268435456
10110.000000		16071.000000		25101.000000		268435456
10892.000000		12556.000000		22724.000000		268435456
24162.000000		3047.000000		27177.000000		268435456
29985.000000		5231.000000		8592.000000		268435456
30206.000000		3698.000000		10316.000000		268435456
975.000000		15875.000000		4448.000000		268435456
6344.000000		10182.000000		20000.000000		268435456
22596.000000		7341.000000		22438.000000		268435456
15379.000000		1269.000000		25925.000000		268435456
31522.000000		7697.000000		11485.000000		268435456
27164.000000		17444.000000		21680.000000		268435456
2899.000000		8712.000000		5055.000000		268435456
11268.000000		11813.000000		19815.000000		268435456
11110.000000		6152.000000		20595.000000		268435456
13736.000000		32347.000000		4160.000000		268435456
22468.000000		1549.000000		14185.000000		268435456
20125.000000		10067.000000		8622.000000		268435456
18134.000000		30113.000000		15786.000000		268435456
6850.000000		3220.000000		25027.000000		268435456
20594.000000		12058.000000		29367.000000		268435456
10773.000000		23178.000000		28142.000000		268435456
3116.000000		5156.000000		20566.000000		268435456
27356.000000		2983.000000		32544.000000		268435456
28250.000000		8750.000000		9949.000000		268435456
2621.000000		22023.000000		29276.000000		268435456
14836.000000		31320.000000		27860.000000		268435456
20177.000000		16183.000000		8926.000000		268435456
12689.000000		4082.000000		28431.000000		268435456
21994.000000		31736.000000		1117.000000		268435456
7214.000000		8109.000000		23174.000000		268435456
10094.000000		8206.000000		20755.000000		268435456
649.000000		8456.000000		27546.000000		268435456
7587.000000		1657.000000		29330.000000		268435456
4139.000000		20648.000000		18059.000000		268435456
30015.000000		21685.000000		23950.000000		268435456
20356.000000		3475.000000		11075.000000		268435456
20366.000000		7115.000000		14371.000000		268435456
6816.000000		23694.000000		27331.000000		268435456
21404.000000		28759.000000		8002.000000		268435456
8791.000000		19462.000000		20190.000000		268435456
15512.000000		28375.000000		2890.000000		268435456
27663.000000		30803.000000		5378.000000		268435456
21234.000000		5079.000000		31989.000000		268435456
10852.000000		25393.000000		17202.000000		268435456
23267.000000		10210.000000		4899.000000		268435456
28503.000000		708.000000		2707.000000		268435456
15957.000000		19759.000000		16170.000000		268435456
30417.000000		11144.000000		11532.000000		268435456
29044.000000		4496.000000		20658.000000		268435456
16024.000000		5619.000000		1007.000000		268435456
6214.000000		20748.000000		21323.000000		268435456
23821.000000		2997.000000		25506.000000		268435456
6428.000000		17950.000000		1845.000000		268435456
6732.000000		4578.000000		15550.000000		268435456
23233.000000		27302.000000		27674.000000		268435456
18308.000000		31841.000000		5417.000000		268435456
16039.000000		22747.000000		12203.000000		268435456
16034.000000		3187.000000		21517.000000		268435456
18058.000000		15843.000000		11097.000000		268435456
26785.000000		24382.000000		29113.000000		268435456
4675.000000		14311.000000		17316.000000		268435456
13086.000000		21135.000000		30929.000000		268435456
19896.000000		14255.000000		16568.000000		268435456
3588.000000		30040.000000		30816.000000		268435456
4146.000000		16943.000000		27467.000000		268435456
28782.000000		26261.000000		7836.000000		268435456
25985.000000		18581.000000		10750.000000		268435456
4101.000000		156.000000		17028.000000		268435456
3762.000000		19880.000000		23216.000000		268435456
30862.000000		10245.000000		13981.000000		268435456
19271.000000		17826.000000		123.000000		268435456
6504.000000		23721.000000		27005.000000		268435456
32044.000000		6603.000000		27226.000000		268435456
15646.000000		4205.000000		10462.000000		268435456
2275.000000		2938.000000		32684.000000		268435456
17249.000000		6869.000000		25202.000000		268435456
16540.000000		27216.000000		14092.000000		268435456
28674.000000		12691.000000		2488.000000		268435456
17457.000000		16315.000000		12592.000000		268435456
16842.000000		28034.000000		27763.000000		268435456
22848.000000		17965.000000		21718.000000		268435456
6715.000000		24802.000000		18329.000000		268435456
9691.000000		19601.000000		27114.000000		268435456
7074.000000		28323.000000		27863.000000		268435456
15748.000000		5841.000000		24927.000000		268435456
5380.000000		15386.000000		19705.000000		268435456
25450.000000		29338.000000		1143.000000		268435456
11208.000000		3465.000000		21976.000000		268435456
5676.000000		9117.000000		369.000000		268435456
16688.000000		29490.000000		21145.000000		268435456
14473.000000		3323.000000		1234.000000		268435456
26105.000000		12274.000000		29548.000000		268435456
18370.000000		9635.000000		5573.000000		268435456
6338.000000		913.000000		24062.000000		268435456
23451.000000		25538.000000		4420.000000		268435456
7175.000000		21075.000000		14949.000000		268435456
30018.000000		28578.000000		13071.000000		268435456
30414.000000		20589.000000		10285.000000		268435456
14720.000000		10366.000000		27794.000000		268435456
16219.000000		13156.000000		30155.000000		268435456
26627.000000		26176.000000		10572.000000		268435456
12686.000000		17538.000000		26792.000000		268435456
1187.000000		31005.000000		23905.000000		268435456
23213.000000		22252.000000		28281.000000		268435456
2280.000000		17545.000000		9803.000000		268435456
25288.000000		26871.000000		16552.000000		268435456
25415.000000		1285.000000		12012.000000		268435456
16386.000000		27598.000000		26870.000000		268435456
22215.000000		26791.000000		16249.000000		268435456
31326.000000		7565.000000		17051.000000		268435456
18706.000000		12405.000000		14058.000000		268435456
9957.000000		24916.000000		5525.000000		268435456
1561.000000		9443.000000		28401.000000		268435456
30518.000000		24073.000000		20960.000000		268435456
18394.000000		21020.000000		3256.000000		268435456
14056.000000		14266.000000		20175.000000		268435456
13795.000000		20699.000000		20419.000000		268435456
25164.000000		16610.000000		22209.000000		268435456
25518.000000		26362.000000		24014.000000		268435456
14941.000000		22525.000000		16863.000000		268435456
26084.000000		5893.000000		9604.000000		268435456
26644.000000		6958.000000		689.000000		268435456
13863.000000		22646.000000		2912.000000		268435456
30033.000000		32485.000000		23967.000000		268435456
6656.000000		14948.000000		31510.000000		268435456
11285.000000		30153.000000		8390.000000		268435456
27888.000000		12480.000000		32082.000000		268435456
23753.000000		1872.000000		9122.000000		268435456
22251.000000		20616.000000		25784.000000		268435456
12994.000000		16327.000000		11896.000000		268435456
28563.000000		22889.000000		22113.000000		268435456
10816.000000		8129.000000		14225.000000		268435456
25624.000000		11211.000000		12623.000000		268435456
32155.000000		27164.000000		14491.000000		268435456
14470.000000		16448.000000		30094.000000		268435456
1888.000000		14120.000000		18634.000000		268435456
32483.000000		29129.000000		5878.000000		268435456
13700.000000		22666.000000		14490.000000		268435456
11637.000000		32367.000000		28878.000000		268435456
19967.000000		11506.000000		12854.000000		268435456
27389.000000		6687.000000		9924.000000		268435456
32612.000000		21450.000000		28149.000000		268435456
721.000000		24021.000000		29936.000000		268435456
6235.000000		4180.000000		27754.000000		268435456
3096.000000		20840.000000		5085.000000		268435456
22273.000000		26877.000000		28668.000000		268435456
30361.000000		22693.000000		14030.000000		268435456
7577.000000		31443.000000		11777.000000		268435456
29908.000000		31861.000000		6587.000000		268435456
3099.000000		25172.000000		29645.000000		268435456
28262.000000		28479.000000		25015.000000		268435456
5755.000000		21015.000000		22072.000000		268435456
5864.000000		22475.000000		3517.000000		268435456
15815.000000		17662.000000		651.000000		268435456
17596.000000		28749.000000		12059.000000		268435456
9825.000000		31984.000000		32203.000000		268435456
147.000000		28514.000000		26607.000000		268435456
28684.000000		81.000000		7135.000000		268435456
20879.000000		3873.000000		4983.000000		268435456
1154.000000		22441.000000		18958.000000		268435456
21317.000000		27290.000000		20252.000000		268435456
6083.000000		14908.000000		180.000000		268435456
31252.000000		25678.000000		11395.000000		268435456
24939.000000		29580.000000		24142.000000		268435456
24457.000000		26753.000000		29713.000000		268435456
14507.000000		25836.000000		8750.000000		268435456
21449.000000		13444.000000		23706.000000		268435456
17591.000000		28085.000000		1897.000000		268435456
4662.000000		26691.000000		18483.000000		268435456
29131.000000		2493.000000		28907.000000		268435456
9927.000000		6576.000000		16233.000000		268435456
24336.000000		26906.000000		32171.000000		268435456
7893.000000		31217.000000		23363.000000		268435456
5132.000000		30051.000000		2172.000000		268435456
23366.000000		27220.000000		25563.000000		268435456
3173.000000		30682.000000		22764.000000		268435456
4948.000000		13174.000000		27760.000000		268435456
7958.000000		12632.000000		29478.000000		268435456
7792.000000		31523.000000		30531.000000		268435456
620.000000		32710.000000		4839.000000		268435456
16620.000000		9685.000000		31389.000000		268435456
16490.000000		30343.000000		469.000000		268435456
19050.000000		5856.000000		19914.000000		268435456
26458.000000		26157.000000		13275.000000		268435456
9807.000000		20135.000000		24564.000000		268435456
12480.000000		1338.000000		29792.000000		268435456
23968.000000		18551.000000		29723.000000		268435456
19681.000000		3819.000000		1383.000000		268435456
18198.000000		16852.000000		17578.000000		268435456
2978.000000		3649.000000		28163.000000		268435456
3408.000000		21340.000000		13901.000000		268435456
19306.000000		31412.000000		26530.000000		268435456
7273.000000		1937.000000		29972.000000		268435456
32073.000000		6499.000000		29209.000000		268435456
16217.000000		30244.000000		18448.000000		268435456
14740.000000		4252.000000		9338.000000		268435456
2799.000000		27290.000000		26346.000000		268435456
25270.000000		5385.000000		25881.000000		268435456
30532.000000		21345.000000		31259.000000		268435456
15340.000000		24298.000000		23886.000000		268435456
2551.000000		12975.000000		31194.000000		268435456
14356.000000		31528.000000		19922.000000		268435456
659.000000		7361.000000		10453.000000		268435456
10477.000000		24350.000000		28365.000000		268435456
26600.000000		1875.000000		16207.000000		268435456
29005.000000		14190.000000		21226.000000		268435456
28745.000000		23657.000000		20545.000000		268435456
32058.000000		2368.000000		26384.000000		268435456
22501.000000		30403.000000		21891.000000		268435456
6379.000000		15025.000000		12436.000000		268435456
8121.000000		30863.000000		28975.000000		268435456
23577.000000		17002.000000		27126.000000		268435456
13509.000000		23861.000000		8642.000000		268435456
20784.000000		26516.000000		8848.000000		268435456
29330.000000		19798.000000		13216.000000		268435456
22579.000000		29336.000000		8128.000000		268435456
9521.000000		10322.000000		30208.000000		268435456
4983.000000		17530.000000		32360.000000		268435456
28202.000000		30957.000000		29305.000000		268435456
138.000000		19886.000000		2540.000000		268435456
3358.000000		13044.000000		28062.000000		268435456
18893.000000		7855.000000		31209.000000		268435456
22539.000000		13802.000000		7275.000000		268435456
28090.000000		7114.000000		23126.000000		268435456
30830.000000		13604.000000		3447.000000		268435456
7883.000000		2772.000000		23006.000000		268435456
6587.000000		24547.000000		5665.000000		268435456
19315.000000		3275.000000		10379.000000		268435456
27361.000000		1102.000000		29489.000000		268435456
8117.000000		28299.000000		1299.000000		268435456
30671.000000		32334.000000		2475.000000		268435456
6710.000000		25377.000000		8560.000000		268435456
16704.000000		8134.000000		8130.000000		268435456
3288.000000		32611.000000		14217.000000		268435456
26674.000000		29082.000000		20266.000000		268435456
9550.000000		470.000000		3347.000000		268435456
4044.000000		17791.000000		10560.000000		268435456
29728.000000		25350.000000		20982.000000		268435456
5041.000000		7821.000000		23229.000000		268435456
26897.000000		10716.000000		18129.000000		268435456
10724.000000		2825.000000		24557.000000		268435456
29176.000000		23712.000000		383.000000		268435456
20170.000000		13280.000000		23466.000000		268435456
25944.000000		29337.000000		936.000000		268435456
16118.000000		14027.000000		12930.000000		268435456
13414.000000		13202.000000		15288.000000		268435456
5558.000000		26136.000000		30928.000000		268435456
6204.000000		18864.000000		734.000000		268435456
14503.000000		21890.000000		23995.000000		268435456
7270.000000		16215.000000		19164.000000		268435456
22452.000000		15783.000000		22092.000000		268435456
7442.000000		1553.000000		1234.000000		268435456
17989.000000		18426.000000		13090.000000		268435456
6533.000000		17589.000000		26184.000000		268435456
7575.000000		21314.000000		20585.000000		268435456
11176.000000		23107.000000		9249.000000		268435456
16748.000000		17674.000000		799.000000		268435456
7105.000000		4136.000000		4925.000000		268435456
22418.000000		5764.000000		6093.000000		268435456
29632.000000		12783.000000		27900.000000		268435456
22519.000000		3029.000000		30272.000000		268435456
14240.000000		31115.000000		18902.000000		268435456
24130.000000		31428.000000		6881.000000		268435456
4300.000000		18096.000000		20168.000000		268435456
10025.000000		16958.000000		25028.000000		268435456
22671.000000		15623.000000		6727.000000		268435456
29436.000000		9778.000000		26753.000000		268435456
4587.000000		30746.000000		17398.000000		268435456
13339.000000		15275.000000		25454.000000		268435456
7548.000000		21824.000000		20055.000000		268435456
19287.000000		32568.000000		30692.000000		268435456
21028.000000		13064.000000		19492.000000		268435456
28008.000000		9215.000000		20616.000000		268435456
15286.000000		17086.000000		17184.000000		268435456
29692.000000		13327.000000		461.000000		268435456
7393.000000		29737.000000		5237.000000		268435456
8727.000000		19153.000000		17461.000000		268435456
1027.000000		27801.000000		30468.000000		268435456
5805.000000		6303.000000		22258.000000		268435456
23214.000000		12749.000000		27181.000000		268435456
6600.000000		2800.000000		22779.000000		268435456
26114.000000		1640.000000		2034.000000		268435456
28564.000000		30364.000000		24492.000000		268435456
16946.000000		14571.000000		21392.000000		268435456
14882.000000		2588.000000		22927.000000		268435456
3523.000000		10090.000000		7642.000000		268435456
32205.000000		11229.000000		12512.000000		268435456
18797.000000		18806.000000		27387.000000		268435456
25980.000000		19709.000000		29923.000000		268435456
30629.000000		32502.000000		32109.000000		268435456
15157.000000		13055.000000		25133.000000		268435456
21299.000000		32225.000000		22595.000000		268435456
32457.000000		23399.000000		16749.000000		268435456
5742.000000		21023.000000		16153.000000		268435456
26484.000000		29242.000000		4438.000000		268435456
21736.000000		18928.000000		1101.000000		268435456
16072.000000		28880.000000		7097.000000		268435456
26544.000000		11947.000000		26180.000000		268435456
12872.000000		27778.000000		16113.000000		268435456
28797.000000		7361.000000		25326.000000		268435456
18028.000000		29969.000000		11313.000000		268435456
4698.000000		32566.000000		21703.000000		268435456
20755.000000		12513.000000		28752.000000		268435456
16042.000000		29210.000000		28420.000000		268435456
6793.000000		14684.000000		8234.000000		268435456
27548.000000		27810.000000		22189.000000		268435456
19367.000000		9235.000000		17071.000000		268435456
17772.000000		24307.000000		13524.000000		268435456
29888.000000		13694.000000		25138.000000		268435456
32256.000000		14529.000000		16940.000000		268435456
3153.000000		99.000000		23455.000000		268435456
22209.000000		25926.000000		1702.000000		268435456
5549.000000		16725.000000		23961.000000		268435456
28358.000000		32325.000000		26596.000000		268435456
32547.000000		10181.000000		25266.000000		268435456
21411.000000		6934.000000		14239.000000		268435456
1101.000000		1683.000000		6461.000000		268435456
23935.000000		487.000000		20310.000000		268435456
19589.000000		9267.000000		28775.000000		268435456
3906.000000		28861.000000		30941.000000		268435456
26292.000000		9908.000000		13722.000000		268435456
6636.000000		214.000000		31654.000000		268435456
31486.000000		29259.000000		7768.000000		268435456
20100.000000		8825.000000		13528.000000		268435456
24560.000000		20796.000000		6673.000000		268435456
19480.000000		10338.000000		13461.000000		268435456
1086.000000		29225.000000		9377.000000		268435456
8129.000000		8505.000000		1272.000000		268435456
7991.000000		17973.000000		23926.000000		268435456
27316.000000		8936.000000		4024.000000		268435456
10607.000000		6786.000000		12434.000000		268435456
1722.000000		32420.000000		7538.000000		268435456
3160.000000		232.000000		13792.000000		268435456
7089.000000		26111.000000		13821.000000		268435456
4797.000000		18945.000000		24728.000000		268435456
14555.000000		10346.000000		19303.000000		268435456
15712.000000		1754.000000		31660.000000		268435456
23331.000000		11748.000000		8544.000000		268435456
1571.000000		21221.000000		4457.000000		268435456
26034.000000		32463.000000		24894.000000		268435456
8586.000000		5897.000000		3027.000000		268435456
1109.000000		21027.000000		20201.000000		268435456
16760.000000		7387.000000		26734.000000		268435456
18350.000000		4724.000000		11585.000000		268435456
3436.000000		13672.000000		5485.000000		268435456
6440.000000		24455.000000		8424.000000		268435456
17337.000000		31001.000000		18293.000000		268435456
31003.000000		5480.000000		22134.000000		268435456
5215.000000		20119.000000		7812.000000		268435456
25520.000000		9027.000000		28020.000000		268435456
4503.000000		1211.000000		5527.000000		268435456
18781.000000		19310.000000		15295.000000		268435456
23343.000000		28646.000000		19485.000000		268435456
19985.000000		4960.000000		29984.000000		268435456
16707.000000		13665.000000		2406.000000		268435456
3692.000000		1423.000000		12597.000000		268435456
20483.000000		20364.000000		14723.000000		268435456
3222.000000		16489.000000		15872.000000		268435456
22904.000000		27656.000000		24666.000000		268435456
11919.000000		29923.000000		14272.000000		268435456
29582.000000		8484.000000		27350.000000		268435456
30226.000000		15445.000000		3803.000000		268435456
20426.000000		10793.000000		12157.000000		268435456
24156.000000		24731.000000		2810.000000		268435456
8054.000000		29288.000000		9940.000000		268435456
9850.000000		8884.000000		1713.000000		268435456
12845.000000		17679.000000		14677.000000		268435456
20207.000000		2898.000000		8517.000000		268435456
30212.000000		3120.000000		17382.000000		268435456
18371.000000		11805.000000		3183.000000		268435456
18376.000000		13181.000000		29969.000000		268435456
18537.000000		21397.000000		31275.000000		268435456
26381.000000		5036.000000		13422.000000		268435456
7417.000000		1750.000000		4849.000000		268435456
13563.000000		20864.000000		13048.000000		268435456
27819.000000		23471.000000		22261.000000		268435456
30239.000000		26592.000000		24142.000000		268435456
11168.000000		14021.000000		27960.000000		268435456
28333.000000		13968.000000		2573.000000		268435456
7764.000000		17594.000000		14734.000000		268435456
11759.000000		30560.000000		2491.000000		268435456
8015.000000		28310.000000		12012.000000		268435456
2267.000000		31214.000000		31494.000000		268435456
18423.000000		18658.000000		17817.000000		268435456
27906.000000		2637.000000		29508.000000		268435456
17290.000000		2093.000000		21780.000000		268435456
11357.000000		312.000000		29807.000000		268435456
32673.000000		16635.000000		24527.000000		268435456
30618.000000		15504.000000		19741.000000		268435456
12254.000000		29262.000000		13075.000000		268435456
16378.000000		13648.000000		9242.000000		268435456
17034.000000		24901.000000		10142.000000		268435456
31459.000000		9300.000000		15280.000000		268435456
579.000000		29066.000000		24549.000000		268435456
4271.000000		14703.000000		16841.000000		268435456
17689.000000		14718.000000		9983.000000		268435456
27998.000000		24776.000000		6501.000000		268435456
17325.000000		25196.000000		8091.000000		268435456
1339.000000		132.000000		16158.000000		268435456
4894.000000		17449.000000		21656.000000		268435456
30861.000000		3350.000000		3504.000000		268435456
21235.000000		26852.000000		1300.000000		268435456
10477.000000		23762.000000		2242.000000		268435456
31818.000000		4380.000000		17426.000000		268435456
22495.000000		21406.000000		17244.000000		268435456
29157.000000		14579.000000		18429.000000		268435456
6577.000000		26057.000000		17619.000000		268435456
2290.000000		22351.000000		8379.000000		268435456
22749.000000		7543.000000		18966.000000		268435456
20647.000000		25751.000000		2827.000000		268435456
9561.000000		20516.000000		14995.000000		268435456
29444.000000		31203.000000		20062.000000		268435456
26774.000000		6695.000000		28476.000000		268435456
13139.000000		23288.000000		3702.000000		268435456
8744.000000		5187.000000		20302.000000		268435456
24393.000000		19569.000000		19553.000000		268435456
23111.000000		7072.000000		6630.000000		268435456
3535.000000		1236.000000		2744.000000		268435456
20132.000000		32457.000000		17548.000000		268435456
21212.000000		8852.000000		14113.000000		268435456
21326.000000		638.000000		30261.000000		268435456
12779.000000		10792.000000		12166.000000		268435456
17564.000000		1913.000000		9079.000000		268435456
8426.000000		30393.000000		906.000000		268435456
2128.000000		13951.000000		31707.000000		268435456
27582.000000		3359.000000		783.000000		268435456
19318.000000		2637.000000		398.000000		268435456
19627.000000		13349.000000		20729.000000		268435456
14249.000000		26434.000000		7147.000000		268435456
10305.000000		26175.000000		7539.000000		268435456
5566.000000		16088.000000		2699.000000		268435456
7072.000000		28742.000000		27989.000000		268435456
3347.000000		4420.000000		8674.000000		268435456
556.000000		11729.000000		31878.000000		268435456
13804.000000		2525.000000		31633.000000		268435456
21518.000000		7998.000000		26475.000000		268435456
23194.000000		791.000000		5108.000000		268435456
20752.000000		24208.000000		27589.000000		268435456
22132.000000		1327.000000		31641.000000		268435456
25529.000000		4012.000000		19338.000000		268435456
21183.000000		24292.000000		7835.000000		268435456
5813.000000		7574.000000		15512.000000		268435456
275.000000		22987.000000		32030.000000		268435456
27365.000000		14781.000000		26207.000000		268435456
12266.000000		21538.000000		22365.000000		268435456
26293.000000		29570.000000		19146.000000		268435456
343.000000		18482.000000		5383.000000		268435456
26506.000000		11635.000000		10770.000000		268435456
29973.000000		3479.000000		25309.000000		268435456
9305.000000		749.000000		2373.000000		268435456
11888.000000		31500.000000		29396.000000		268435456
31958.000000		11315.000000		4512.000000		268435456
13238.000000		3983.000000		18980.000000		268435456
12979.000000		26639.000000		4882.000000		268435456
10293.000000		32762.000000		26124.000000		268435456
4839.000000		14741.000000		7803.000000		268435456
749.000000		604.000000		2864.000000		268435456
29436.000000		11693.000000		31887.000000		268435456
21369.000000		699.000000		7397.000000		268435456
19145.000000		12135.000000		19551.000000		268435456
5102.000000		9485.000000		12477.000000		268435456
11567.000000		837.000000		24817.000000		268435456
8591.000000		9858.000000		2100.000000		268435456
685.000000		8450.000000		6006.000000		268435456
4015.000000		25714.000000		32083.000000		268435456
16101.000000		8317.000000		26621.000000		268435456
28443.000000		6549.000000		4248.000000		268435456
26219.000000		6609.000000		28847.000000		268435456
10709.000000		21071.000000		30096.000000		268435456
11379.000000		455.000000		16386.000000		268435456
1562.000000		16169.000000		2273.000000		268435456
18490.000000		798.000000		15451.000000		268435456
5340.000000		30942.000000		21942.000000		268435456
28737.000000		27224.000000		18457.000000		268435456
3892.000000		2941.000000		2502.000000		268435456
15790.000000		15646.000000		14089.000000		268435456
17285.000000		18059.000000		15991.000000		268435456
9325.000000		22347.000000		26272.000000		268435456
32320.000000		28213.000000		8903.000000		268435456
15601.000000		14143.000000		23714.000000		268435456
9093.000000		3562.000000		9471.000000		268435456
25248.000000		20497.000000		18419.000000		268435456
17944.000000		26360.000000		3167.000000		268435456
13893.000000		5040.000000		11719.000000		268435456
15722.000000		22012.000000		21058.000000		268435456
30255.000000		16412.000000		365.000000		268435456
24479.000000		8268.000000		18286.000000		268435456
26041.000000		8754.000000		28521.000000		268435456
26064.000000		30371.000000		32135.000000		268435456
15476.000000		17867.000000		21662.000000		268435456
28687.000000		11440.000000		21989.000000		268435456
22826.000000		15901.000000		16554.000000		268435456
27589.000000		15713.000000		20021.000000		268435456
20334.000000		8855.000000		3789.000000		268435456
6790.000000		16890.000000		30898.000000		268435456
26237.000000		23477.000000		8947.000000		268435456
28792.000000		5720.000000		20700.000000		268435456
22167.000000		14462.000000		16561.000000		268435456
18643.000000		3827.000000		7918.000000		268435456
3611.000000		20654.000000		20566.000000		268435456
21545.000000		30078.000000		11142.000000		268435456
6661.000000		16560.000000		19050.000000		268435456
30589.000000		1840.000000		29252.000000		268435456
1452.000000		9212.000000		31781.000000		268435456
25676.000000		31775.000000		7487.000000		268435456
13252.000000		10104.000000		30661.000000		268435456
20756.000000		16691.000000		11428.000000		268435456
26390.000000		28895.000000		22995.000000		268435456
14079.000000		5784.000000		5346.000000		268435456
31602.000000		14700.000000		10416.000000		268435456
9403.000000		17090.000000		9000.000000		268435456
16312.000000		10542.000000		1545.000000		268435456
24493.000000		3665.000000		27429.000000		268435456
2075.000000		3543.000000		16891.000000		268435456
1013.000000		22406.000000		12870.000000		268435456
31715.000000		17123.000000		11788.000000		268435456
26883.000000		19451.000000		3047.000000		268435456
25686.000000		23142.000000		25168.000000		268435456
5040.000000		19942.000000		30519.000000		268435456
27289.000000		7399.000000		4430.000000		268435456
16403.000000		17931.000000		6840.000000		268435456
20639.000000		7185.000000		6005.000000		268435456
23695.000000		13861.000000		678.000000		268435456
21896.000000		10015.000000		14673.000000		268435456
31942.000000		22390.000000		24233.000000		268435456
12279.000000		16716.000000		4032.000000		268435456
9851.000000		32698.000000		28828.000000		268435456
26952.000000		6583.000000		964.000000		268435456
13191.000000		31406.000000		341.000000		268435456
31418.000000		16751.000000		985.000000		268435456
11115.000000		4334.000000		4523.000000		268435456
27092.000000		18348.000000		23255.000000		268435456
15404.000000		9436.000000		27951.000000		268435456
21439.000000		19809.000000		21687.000000		268435456
11635.000000		13500.000000		4441.000000		268435456
28487.000000		22687.000000		14305.000000		268435456
6696.000000		15710.000000		22286.000000		268435456
7093.000000		1419.000000		6612.000000		268435456
15370.000000		31460.000000		17871.000000		268435456
9943.000000		30168.000000		19509.000000		268435456
29166.000000		28035.000000		16118.000000		268435456
7868.000000		24828.000000		7090.000000		268435456
13472.000000		26193.000000		5313.000000		268435456
21526.000000		13976.000000		27713.000000		268435456
14248.000000		17541.000000		29735.000000		268435456
14403.000000		12760.000000		30355.000000		268435456
19039.000000		1453.000000		6560.000000		268435456
3686.000000		22436.000000		6375.000000		268435456
792.000000		27590.000000		26731.000000		268435456
2336.000000		29445.000000		24948.000000		268435456
8512.000000		21057.000000		30974.000000		268435456
30397.000000		2574.000000		17183.000000		268435456
13517.000000		26446.000000		24219.000000		268435456
7157.000000		19224.000000		21834.000000		268435456
18514.000000		28945.000000		3393.000000		268435456
24986.000000		25925.000000		9677.000000		268435456
22666.000000		7813.000000		16498.000000		268435456
5057.000000		28797.000000		4224.000000		268435456
8005.000000		12855.000000		22667.000000		268435456
12615.000000		18527.000000		20959.000000		268435456
28915.000000		10540.000000		10134.000000		268435456
16581.000000		23269.000000		12975.000000		268435456
29501.000000		27263.000000		26599.000000		268435456
23632.000000		13989.000000		18603.000000		268435456
6265.000000		7329.000000		26083.000000		268435456
14233.000000		28148.000000		27807.000000		268435456
24276.000000		836.000000		5048.000000		268435456
23618.000000		31583.000000		16519.000000		268435456
