3 1691
21515.000000		24690.000000		26907.000000		268435456
11061.000000		24467.000000		26024.000000		268435456
28748.000000		9830.000000		15351.000000		268435456
26072.000000		12779.000000		5186.000000		268435456
28283.000000		7493.000000		21753.000000		268435456
11347.000000		2767.000000		25069.000000		268435456
25681.000000		26527.000000		6455.000000		268435456
281.000000		1510.000000		27351.000000		268435456
10217.000000		6962.000000		14156.000000		268435456
24785.000000		2998.000000		29142.000000		268435456
13178.000000		22840.000000		5101.000000		268435456
23595.000000		26062.000000		32643.000000		268435456
13693.000000		21875.000000		3665.000000		268435456
15907.000000		29017.000000		23009.000000		268435456
31549.000000		8705.000000		31265.000000		268435456
1451.000000		31676.000000		4647.000000		268435456
23806.000000		10849.000000		28659.000000		268435456
12221.000000		12750.000000		20093.000000		268435456
6719.000000		29240.000000		5761.000000		268435456
19259.000000		5566.000000		21454.000000		268435456
31170.000000		31915.000000		5650.000000		268435456
8749.000000		30938.000000		14340.000000		268435456
21601.000000		18284.000000		21714.000000		268435456
31803.000000		19872.000000		8002.000000		268435456
17112.000000		4308.000000		13842.000000		268435456
11382.000000		7141.000000		1785.000000		268435456
17931.000000		17046.000000		12188.000000		268435456
20681.000000		17402.000000		30700.000000		268435456
15988.000000		25330.000000		28582.000000		268435456
29614.000000		24345.000000		5250.000000		268435456
12984.000000		27765.000000		21264.000000		268435456
12538.000000		14970.000000		27376.000000		268435456
3738.000000		28836.000000		24286.000000		268435456
9434.000000		30684.000000		19239.000000		268435456
31426.000000		1065.000000		8508.000000		268435456
22617.000000		6514.000000		11913.000000		268435456
782.000000		13140.000000		7535.000000		268435456
8456.000000		30832.000000		5068.000000		268435456
17519.000000		13331.000000		882.000000		268435456
4512.000000		11428.000000		7073.000000		268435456
7291.000000		18094.000000		16193.000000		268435456
14254.000000		4328.000000		17132.000000		268435456
9275.000000		18667.000000		13557.000000		268435456
1717.000000		9036.000000		23988.000000		268435456
27873.000000		30560.000000		5694.000000		268435456
2882.000000		20813.000000		535.000000		268435456
20582.000000		18210.000000		29414.000000		268435456
24806.000000		8047.000000		29925.000000		268435456
323.000000		13843.000000		18777.000000		268435456
31770.000000		22800.000000		29102.000000		268435456
11200.000000		31353.000000		15725.000000		268435456
13672.000000		24674.000000		26209.000000		268435456
16529.000000		10921.000000		2780.000000		268435456
13701.000000		8115.000000		32476.000000		268435456
13236.000000		23522.000000		5674.000000		268435456
31246.000000		21660.000000		14068.000000		268435456
27603.000000		25527.000000		31221.000000		268435456
14633.000000		17075.000000		10711.000000		268435456
7571.000000		27030.000000		26589.000000		268435456
32325.000000		7872.000000		3048.000000		268435456
11158.000000		24132.000000		31619.000000		268435456
1182.000000		1208.000000		14424.000000		268435456
12066.000000		19830.000000		852.000000		268435456
9304.000000		23013.000000		3621.000000		268435456
22171.000000		25027.000000		5661.000000		268435456
11595.000000		27135.000000		4183.000000		268435456
7781.000000		28070.000000		23957.000000		268435456
22240.000000		10536.000000		27526.000000		268435456
23998.000000		27727.000000		7523.000000		268435456
3713.000000		7686.000000		14091.000000		268435456
1196.000000		17255.000000		31564.000000		268435456
30348.000000		24180.000000		4729.000000		268435456
2340.000000		11045.000000		14473.000000		268435456
26069.000000		3705.000000		12321.000000		268435456
12510.000000		5173.000000		13687.000000		268435456
15378.000000		17551.000000		985.000000		268435456
29351.000000		15206.000000		4128.000000		268435456
31170.000000		26460.000000		14651.000000		268435456
25862.000000		26913.000000		17231.000000		268435456
19061.000000		22632.000000		22287.000000		268435456
27014.000000		12045.000000		12070.000000		268435456
9854.000000		23674.000000		7595.000000		268435456
19227.000000		24688.000000		13688.000000		268435456
28024.000000		32159.000000		19559.000000		268435456
11080.000000		4653.000000		25424.000000		268435456
27932.000000		27661.000000		7793.000000		268435456
11539.000000		13683.000000		20076.000000		268435456
16481.000000		31317.000000		2479.000000		268435456
7664.000000		27760.000000		10391.000000		268435456
24802.000000		1709.000000		10865.000000		268435456
15401.000000		6824.000000		25636.000000		268435456
14578.000000		17973.000000		23829.000000		268435456
30567.000000		31436.000000		27648.000000		268435456
3820.000000		18558.000000		25336.000000		268435456
29549.000000		16914.000000		14088.000000		268435456
21156.000000		30915.000000		8770.000000		268435456
32293.000000		7558.000000		12719.000000		268435456
15361.000000		12180.000000		10353.000000		268435456
24973.000000		12245.000000		27161.000000		268435456
22054.000000		25315.000000		9650.000000		268435456
20258.000000		13932.000000		27182.000000		268435456
5301.000000		31657.000000		11107.000000		268435456
26082.000000		13077.000000		2140.000000		268435456
30997.000000		8108.000000		8790.000000		268435456
21756.000000		29518.000000		762.000000		268435456
11199.000000		8963.000000		15790.000000		268435456
11453.000000		8463.000000		17289.000000		268435456
20988.000000		10349.000000		13676.000000		268435456
23656.000000		16573.000000		32334.000000		268435456
25244.000000		2207.000000		24581.000000		268435456
30451.000000		11895.000000		22516.000000		268435456
23694.000000		14336.000000		25756.000000		268435456
29150.000000		24839.000000		7732.000000		268435456
6244.000000		24481.000000		18350.000000		268435456
30886.000000		788.000000		16827.000000		268435456
2593.000000		2382.000000		4695.000000		268435456
29823.000000		25457.000000		28360.000000		268435456
15083.000000		26624.000000		22649.000000		268435456
23381.000000		25498.000000		12080.000000		268435456
6766.000000		15651.000000		31852.000000		268435456
2633.000000		30647.000000		15310.000000		268435456
5659.000000		28780.000000		20222.000000		268435456
12070.000000		3527.000000		23688.000000		268435456
14471.000000		29491.000000		8427.000000		268435456
24958.000000		22976.000000		15734.000000		268435456
32144.000000		18819.000000		5914.000000		268435456
22386.000000		8896.000000		17605.000000		268435456
6168.000000		25195.000000		9534.000000		268435456
27473.000000		20901.000000		2158.000000		268435456
11380.000000		5684.000000		2731.000000		268435456
16017.000000		15277.000000		21472.000000		268435456
3809.000000		31868.000000		7044.000000		268435456
31698.000000		997.000000		3368.000000		268435456
30620.000000		9586.000000		5258.000000		268435456
23783.000000		1170.000000		1595.000000		268435456
26227.000000		26789.000000		16944.000000		268435456
31515.000000		3553.000000		12909.000000		268435456
11748.000000		16669.000000		29641.000000		268435456
24367.000000		31088.000000		8517.000000		268435456
25130.000000		25024.000000		6626.000000		268435456
5051.000000		10909.000000		22306.000000		268435456
17095.000000		7725.000000		6958.000000		268435456
30726.000000		8604.000000		29038.000000		268435456
13674.000000		17295.000000		28037.000000		268435456
2659.000000		23481.000000		18265.000000		268435456
8002.000000		23071.000000		26862.000000		268435456
10426.000000		25950.000000		14669.000000		268435456
26141.000000		21319.000000		10409.000000		268435456
10958.000000		21164.000000		28826.000000		268435456
13545.000000		12708.000000		12973.000000		268435456
3411.000000		22989.000000		15887.000000		268435456
22379.000000		3933.000000		6178.000000		268435456
30197.000000		5699.000000		24947.000000		268435456
12105.000000		23687.000000		25014.000000		268435456
30690.000000		7913.000000		7458.000000		268435456
30908.000000		4752.000000		28897.000000		268435456
32115.000000		8282.000000		24637.000000		268435456
24449.000000		15071.000000		7030.000000		268435456
26377.000000		11257.000000		22306.000000		268435456
21739.000000		22070.000000		14609.000000		268435456
6198.000000		28633.000000		9520.000000		268435456
15899.000000		16246.000000		12862.000000		268435456
9162.000000		9766.000000		15363.000000		268435456
32203.000000		24523.000000		28533.000000		268435456
23655.000000		19184.000000		937.000000		268435456
7984.000000		17272.000000		23098.000000		268435456
4756.000000		7512.000000		9343.000000		268435456
4062.000000		9654.000000		3328.000000		268435456
2714.000000		11670.000000		3770.000000		268435456
29883.000000		12127.000000		24235.000000		268435456
907.000000		19281.000000		9410.000000		268435456
19027.000000		14174.000000		15542.000000		268435456
22073.000000		8254.000000		1266.000000		268435456
15164.000000		9502.000000		21356.000000		268435456
3606.000000		12551.000000		9300.000000		268435456
30529.000000		29805.000000		26049.000000		268435456
14125.000000		29403.000000		3950.000000		268435456
27792.000000		6027.000000		32419.000000		268435456
17326.000000		11845.000000		1862.000000		268435456
8226.000000		24418.000000		25559.000000		268435456
12494.000000		6167.000000		8223.000000		268435456
5391.000000		31506.000000		30406.000000		268435456
17893.000000		28548.000000		21664.000000		268435456
19090.000000		22364.000000		2506.000000		268435456
14861.000000		7374.000000		31581.000000		268435456
26343.000000		31639.000000		12497.000000		268435456
2996.000000		19974.000000		1545.000000		268435456
14664.000000		17701.000000		19056.000000		268435456
13023.000000		30673.000000		14509.000000		268435456
26551.000000		25515.000000		31429.000000		268435456
25097.000000		32308.000000		27831.000000		268435456
27988.000000		1917.000000		9140.000000		268435456
4844.000000		11736.000000		18126.000000		268435456
5231.000000		8434.000000		7779.000000		268435456
29584.000000		10298.000000		22425.000000		268435456
25498.000000		10920.000000		10237.000000		268435456
15736.000000		1479.000000		16137.000000		268435456
5990.000000		4564.000000		10281.000000		268435456
25537.000000		18143.000000		26307.000000		268435456
19087.000000		14137.000000		16830.000000		268435456
9872.000000		18725.000000		5048.000000		268435456
27836.000000		2146.000000		3725.000000		268435456
18730.000000		26793.000000		14361.000000		268435456
11313.000000		9248.000000		3422.000000		268435456
13689.000000		19672.000000		26135.000000		268435456
4338.000000		11914.000000		13688.000000		268435456
4861.000000		12081.000000		22846.000000		268435456
18507.000000		14321.000000		25929.000000		268435456
4181.000000		15909.000000		3915.000000		268435456
5575.000000		14206.000000		2565.000000		268435456
9692.000000		10434.000000		10943.000000		268435456
6890.000000		25975.000000		31830.000000		268435456
15638.000000		28648.000000		10415.000000		268435456
14677.000000		2657.000000		12922.000000		268435456
15331.000000		24632.000000		8315.000000		268435456
19226.000000		28536.000000		8796.000000		268435456
17320.000000		9231.000000		8038.000000		268435456
23403.000000		21043.000000		3719.000000		268435456
21494.000000		16151.000000		2901.000000		268435456
32229.000000		24522.000000		3855.000000		268435456
15705.000000		3420.000000		7965.000000		268435456
27947.000000		7934.000000		957.000000		268435456
15436.000000		7658.000000		22557.000000		268435456
18829.000000		7573.000000		20255.000000		268435456
32139.000000		1371.000000		24607.000000		268435456
14055.000000		1089.000000		21072.000000		268435456
1083.000000		7902.000000		28602.000000		268435456
17672.000000		12010.000000		12179.000000		268435456
16285.000000		12960.000000		9375.000000		268435456
4153.000000		24732.000000		28177.000000		268435456
24902.000000		11935.000000		9372.000000		268435456
28604.000000		29060.000000		17250.000000		268435456
1558.000000		6982.000000		28993.000000		268435456
26209.000000		15037.000000		6053.000000		268435456
21348.000000		18289.000000		22881.000000		268435456
28027.000000		22237.000000		24402.000000		268435456
5907.000000		24483.000000		19689.000000		268435456
11490.000000		24458.000000		12810.000000		268435456
5265.000000		21137.000000		19653.000000		268435456
21185.000000		28532.000000		10261.000000		268435456
16882.000000		6480.000000		5063.000000		268435456
5215.000000		11663.000000		4172.000000		268435456
8090.000000		17357.000000		14031.000000		268435456
32044.000000		20829.000000		3745.000000		268435456
23103.000000		6744.000000		10658.000000		268435456
9138.000000		14761.000000		14211.000000		268435456
23077.000000		19297.000000		9016.000000		268435456
13371.000000		9737.000000		22223.000000		268435456
5086.000000		2238.000000		5988.000000		268435456
3917.000000		14579.000000		20752.000000		268435456
11774.000000		14868.000000		13599.000000		268435456
3658.000000		27478.000000		1079.000000		268435456
11385.000000		4661.000000		24550.000000		268435456
27349.000000		23536.000000		18711.000000		268435456
7592.000000		29587.000000		16363.000000		268435456
21965.000000		13273.000000		18761.000000		268435456
3628.000000		13338.000000		6141.000000		268435456
4348.000000		1786.000000		21823.000000		268435456
8227.000000		2829.000000		24959.000000		268435456
27340.000000		29290.000000		21679.000000		268435456
22383.000000		21429.000000		3524.000000		268435456
23966.000000		5098.000000		24488.000000		268435456
20474.000000		26127.000000		2468.000000		268435456
23710.000000		7409.000000		6370.000000		268435456
29763.000000		8881.000000		2859.000000		268435456
5663.000000		2312.000000		4653.000000		268435456
14736.000000		416.000000		6834.000000		268435456
14313.000000		12911.000000		27147.000000		268435456
13471.000000		3032.000000		32704.000000		268435456
7172.000000		28981.000000		32219.000000		268435456
21676.000000		13728.000000		3968.000000		268435456
17625.000000		28751.000000		3612.000000		268435456
3100.000000		9234.000000		7612.000000		268435456
17871.000000		16726.000000		6832.000000		268435456
30017.000000		4701.000000		21134.000000		268435456
12703.000000		17133.000000		6958.000000		268435456
26336.000000		23455.000000		13904.000000		268435456
31262.000000		30467.000000		7064.000000		268435456
16258.000000		13430.000000		12912.000000		268435456
25901.000000		15719.000000		16412.000000		268435456
16327.000000		27539.000000		24880.000000		268435456
26886.000000		23663.000000		21156.000000		268435456
27429.000000		10996.000000		8061.000000		268435456
30255.000000		9378.000000		21343.000000		268435456
25560.000000		15251.000000		15200.000000		268435456
32684.000000		7578.000000		8588.000000		268435456
25078.000000		19366.000000		7865.000000		268435456
588.000000		22944.000000		17451.000000		268435456
3814.000000		15310.000000		18750.000000		268435456
29221.000000		6837.000000		12903.000000		268435456
1440.000000		4541.000000		7679.000000		268435456
24990.000000		12032.000000		18891.000000		268435456
19845.000000		28477.000000		18384.000000		268435456
30608.000000		9173.000000		29864.000000		268435456
10423.000000		25255.000000		5490.000000		268435456
29294.000000		30166.000000		27961.000000		268435456
20527.000000		8734.000000		31055.000000		268435456
5233.000000		2524.000000		6748.000000		268435456
1800.000000		21807.000000		8740.000000		268435456
31027.000000		19884.000000		18689.000000		268435456
7094.000000		2221.000000		14579.000000		268435456
3919.000000		12451.000000		4513.000000		268435456
18724.000000		22229.000000		1543.000000		268435456
20685.000000		984.000000		6998.000000		268435456
17132.000000		16932.000000		25088.000000		268435456
27535.000000		3691.000000		13929.000000		268435456
24361.000000		19307.000000		14612.000000		268435456
26365.000000		3583.000000		1653.000000		268435456
5521.000000		31734.000000		22032.000000		268435456
1682.000000		17541.000000		14448.000000		268435456
16083.000000		752.000000		30650.000000		268435456
16680.000000		27625.000000		6970.000000		268435456
28796.000000		12615.000000		11938.000000		268435456
13070.000000		15680.000000		29051.000000		268435456
20675.000000		8624.000000		31370.000000		268435456
1356.000000		31879.000000		2560.000000		268435456
6925.000000		17070.000000		26083.000000		268435456
28329.000000		31507.000000		10194.000000		268435456
6414.000000		22172.000000		17183.000000		268435456
17218.000000		4673.000000		5565.000000		268435456
24017.000000		25133.000000		700.000000		268435456
3547.000000		1291.000000		30975.000000		268435456
26377.000000		31718.000000		10834.000000		268435456
31285.000000		21124.000000		9564.000000		268435456
15991.000000		3952.000000		5147.000000		268435456
31237.000000		7286.000000		26824.000000		268435456
6227.000000		32224.000000		7070.000000		268435456
5730.000000		11403.000000		3933.000000		268435456
3314.000000		8261.000000		1925.000000		268435456
24012.000000		10192.000000		20585.000000		268435456
15138.000000		9238.000000		10704.000000		268435456
25361.000000		29549.000000		31659.000000		268435456
11759.000000		4443.000000		9947.000000		268435456
23483.000000		32493.000000		10774.000000		268435456
7122.000000		6313.000000		26867.000000		268435456
11475.000000		26471.000000		30653.000000		268435456
20089.000000		6975.000000		18796.000000		268435456
11033.000000		1127.000000		29872.000000		268435456
2474.000000		18926.000000		14714.000000		268435456
4093.000000		14955.000000		6383.000000		268435456
27882.000000		18323.000000		1084.000000		268435456
14086.000000		14410.000000		11205.000000		268435456
24304.000000		582.000000		28847.000000		268435456
12132.000000		23528.000000		18722.000000		268435456
25364.000000		656.000000		26002.000000		268435456
7132.000000		12285.000000		4045.000000		268435456
6192.000000		21056.000000		2651.000000		268435456
20314.000000		6107.000000		6545.000000		268435456
23984.000000		25790.000000		1991.000000		268435456
7876.000000		8051.000000		15011.000000		268435456
1736.000000		10476.000000		20406.000000		268435456
4327.000000		21781.000000		14326.000000		268435456
27910.000000		12529.000000		1869.000000		268435456
31638.000000		24467.000000		15425.000000		268435456
27319.000000		13953.000000		8081.000000		268435456
18763.000000		32462.000000		25053.000000		268435456
6877.000000		17030.000000		10237.000000		268435456
9461.000000		7652.000000		15296.000000		268435456
32679.000000		30002.000000		17345.000000		268435456
12724.000000		25962.000000		29255.000000		268435456
12709.000000		26590.000000		13733.000000		268435456
21163.000000		8572.000000		22670.000000		268435456
18743.000000		29772.000000		32717.000000		268435456
27452.000000		8842.000000		25986.000000		268435456
8418.000000		25883.000000		27601.000000		268435456
31297.000000		20778.000000		18416.000000		268435456
10893.000000		16788.000000		17627.000000		268435456
4901.000000		19542.000000		28486.000000		268435456
10971.000000		6937.000000		28888.000000		268435456
3554.000000		26337.000000		27323.000000		268435456
5404.000000		3295.000000		14040.000000		268435456
25431.000000		1033.000000		32532.000000		268435456
18308.000000		3760.000000		12330.000000		268435456
7538.000000		31847.000000		22350.000000		268435456
23217.000000		25073.000000		28390.000000		268435456
6937.000000		11196.000000		20171.000000		268435456
26792.000000		19495.000000		8152.000000		268435456
13801.000000		23871.000000		5075.000000		268435456
28355.000000		5274.000000		9994.000000		268435456
11279.000000		20343.000000		22411.000000		268435456
2905.000000		25339.000000		15715.000000		268435456
6900.000000		18899.000000		31926.000000		268435456
8956.000000		15119.000000		15125.000000		268435456
26483.000000		3444.000000		18638.000000		268435456
17052.000000		30160.000000		19913.000000		268435456
14029.000000		6117.000000		4964.000000		268435456
11010.000000		21126.000000		10962.000000		268435456
10135.000000		2486.000000		24004.000000		268435456
10064.000000		6839.000000		11469.000000		268435456
23642.000000		23607.000000		12616.000000		268435456
29578.000000		27156.000000		2418.000000		268435456
12699.000000		14538.000000		11502.000000		268435456
22879.000000		1954.000000		14214.000000		268435456
14212.000000		2424.000000		23298.000000		268435456
6303.000000		28618.000000		1588.000000		268435456
19306.000000		3547.000000		19965.000000		268435456
32296.000000		18211.000000		7722.000000		268435456
2009.000000		12402.000000		12265.000000		268435456
1839.000000		31757.000000		31319.000000		268435456
16890.000000		22523.000000		29164.000000		268435456
26667.000000		29036.000000		10524.000000		268435456
357.000000		19825.000000		12739.000000		268435456
5590.000000		14133.000000		10308.000000		268435456
23491.000000		23216.000000		18779.000000		268435456
21494.000000		9603.000000		15667.000000		268435456
28620.000000		20214.000000		24771.000000		268435456
8430.000000		13673.000000		6135.000000		268435456
29567.000000		28093.000000		21806.000000		268435456
26190.000000		16069.000000		11083.000000		268435456
30636.000000		16796.000000		26563.000000		268435456
30166.000000		25785.000000		15534.000000		268435456
14116.000000		12338.000000		32102.000000		268435456
22433.000000		669.000000		5905.000000		268435456
4657.000000		19786.000000		21698.000000		268435456
6529.000000		27004.000000		20437.000000		268435456
18207.000000		6838.000000		2622.000000		268435456
30891.000000		17028.000000		266.000000		268435456
7929.000000		28570.000000		6560.000000		268435456
13890.000000		1260.000000		3376.000000		268435456
12753.000000		32019.000000		23433.000000		268435456
31847.000000		11835.000000		16357.000000		268435456
10281.000000		8072.000000		20760.000000		268435456
15574.000000		25087.000000		15433.000000		268435456
1870.000000		13058.000000		31306.000000		268435456
13112.000000		21063.000000		29954.000000		268435456
13519.000000		18013.000000		1021.000000		268435456
1202.000000		25735.000000		13083.000000		268435456
340.000000		7223.000000		24725.000000		268435456
9048.000000		32429.000000		18497.000000		268435456
17786.000000		14814.000000		27320.000000		268435456
30606.000000		22156.000000		15872.000000		268435456
31625.000000		9136.000000		5029.000000		268435456
10880.000000		4591.000000		30479.000000		268435456
22296.000000		9136.000000		26369.000000		268435456
5169.000000		4073.000000		6360.000000		268435456
14329.000000		25145.000000		27709.000000		268435456
5336.000000		25670.000000		686.000000		268435456
2063.000000		526.000000		12764.000000		268435456
21630.000000		29733.000000		25978.000000		268435456
11215.000000		10307.000000		10562.000000		268435456
21792.000000		20256.000000		2500.000000		268435456
15262.000000		11694.000000		31191.000000		268435456
17087.000000		25235.000000		19295.000000		268435456
20561.000000		31462.000000		10393.000000		268435456
18975.000000		3292.000000		6439.000000		268435456
22388.000000		4336.000000		28033.000000		268435456
18992.000000		29868.000000		11404.000000		268435456
13345.000000		20531.000000		25150.000000		268435456
15692.000000		27844.000000		32742.000000		268435456
30609.000000		31816.000000		28205.000000		268435456
3791.000000		9899.000000		7104.000000		268435456
18610.000000		5822.000000		421.000000		268435456
1723.000000		5962.000000		29339.000000		268435456
13404.000000		17389.000000		26344.000000		268435456
22625.000000		18026.000000		32734.000000		268435456
10247.000000		21611.000000		14677.000000		268435456
585.000000		24198.000000		2543.000000		268435456
22277.000000		4802.000000		951.000000		268435456
23752.000000		17532.000000		4252.000000		268435456
20147.000000		26744.000000		11457.000000		268435456
16906.000000		22256.000000		26733.000000		268435456
6173.000000		7812.000000		17685.000000		268435456
30083.000000		17290.000000		6253.000000		268435456
1548.000000		15563.000000		3177.000000		268435456
10738.000000		13401.000000		5003.000000		268435456
17523.000000		10549.000000		11179.000000		268435456
3205.000000		498.000000		10155.000000		268435456
31409.000000		29308.000000		16433.000000		268435456
24770.000000		10031.000000		19445.000000		268435456
25649.000000		31688.000000		30801.000000		268435456
19515.000000		31133.000000		9480.000000		268435456
15167.000000		21925.000000		15360.000000		268435456
16950.000000		13809.000000		28955.000000		268435456
16438.000000		17933.000000		15429.000000		268435456
24279.000000		21025.000000		26422.000000		268435456
6991.000000		9321.000000		23197.000000		268435456
15980.000000		20208.000000		15358.000000		268435456
25013.000000		4062.000000		13738.000000		268435456
18657.000000		279.000000		17364.000000		268435456
14002.000000		30018.000000		23237.000000		268435456
21142.000000		3655.000000		23863.000000		268435456
26638.000000		10122.000000		13379.000000		268435456
11008.000000		13501.000000		16284.000000		268435456
4336.000000		18575.000000		23184.000000		268435456
1762.000000		29724.000000		19016.000000		268435456
20715.000000		14720.000000		624.000000		268435456
30469.000000		25806.000000		19402.000000		268435456
3325.000000		4445.000000		27909.000000		268435456
7593.000000		1816.000000		17958.000000		268435456
3742.000000		32064.000000		3688.000000		268435456
25656.000000		9632.000000		15567.000000		268435456
14653.000000		16756.000000		9722.000000		268435456
24535.000000		7971.000000		28933.000000		268435456
2234.000000		9087.000000		20408.000000		268435456
12006.000000		6527.000000		26166.000000		268435456
11194.000000		9380.000000		14385.000000		268435456
12954.000000		21604.000000		27494.000000		268435456
25327.000000		29080.000000		9467.000000		268435456
28458.000000		7241.000000		2005.000000		268435456
27300.000000		5969.000000		432.000000		268435456
25165.000000		20088.000000		22622.000000		268435456
9770.000000		13883.000000		9690.000000		268435456
4859.000000		1355.000000		30776.000000		268435456
7432.000000		25661.000000		8800.000000		268435456
20134.000000		28657.000000		19240.000000		268435456
10221.000000		847.000000		9543.000000		268435456
18294.000000		7002.000000		14410.000000		268435456
32724.000000		21908.000000		30953.000000		268435456
25631.000000		6673.000000		27630.000000		268435456
19435.000000		22826.000000		24565.000000		268435456
23916.000000		5940.000000		23621.000000		268435456
23307.000000		17724.000000		8652.000000		268435456
3745.000000		1223.000000		24531.000000		268435456
31719.000000		12021.000000		4890.000000		268435456
29998.000000		20503.000000		30171.000000		268435456
29508.000000		14430.000000		21697.000000		268435456
4470.000000		26346.000000		16451.000000		268435456
29134.000000		1113.000000		30568.000000		268435456
32152.000000		28322.000000		27556.000000		268435456
13160.000000		21039.000000		15442.000000		268435456
28784.000000		27316.000000		11646.000000		268435456
12305.000000		26734.000000		23624.000000		268435456
21083.000000		16876.000000		27082.000000		268435456
2732.000000		10756.000000		9144.000000		268435456
22102.000000		10880.000000		18530.000000		268435456
17480.000000		8676.000000		24408.000000		268435456
1423.000000		4835.000000		22515.000000		268435456
15051.000000		20629.000000		5876.000000		268435456
9359.000000		12743.000000		8057.000000		268435456
12292.000000		25714.000000		31783.000000		268435456
8312.000000		4582.000000		111.000000		268435456
4744.000000		4240.000000		20785.000000		268435456
6161.000000		15960.000000		23362.000000		268435456
5108.000000		16255.000000		28719.000000		268435456
26519.000000		15012.000000		21666.000000		268435456
20579.000000		13921.000000		5465.000000		268435456
12170.000000		15831.000000		13763.000000		268435456
31034.000000		12814.000000		12051.000000		268435456
28147.000000		18998.000000		31411.000000		268435456
10650.000000		27455.000000		19702.000000		268435456
16080.000000		17271.000000		2382.000000		268435456
21775.000000		4079.000000		25370.000000		268435456
937.000000		9083.000000		4213.000000		268435456
12642.000000		28537.000000		2378.000000		268435456
23430.000000		29179.000000		659.000000		268435456
8853.000000		9251.000000		13802.000000		268435456
19377.000000		15796.000000		20373.000000		268435456
7270.000000		16386.000000		17072.000000		268435456
3855.000000		5610.000000		16870.000000		268435456
12027.000000		15503.000000		23944.000000		268435456
1266.000000		31071.000000		32517.000000		268435456
7296.000000		29499.000000		29237.000000		268435456
31159.000000		27665.000000		30673.000000		268435456
29655.000000		2788.000000		10639.000000		268435456
21129.000000		30552.000000		23975.000000		268435456
20662.000000		22784.000000		24946.000000		268435456
21279.000000		20542.000000		18652.000000		268435456
7103.000000		1741.000000		3247.000000		268435456
3925.000000		20012.000000		29245.000000		268435456
1399.000000		10741.000000		19628.000000		268435456
29673.000000		20538.000000		1179.000000		268435456
3369.000000		15706.000000		24169.000000		268435456
30918.000000		14784.000000		27792.000000		268435456
16662.000000		21008.000000		13101.000000		268435456
21668.000000		24327.000000		31737.000000		268435456
6020.000000		14764.000000		20745.000000		268435456
15590.000000		8483.000000		991.000000		268435456
22662.000000		8810.000000		29156.000000		268435456
11770.000000		9306.000000		707.000000		268435456
7831.000000		29410.000000		22499.000000		268435456
14248.000000		3759.000000		32394.000000		268435456
2135.000000		30274.000000		1083.000000		268435456
9751.000000		9307.000000		26744.000000		268435456
24600.000000		27458.000000		31185.000000		268435456
27503.000000		30309.000000		20222.000000		268435456
19953.000000		5969.000000		1848.000000		268435456
14171.000000		15259.000000		29774.000000		268435456
12175.000000		27819.000000		19435.000000		268435456
225.000000		26250.000000		29155.000000		268435456
32015.000000		27989.000000		23255.000000		268435456
15428.000000		11093.000000		12423.000000		268435456
17517.000000		3642.000000		4232.000000		268435456
23021.000000		32381.000000		31108.000000		268435456
19837.000000		17623.000000		32165.000000		268435456
19605.000000		12777.000000		4341.000000		268435456
30312.000000		28474.000000		13941.000000		268435456
1050.000000		18395.000000		29310.000000		268435456
23829.000000		14655.000000		32416.000000		268435456
22475.000000		27541.000000		16587.000000		268435456
1048.000000		21329.000000		13429.000000		268435456
5650.000000		19925.000000		3499.000000		268435456
25078.000000		3611.000000		8526.000000		268435456
10432.000000		30581.000000		9126.000000		268435456
16343.000000		3048.000000		31992.000000		268435456
17517.000000		3792.000000		15185.000000		268435456
2311.000000		939.000000		4124.000000		268435456
16032.000000		7357.000000		21979.000000		268435456
16085.000000		23259.000000		1566.000000		268435456
14786.000000		9277.000000		9094.000000		268435456
15531.000000		29359.000000		14584.000000		268435456
9996.000000		27700.000000		14338.000000		268435456
26233.000000		14945.000000		8686.000000		268435456
32235.000000		15547.000000		10214.000000		268435456
20421.000000		15220.000000		12337.000000		268435456
17805.000000		6643.000000		20930.000000		268435456
29695.000000		13885.000000		8914.000000		268435456
30871.000000		17514.000000		23160.000000		268435456
18670.000000		21532.000000		13709.000000		268435456
13371.000000		2911.000000		6110.000000		268435456
23118.000000		16933.000000		2134.000000		268435456
23318.000000		22417.000000		5596.000000		268435456
18933.000000		557.000000		14252.000000		268435456
10669.000000		21860.000000		24959.000000		268435456
4634.000000		14706.000000		12321.000000		268435456
32096.000000		23411.000000		8889.000000		268435456
20375.000000		2908.000000		29083.000000		268435456
4130.000000		9971.000000		6339.000000		268435456
14394.000000		29705.000000		18227.000000		268435456
31334.000000		22893.000000		5733.000000		268435456
17791.000000		27035.000000		32444.000000		268435456
14832.000000		23485.000000		29319.000000		268435456
5707.000000		7305.000000		30560.000000		268435456
6044.000000		30804.000000		22230.000000		268435456
10880.000000		20064.000000		212.000000		268435456
24365.000000		13104.000000		14704.000000		268435456
29061.000000		13237.000000		3340.000000		268435456
17349.000000		12301.000000		28616.000000		268435456
16657.000000		311.000000		13429.000000		268435456
20636.000000		26546.000000		30783.000000		268435456
15324.000000		27939.000000		4391.000000		268435456
14593.000000		4973.000000		9519.000000		268435456
2057.000000		25994.000000		3982.000000		268435456
3034.000000		8732.000000		3926.000000		268435456
858.000000		20773.000000		4972.000000		268435456
3605.000000		19538.000000		28383.000000		268435456
30619.000000		13230.000000		17999.000000		268435456
7369.000000		1401.000000		389.000000		268435456
15292.000000		20471.000000		8405.000000		268435456
17146.000000		9729.000000		18809.000000		268435456
16019.000000		12594.000000		21058.000000		268435456
30779.000000		20223.000000		1049.000000		268435456
15946.000000		12842.000000		8801.000000		268435456
5287.000000		16834.000000		2200.000000		268435456
31698.000000		29795.000000		22439.000000		268435456
15330.000000		17997.000000		7718.000000		268435456
7163.000000		4688.000000		8201.000000		268435456
9250.000000		20922.000000		5692.000000		268435456
12294.000000		32546.000000		1295.000000		268435456
32631.000000		31206.000000		25363.000000		268435456
7624.000000		19432.000000		9215.000000		268435456
15556.000000		30216.000000		19318.000000		268435456
25518.000000		15594.000000		18747.000000		268435456
9001.000000		1006.000000		5223.000000		268435456
3919.000000		2955.000000		14889.000000		268435456
17868.000000		6178.000000		20053.000000		268435456
15694.000000		12316.000000		31542.000000		268435456
18247.000000		21283.000000		14035.000000		268435456
12204.000000		27736.000000		18397.000000		268435456
11046.000000		24688.000000		8463.000000		268435456
1006.000000		23181.000000		20657.000000		268435456
22833.000000		13342.000000		26239.000000		268435456
25748.000000		20124.000000		14301.000000		268435456
18812.000000		8745.000000		20083.000000		268435456
18903.000000		11601.000000		16030.000000		268435456
24955.000000		5834.000000		30360.000000		268435456
2994.000000		21445.000000		13972.000000		268435456
10622.000000		22893.000000		24462.000000		268435456
15249.000000		3017.000000		8206.000000		268435456
32611.000000		19491.000000		10265.000000		268435456
1606.000000		11145.000000		31378.000000		268435456
5741.000000		6051.000000		1691.000000		268435456
20247.000000		11754.000000		16207.000000		268435456
15733.000000		14387.000000		984.000000		268435456
23290.000000		7761.000000		21829.000000		268435456
23534.000000		31253.000000		11056.000000		268435456
20316.000000		28111.000000		7489.000000		268435456
11132.000000		13386.000000		9172.000000		268435456
2567.000000		235.000000		2042.000000		268435456
14092.000000		1737.000000		17318.000000		268435456
3.000000		19585.000000		4856.000000		268435456
27051.000000		7548.000000		30653.000000		268435456
28552.000000		32111.000000		6419.000000		268435456
18061.000000		2977.000000		10184.000000		268435456
21849.000000		14853.000000		10648.000000		268435456
4363.000000		19296.000000		20676.000000		268435456
20509.000000		23921.000000		9608.000000		268435456
1658.000000		23478.000000		18624.000000		268435456
31894.000000		27815.000000		17516.000000		268435456
9511.000000		27398.000000		16549.000000		268435456
27587.000000		16745.000000		27299.000000		268435456
8936.000000		1776.000000		31294.000000		268435456
12372.000000		21381.000000		31047.000000		268435456
31478.000000		31289.000000		6129.000000		268435456
13043.000000		29023.000000		1014.000000		268435456
11787.000000		26601.000000		14569.000000		268435456
5455.000000		28765.000000		13087.000000		268435456
16648.000000		24310.000000		3999.000000		268435456
31224.000000		13018.000000		6560.000000		268435456
1405.000000		9219.000000		6666.000000		268435456
7006.000000		9371.000000		31462.000000		268435456
5364.000000		22315.000000		27093.000000		268435456
18069.000000		20489.000000		31425.000000		268435456
29387.000000		31176.000000		20597.000000		268435456
7858.000000		15773.000000		683.000000		268435456
20992.000000		15539.000000		5619.000000		268435456
5079.000000		15410.000000		24635.000000		268435456
21313.000000		31105.000000		29371.000000		268435456
17741.000000		19529.000000		20209.000000		268435456
1298.000000		22929.000000		9185.000000		268435456
10294.000000		347.000000		21418.000000		268435456
21238.000000		1049.000000		28302.000000		268435456
21700.000000		5073.000000		6735.000000		268435456
12758.000000		18540.000000		4761.000000		268435456
23027.000000		25399.000000		30373.000000		268435456
1817.000000		11315.000000		21876.000000		268435456
31800.000000		7108.000000		20297.000000		268435456
21808.000000		7499.000000		17910.000000		268435456
23981.000000		25427.000000		9781.000000		268435456
29565.000000		21896.000000		28335.000000		268435456
20113.000000		12632.000000		13420.000000		268435456
20708.000000		21137.000000		12222.000000		268435456
31555.000000		4736.000000		13974.000000		268435456
18275.000000		11910.000000		14955.000000		268435456
26877.000000		25590.000000		9904.000000		268435456
11395.000000		13883.000000		30702.000000		268435456
17649.000000		23427.000000		17196.000000		268435456
23942.000000		24614.000000		21033.000000		268435456
424.000000		18694.000000		32265.000000		268435456
22424.000000		21336.000000		12357.000000		268435456
11429.000000		13051.000000		20167.000000		268435456
19308.000000		4110.000000		21099.000000		268435456
23228.000000		4860.000000		30798.000000		268435456
22803.000000		5064.000000		24339.000000		268435456
5026.000000		22673.000000		12315.000000		268435456
3051.000000		4327.000000		14752.000000		268435456
21915.000000		18339.000000		17999.000000		268435456
6132.000000		5688.000000		27970.000000		268435456
12376.000000		5478.000000		1657.000000		268435456
4345.000000		23807.000000		26705.000000		268435456
8795.000000		8616.000000		5936.000000		268435456
10556.000000		29788.000000		17316.000000		268435456
26242.000000		9145.000000		13011.000000		268435456
18616.000000		14113.000000		11916.000000		268435456
18306.000000		26985.000000		15883.000000		268435456
20240.000000		30062.000000		9086.000000		268435456
28032.000000		11223.000000		4335.000000		268435456
25024.000000		3507.000000		4753.000000		268435456
32259.000000		20735.000000		19910.000000		268435456
5423.000000		26855.000000		1621.000000		268435456
24821.000000		584.000000		27881.000000		268435456
23215.000000		31762.000000		15547.000000		268435456
7544.000000		8072.000000		18225.000000		268435456
13974.000000		9597.000000		4344.000000		268435456
6052.000000		4918.000000		28910.000000		268435456
10478.000000		1578.000000		13488.000000		268435456
5279.000000		14265.000000		13667.000000		268435456
14448.000000		26716.000000		26062.000000		268435456
23687.000000		10016.000000		1846.000000		268435456
709.000000		27224.000000		23500.000000		268435456
10778.000000		17828.000000		21589.000000		268435456
26179.000000		4264.000000		25184.000000		268435456
26161.000000		27840.000000		27713.000000		268435456
6305.000000		9603.000000		20681.000000		268435456
354.000000		8134.000000		7615.000000		268435456
7000.000000		29489.000000		5161.000000		268435456
10341.000000		29753.000000		27990.000000		268435456
18852.000000		1400.000000		10419.000000		268435456
8204.000000		10068.000000		22578.000000		268435456
1386.000000		17016.000000		28828.000000		268435456
23542.000000		1924.000000		3897.000000		268435456
8045.000000		25990.000000		10507.000000		268435456
28480.000000		13253.000000		1142.000000		268435456
19602.000000		18146.000000		7286.000000		268435456
22753.000000		3100.000000		6443.000000		268435456
7465.000000		29018.000000		28473.000000		268435456
30070.000000		21922.000000		17701.000000		268435456
19570.000000		25402.000000		20038.000000		268435456
7848.000000		23015.000000		16423.000000		268435456
11738.000000		2588.000000		12599.000000		268435456
17522.000000		31885.000000		7304.000000		268435456
19104.000000		8557.000000		6201.000000		268435456
9968.000000		13160.000000		28250.000000		268435456
15846.000000		10697.000000		891.000000		268435456
22401.000000		19600.000000		7345.000000		268435456
22101.000000		17280.000000		9514.000000		268435456
24157.000000		19234.000000		25315.000000		268435456
19426.000000		24787.000000		20516.000000		268435456
24052.000000		11943.000000		26073.000000		268435456
15702.000000		5332.000000		13544.000000		268435456
24493.000000		591.000000		9675.000000		268435456
31903.000000		18934.000000		27496.000000		268435456
11741.000000		26767.000000		3835.000000		268435456
16929.000000		30622.000000		25545.000000		268435456
19731.000000		19649.000000		3143.000000		268435456
32373.000000		4188.000000		28989.000000		268435456
23304.000000		18383.000000		21680.000000		268435456
32603.000000		27296.000000		2416.000000		268435456
25557.000000		26135.000000		18732.000000		268435456
18383.000000		25588.000000		22598.000000		268435456
11836.000000		11271.000000		10829.000000		268435456
9337.000000		812.000000		15067.000000		268435456
9768.000000		17444.000000		17842.000000		268435456
31991.000000		30735.000000		26112.000000		268435456
30899.000000		31864.000000		2362.000000		268435456
30637.000000		5979.000000		15279.000000		268435456
14155.000000		29340.000000		15980.000000		268435456
2338.000000		26684.000000		28716.000000		268435456
32726.000000		21716.000000		6805.000000		268435456
18707.000000		5257.000000		27335.000000		268435456
17890.000000		17408.000000		24711.000000		268435456
14014.000000		8036.000000		6015.000000		268435456
32061.000000		30023.000000		5895.000000		268435456
17180.000000		15891.000000		30201.000000		268435456
8340.000000		971.000000		25410.000000		268435456
21243.000000		7464.000000		26503.000000		268435456
28389.000000		16838.000000		30949.000000		268435456
17466.000000		20564.000000		24875.000000		268435456
20711.000000		5597.000000		22957.000000		268435456
10391.000000		13689.000000		2016.000000		268435456
13235.000000		23702.000000		23689.000000		268435456
11724.000000		17372.000000		11414.000000		268435456
22618.000000		12071.000000		14501.000000		268435456
24046.000000		9849.000000		27288.000000		268435456
12329.000000		10270.000000		10994.000000		268435456
21579.000000		11506.000000		9816.000000		268435456
27587.000000		5015.000000		19727.000000		268435456
576.000000		8337.000000		9182.000000		268435456
30566.000000		15345.000000		27290.000000		268435456
31925.000000		29516.000000		13120.000000		268435456
18667.000000		1349.000000		7763.000000		268435456
22084.000000		7379.000000		22257.000000		268435456
13411.000000		6422.000000		21143.000000		268435456
4922.000000		24077.000000		6869.000000		268435456
615.000000		20703.000000		31003.000000		268435456
7149.000000		7569.000000		25672.000000		268435456
20332.000000		10649.000000		31733.000000		268435456
1828.000000		12287.000000		8871.000000		268435456
23993.000000		9042.000000		7757.000000		268435456
31100.000000		13630.000000		17661.000000		268435456
3036.000000		22359.000000		19794.000000		268435456
30732.000000		20497.000000		1242.000000		268435456
8103.000000		5305.000000		21062.000000		268435456
15302.000000		28547.000000		16255.000000		268435456
6684.000000		17926.000000		31930.000000		268435456
8250.000000		14866.000000		3567.000000		268435456
25306.000000		5258.000000		18519.000000		268435456
966.000000		30885.000000		24952.000000		268435456
23005.000000		31874.000000		17348.000000		268435456
10332.000000		13231.000000		28116.000000		268435456
21689.000000		8958.000000		9860.000000		268435456
11109.000000		7958.000000		27387.000000		268435456
18580.000000		2399.000000		8684.000000		268435456
20586.000000		426.000000		2094.000000		268435456
29831.000000		960.000000		7547.000000		268435456
28040.000000		2904.000000		5873.000000		268435456
22582.000000		28330.000000		18739.000000		268435456
6616.000000		6492.000000		20453.000000		268435456
12475.000000		21977.000000		20690.000000		268435456
7514.000000		18970.000000		27845.000000		268435456
10805.000000		24834.000000		4341.000000		268435456
24317.000000		2669.000000		31217.000000		268435456
32414.000000		15579.000000		2949.000000		268435456
30939.000000		1164.000000		1869.000000		268435456
27321.000000		9687.000000		2825.000000		268435456
963.000000		7377.000000		4963.000000		268435456
18475.000000		1868.000000		31918.000000		268435456
25256.000000		773.000000		31995.000000		268435456
18467.000000		7424.000000		5918.000000		268435456
11152.000000		24326.000000		18102.000000		268435456
19491.000000		32340.000000		30854.000000		268435456
3853.000000		21976.000000		21829.000000		268435456
17086.000000		16771.000000		4180.000000		268435456
8307.000000		8331.000000		23638.000000		268435456
19566.000000		19114.000000		31131.000000		268435456
28744.000000		16499.000000		14161.000000		268435456
20679.000000		11679.000000		28954.000000		268435456
22418.000000		5283.000000		17009.000000		268435456
9913.000000		6844.000000		24147.000000		268435456
28190.000000		17080.000000		15845.000000		268435456
4768.000000		28190.000000		2374.000000		268435456
16083.000000		6475.000000		10237.000000		268435456
13132.000000		30237.000000		7840.000000		268435456
13475.000000		23711.000000		7309.000000		268435456
4943.000000		12505.000000		8826.000000		268435456
16329.000000		24184.000000		30473.000000		268435456
1579.000000		27186.000000		30213.000000		268435456
9797.000000		26636.000000		525.000000		268435456
20796.000000		6795.000000		11957.000000		268435456
9185.000000		27028.000000		14920.000000		268435456
28272.000000		31775.000000		15816.000000		268435456
15642.000000		9454.000000		25608.000000		268435456
2859.000000		20442.000000		23864.000000		268435456
17868.000000		12603.000000		14810.000000		268435456
20455.000000		3055.000000		29560.000000		268435456
26475.000000		21400.000000		8177.000000		268435456
3447.000000		32163.000000		12699.000000		268435456
15406.000000		19762.000000		23389.000000		268435456
13035.000000		5379.000000		10146.000000		268435456
11136.000000		31075.000000		7474.000000		268435456
31632.000000		27781.000000		31022.000000		268435456
27016.000000		30376.000000		4403.000000		268435456
9856.000000		30653.000000		20687.000000		268435456
7853.000000		11139.000000		23707.000000		268435456
20918.000000		27567.000000		14997.000000		268435456
7522.000000		21679.000000		25877.000000		268435456
20656.000000		14444.000000		16064.000000		268435456
31645.000000		31785.000000		8461.000000		268435456
6902.000000		7917.000000		31646.000000		268435456
12989.000000		20732.000000		27096.000000		268435456
18730.000000		24441.000000		10732.000000		268435456
25565.000000		26074.000000		7526.000000		268435456
5989.000000		31728.000000		31077.000000		268435456
22456.000000		28894.000000		8318.000000		268435456
6679.000000		26322.000000		6970.000000		268435456
6315.000000		20751.000000		21422.000000		268435456
20124.000000		734.000000		11946.000000		268435456
27264.000000		28284.000000		7295.000000		268435456
831.000000		24726.000000		10235.000000		268435456
14079.000000		4109.000000		4483.000000		268435456
19059.000000		32281.000000		17521.000000		268435456
6012.000000		3667.000000		29528.000000		268435456
23389.000000		17154.000000		15914.000000		268435456
17114.000000		27909.000000		13762.000000		268435456
30209.000000		21843.000000		18651.000000		268435456
9401.000000		27886.000000		17236.000000		268435456
11198.000000		1435.000000		31974.000000		268435456
3534.000000		9838.000000		11126.000000		268435456
23763.000000		16338.000000		18500.000000		268435456
5778.000000		16614.000000		23962.000000		268435456
25120.000000		31645.000000		21807.000000		268435456
17613.000000		30114.000000		17924.000000		268435456
18027.000000		25087.000000		9373.000000		268435456
6564.000000		19741.000000		24439.000000		268435456
13512.000000		6050.000000		28384.000000		268435456
12598.000000		31671.000000		27287.000000		268435456
27131.000000		8757.000000		18186.000000		268435456
24049.000000		32566.000000		18157.000000		268435456
5349.000000		1174.000000		3564.000000		268435456
31004.000000		12448.000000		13002.000000		268435456
13922.000000		16583.000000		1983.000000		268435456
20306.000000		30295.000000		20091.000000		268435456
19236.000000		16345.000000		29660.000000		268435456
27353.000000		12419.000000		29844.000000		268435456
27238.000000		32594.000000		26647.000000		268435456
22306.000000		28194.000000		7214.000000		268435456
6803.000000		8374.000000		31112.000000		268435456
8147.000000		860.000000		23415.000000		268435456
31027.000000		25412.000000		31477.000000		268435456
4903.000000		18928.000000		4072.000000		268435456
1466.000000		30979.000000		23829.000000		268435456
653.000000		15058.000000		32491.000000		268435456
30484.000000		24492.000000		5983.000000		268435456
11715.000000		15439.000000		15598.000000		268435456
4599.000000		15129.000000		46.000000		268435456
1008.000000		600.000000		8712.000000		268435456
2671.000000		29251.000000		12631.000000		268435456
17244.000000		18110.000000		23224.000000		268435456
9498.000000		20726.000000		4742.000000		268435456
3034.000000		32135.000000		2163.000000		268435456
7430.000000		32699.000000		29948.000000		268435456
264.000000		3495.000000		14580.000000		268435456
22849.000000		4272.000000		25741.000000		268435456
28903.000000		4283.000000		3210.000000		268435456
18796.000000		31559.000000		32738.000000		268435456
26748.000000		15517.000000		731.000000		268435456
25333.000000		31261.000000		24177.000000		268435456
894.000000		28652.000000		25298.000000		268435456
16581.000000		9579.000000		21678.000000		268435456
25911.000000		30422.000000		23991.000000		268435456
25988.000000		10688.000000		22359.000000		268435456
30751.000000		4045.000000		13984.000000		268435456
9409.000000		28164.000000		25844.000000		268435456
7913.000000		4075.000000		11956.000000		268435456
20896.000000		11509.000000		18650.000000		268435456
15595.000000		21802.000000		3078.000000		268435456
4570.000000		17818.000000		19796.000000		268435456
13609.000000		2253.000000		5094.000000		268435456
10808.000000		9056.000000		6852.000000		268435456
1652.000000		7806.000000		4863.000000		268435456
21964.000000		27108.000000		8146.000000		268435456
20567.000000		3339.000000		23707.000000		268435456
19349.000000		22930.000000		779.000000		268435456
8134.000000		979.000000		22494.000000		268435456
3669.000000		31131.000000		22646.000000		268435456
13262.000000		27714.000000		3298.000000		268435456
4281.000000		18684.000000		13838.000000		268435456
18869.000000		26847.000000		31988.000000		268435456
11310.000000		23428.000000		22564.000000		268435456
15693.000000		19427.000000		14428.000000		268435456
29428.000000		10521.000000		25360.000000		268435456
13672.000000		15707.000000		27008.000000		268435456
5705.000000		17592.000000		445.000000		268435456
32167.000000		3372.000000		16449.000000		268435456
32711.000000		32215.000000		14580.000000		268435456
26149.000000		1957.000000		6619.000000		268435456
26955.000000		27189.000000		21877.000000		268435456
22185.000000		9056.000000		16564.000000		268435456
16636.000000		20293.000000		28474.000000		268435456
1630.000000		5528.000000		31971.000000		268435456
3916.000000		10665.000000		9846.000000		268435456
19020.000000		22089.000000		14667.000000		268435456
29445.000000		30338.000000		3897.000000		268435456
31740.000000		28587.000000		2727.000000		268435456
11213.000000		13693.000000		18102.000000		268435456
26395.000000		11503.000000		15577.000000		268435456
9621.000000		11237.000000		31134.000000		268435456
18411.000000		27208.000000		84.000000		268435456
6137.000000		4128.000000		17685.000000		268435456
32229.000000		31897.000000		13439.000000		268435456
8829.000000		17000.000000		25636.000000		268435456
31974.000000		29038.000000		27999.000000		268435456
27423.000000		25238.000000		6586.000000		268435456
3239.000000		22532.000000		497.000000		268435456
14024.000000		15450.000000		19349.000000		268435456
22915.000000		27274.000000		32243.000000		268435456
19311.000000		31296.000000		23726.000000		268435456
2739.000000		23266.000000		3340.000000		268435456
14873.000000		9540.000000		5632.000000		268435456
20865.000000		18577.000000		11933.000000		268435456
756.000000		31212.000000		25273.000000		268435456
549.000000		3478.000000		2200.000000		268435456
28739.000000		23835.000000		24892.000000		268435456
4688.000000		11873.000000		21813.000000		268435456
5330.000000		2591.000000		23676.000000		268435456
8839.000000		23853.000000		31322.000000		268435456
8489.000000		16551.000000		14748.000000		268435456
20192.000000		15193.000000		11023.000000		268435456
20160.000000		5281.000000		21455.000000		268435456
14530.000000		25502.000000		21085.000000		268435456
728.000000		23347.000000		13555.000000		268435456
24238.000000		24118.000000		17506.000000		268435456
4807.000000		22345.000000		9053.000000		268435456
14408.000000		31813.000000		7553.000000		268435456
20962.000000		3445.000000		11722.000000		268435456
31757.000000		18992.000000		8440.000000		268435456
21820.000000		23050.000000		17533.000000		268435456
16767.000000		24733.000000		8004.000000		268435456
13308.000000		21951.000000		6880.000000		268435456
11697.000000		27220.000000		16918.000000		268435456
2811.000000		5182.000000		3922.000000		268435456
20847.000000		18749.000000		24270.000000		268435456
16602.000000		9575.000000		16098.000000		268435456
10112.000000		28452.000000		29102.000000		268435456
997.000000		19761.000000		18725.000000		268435456
1711.000000		20245.000000		29507.000000		268435456
19786.000000		28531.000000		11371.000000		268435456
11932.000000		21100.000000		9922.000000		268435456
28059.000000		1009.000000		7425.000000		268435456
10124.000000		2281.000000		6980.000000		268435456
21647.000000		23688.000000		23102.000000		268435456
19627.000000		28007.000000		13083.000000		268435456
31355.000000		27220.000000		23183.000000		268435456
21883.000000		8461.000000		27590.000000		268435456
7168.000000		20500.000000		17346.000000		268435456
24169.000000		32017.000000		9771.000000		268435456
26842.000000		16201.000000		5940.000000		268435456
6593.000000		24418.000000		8727.000000		268435456
27872.000000		10938.000000		20925.000000		268435456
18801.000000		12494.000000		4414.000000		268435456
26244.000000		5218.000000		3432.000000		268435456
14176.000000		25488.000000		25901.000000		268435456
127.000000		30205.000000		1876.000000		268435456
25926.000000		7996.000000		6375.000000		268435456
3184.000000		19106.000000		22105.000000		268435456
28227.000000		2948.000000		560.000000		268435456
31376.000000		25904.000000		12098.000000		268435456
25512.000000		15700.000000		32682.000000		268435456
28360.000000		21123.000000		22976.000000		268435456
7085.000000		16940.000000		28746.000000		268435456
3533.000000		22429.000000		1368.000000		268435456
17428.000000		13255.000000		5605.000000		268435456
32024.000000		31563.000000		4098.000000		268435456
25567.000000		12913.000000		10158.000000		268435456
9929.000000		18420.000000		6197.000000		268435456
7836.000000		11927.000000		15108.000000		268435456
11988.000000		23951.000000		29322.000000		268435456
20743.000000		6773.000000		6119.000000		268435456
14612.000000		21749.000000		24389.000000		268435456
20969.000000		756.000000		23524.000000		268435456
14351.000000		11527.000000		13924.000000		268435456
4976.000000		15118.000000		18785.000000		268435456
2708.000000		20320.000000		16639.000000		268435456
24717.000000		18264.000000		6791.000000		268435456
17017.000000		32147.000000		11549.000000		268435456
20199.000000		8065.000000		30268.000000		268435456
6434.000000		31005.000000		1370.000000		268435456
2445.000000		14821.000000		2809.000000		268435456
26266.000000		18318.000000		26587.000000		268435456
8556.000000		14723.000000		9808.000000		268435456
30307.000000		24999.000000		28815.000000		268435456
26669.000000		4349.000000		12673.000000		268435456
24909.000000		14162.000000		30903.000000		268435456
20249.000000		3436.000000		6779.000000		268435456
13801.000000		3005.000000		533.000000		268435456
9982.000000		4642.000000		11787.000000		268435456
16767.000000		5131.000000		28258.000000		268435456
16214.000000		27325.000000		4914.000000		268435456
18826.000000		18508.000000		5082.000000		268435456
4645.000000		2832.000000		16597.000000		268435456
2599.000000		18880.000000		26103.000000		268435456
14142.000000		27860.000000		15942.000000		268435456
26623.000000		29334.000000		21950.000000		268435456
5358.000000		2329.000000		5208.000000		268435456
1160.000000		25246.000000		20253.000000		268435456
32075.000000		16365.000000		22518.000000		268435456
22975.000000		31143.000000		24916.000000		268435456
28304.000000		27328.000000		30841.000000		268435456
16037.000000		31622.000000		15969.000000		268435456
21064.000000		26204.000000		19253.000000		268435456
18461.000000		25337.000000		25052.000000		268435456
10817.000000		10135.000000		31472.000000		268435456
29189.000000		32730.000000		27090.000000		268435456
27512.000000		31240.000000		23869.000000		268435456
27296.000000		12901.000000		3194.000000		268435456
9853.000000		27229.000000		2296.000000		268435456
20136.000000		14467.000000		11228.000000		268435456
23042.000000		9771.000000		12371.000000		268435456
11938.000000		25420.000000		25788.000000		268435456
14226.000000		22866.000000		1591.000000		268435456
26185.000000		31301.000000		10345.000000		268435456
2976.000000		21832.000000		10716.000000		268435456
13611.000000		24326.000000		2379.000000		268435456
12655.000000		10462.000000		1263.000000		268435456
13268.000000		32583.000000		28725.000000		268435456
20615.000000		20331.000000		1952.000000		268435456
17167.000000		7307.000000		1263.000000		268435456
25773.000000		21602.000000		2917.000000		268435456
31530.000000		14301.000000		15985.000000		268435456
4761.000000		17575.000000		12381.000000		268435456
32582.000000		21855.000000		24520.000000		268435456
23262.000000		6492.000000		4753.000000		268435456
32019.000000		7832.000000		11420.000000		268435456
10696.000000		32717.000000		2959.000000		268435456
7050.000000		31683.000000		27850.000000		268435456
24085.000000		4289.000000		10760.000000		268435456
15235.000000		23440.000000		30877.000000		268435456
31181.000000		15721.000000		27773.000000		268435456
17207.000000		24088.000000		3961.000000		268435456
6069.000000		662.000000		27942.000000		268435456
18961.000000		17135.000000		14627.000000		268435456
17674.000000		25346.000000		23687.000000		268435456
27742.000000		9110.000000		30182.000000		268435456
21118.000000		20432.000000		13694.000000		268435456
26292.000000		31425.000000		7232.000000		268435456
24763.000000		4753.000000		20654.000000		268435456
26410.000000		3630.000000		745.000000		268435456
11220.000000		3693.000000		13958.000000		268435456
22207.000000		21498.000000		3140.000000		268435456
13923.000000		22081.000000		5731.000000		268435456
18295.000000		11707.000000		25760.000000		268435456
16465.000000		13267.000000		28286.000000		268435456
17438.000000		8904.000000		22231.000000		268435456
15989.000000		24681.000000		916.000000		268435456
1200.000000		28784.000000		4903.000000		268435456
8078.000000		26984.000000		6304.000000		268435456
5842.000000		8730.000000		12890.000000		268435456
24642.000000		7110.000000		13812.000000		268435456
27625.000000		15485.000000		13208.000000		268435456
4909.000000		26481.000000		3214.000000		268435456
1706.000000		11888.000000		15742.000000		268435456
25378.000000		2044.000000		28042.000000		268435456
16444.000000		32515.000000		6981.000000		268435456
1321.000000		29231.000000		14071.000000		268435456
24899.000000		25572.000000		21796.000000		268435456
23782.000000		7759.000000		20092.000000		268435456
9576.000000		23610.000000		28468.000000		268435456
4450.000000		21815.000000		6027.000000		268435456
16449.000000		27513.000000		23671.000000		268435456
18812.000000		15005.000000		5660.000000		268435456
12455.000000		27872.000000		7131.000000		268435456
3683.000000		30994.000000		28706.000000		268435456
11214.000000		930.000000		21320.000000		268435456
14307.000000		17567.000000		3891.000000		268435456
15310.000000		13540.000000		8476.000000		268435456
6518.000000		28437.000000		4391.000000		268435456
25939.000000		4117.000000		22185.000000		268435456
14417.000000		5472.000000		20877.000000		268435456
22187.000000		16211.000000		28291.000000		268435456
29162.000000		3969.000000		28489.000000		268435456
22134.000000		15569.000000		26572.000000		268435456
30626.000000		21757.000000		6340.000000		268435456
29338.000000		2946.000000		19390.000000		268435456
12194.000000		1502.000000		28260.000000		268435456
24659.000000		109.000000		5405.000000		268435456
13316.000000		19614.000000		15952.000000		268435456
9321.000000		14204.000000		2396.000000		268435456
8417.000000		26515.000000		3501.000000		268435456
1789.000000		2467.000000		24989.000000		268435456
30432.000000		26804.000000		8911.000000		268435456
6254.000000		5037.000000		30154.000000		268435456
23380.000000		12489.000000		24861.000000		268435456
13623.000000		25628.000000		1664.000000		268435456
16395.000000		26483.000000		4753.000000		268435456
5349.000000		3024.000000		21130.000000		268435456
19552.000000		17282.000000		1055.000000		268435456
5231.000000		24700.000000		27402.000000		268435456
3629.000000		28562.000000		29031.000000		268435456
9871.000000		4373.000000		17844.000000		268435456
21677.000000		17652.000000		29052.000000		268435456
13562.000000		2993.000000		28326.000000		268435456
28784.000000		2881.000000		14763.000000		268435456
21383.000000		29078.000000		946.000000		268435456
15090.000000		29995.000000		27781.000000		268435456
662.000000		16759.000000		24903.000000		268435456
3437.000000		17259.000000		6802.000000		268435456
28774.000000		18684.000000		11575.000000		268435456
514.000000		23774.000000		26498.000000		268435456
16668.000000		9775.000000		17923.000000		268435456
19283.000000		22317.000000		16817.000000		268435456
29594.000000		30317.000000		7552.000000		268435456
28182.000000		28049.000000		4954.000000		268435456
3460.000000		5088.000000		15341.000000		268435456
1368.000000		19349.000000		7118.000000		268435456
25347.000000		17336.000000		9422.000000		268435456
17757.000000		28651.000000		1156.000000		268435456
7967.000000		18061.000000		10546.000000		268435456
31332.000000		20383.000000		6376.000000		268435456
14287.000000		10690.000000		27427.000000		268435456
6081.000000		23640.000000		6445.000000		268435456
17679.000000		21434.000000		1142.000000		268435456
24827.000000		12396.000000		16265.000000		268435456
21655.000000		24115.000000		30523.000000		268435456
6651.000000		31202.000000		3242.000000		268435456
23561.000000		14648.000000		22640.000000		268435456
19563.000000		22980.000000		6986.000000		268435456
27065.000000		5724.000000		5581.000000		268435456
24537.000000		24396.000000		25631.000000		268435456
14414.000000		3896.000000		24004.000000		268435456
20279.000000		7886.000000		21158.000000		268435456
25591.000000		11116.000000		7427.000000		268435456
461.000000		12912.000000		8304.000000		268435456
16359.000000		10639.000000		18208.000000		268435456
1730.000000		18190.000000		28674.000000		268435456
16720.000000		3027.000000		18486.000000		268435456
31161.000000		16858.000000		24936.000000		268435456
12576.000000		13382.000000		7065.000000		268435456
31807.000000		7070.000000		10748.000000		268435456
26654.000000		9717.000000		10222.000000		268435456
17146.000000		21668.000000		26151.000000		268435456
20806.000000		5989.000000		15174.000000		268435456
1752.000000		28848.000000		14068.000000		268435456
23664.000000		14354.000000		25112.000000		268435456
2482.000000		19604.000000		5840.000000		268435456
32675.000000		11775.000000		27166.000000		268435456
6940.000000		26435.000000		30680.000000		268435456
28585.000000		12661.000000		16009.000000		268435456
30041.000000		30323.000000		883.000000		268435456
26810.000000		7296.000000		32014.000000		268435456
13230.000000		25380.000000		1588.000000		268435456
18009.000000		4315.000000		15282.000000		268435456
23174.000000		9391.000000		1080.000000		268435456
21951.000000		21046.000000		1374.000000		268435456
16171.000000		28968.000000		29049.000000		268435456
20571.000000		27685.000000		10149.000000		268435456
24569.000000		28724.000000		26317.000000		268435456
21593.000000		542.000000		5701.000000		268435456
16219.000000		6567.000000		14220.000000		268435456
3887.000000		3393.000000		31048.000000		268435456
25325.000000		15238.000000		21777.000000		268435456
12954.000000		7920.000000		202.000000		268435456
1435.000000		23355.000000		17553.000000		268435456
18073.000000		20565.000000		26071.000000		268435456
9884.000000		21538.000000		24833.000000		268435456
2878.000000		9836.000000		8669.000000		268435456
14473.000000		18874.000000		1529.000000		268435456
29562.000000		12078.000000		28319.000000		268435456
6930.000000		19991.000000		25057.000000		268435456
24099.000000		18406.000000		7861.000000		268435456
3825.000000		3440.000000		23753.000000		268435456
9453.000000		9703.000000		25336.000000		268435456
18229.000000		30175.000000		3759.000000		268435456
28937.000000		12815.000000		11116.000000		268435456
27640.000000		16033.000000		31532.000000		268435456
5029.000000		23772.000000		4739.000000		268435456
8724.000000		29826.000000		452.000000		268435456
29834.000000		5126.000000		14296.000000		268435456
18566.000000		22846.000000		31036.000000		268435456
4997.000000		17361.000000		11173.000000		268435456
26479.000000		493.000000		4555.000000		268435456
10588.000000		7582.000000		7851.000000		268435456
5624.000000		17637.000000		11532.000000		268435456
15232.000000		2654.000000		579.000000		268435456
13192.000000		16783.000000		11239.000000		268435456
452.000000		2800.000000		13005.000000		268435456
1542.000000		11551.000000		4600.000000		268435456
24499.000000		8605.000000		15038.000000		268435456
29224.000000		9526.000000		6943.000000		268435456
31581.000000		1828.000000		18168.000000		268435456
25586.000000		9684.000000		19248.000000		268435456
14784.000000		13079.000000		5425.000000		268435456
27891.000000		29224.000000		26892.000000		268435456
11530.000000		29307.000000		2965.000000		268435456
27377.000000		22546.000000		3458.000000		268435456
23404.000000		14571.000000		21737.000000		268435456
1264.000000		17539.000000		17350.000000		268435456
17721.000000		22433.000000		24278.000000		268435456
17886.000000		13054.000000		31847.000000		268435456
18300.000000		9023.000000		37.000000		268435456
25427.000000		11481.000000		5387.000000		268435456
29785.000000		7216.000000		27412.000000		268435456
9244.000000		23834.000000		18001.000000		268435456
19659.000000		14059.000000		29711.000000		268435456
11661.000000		17414.000000		14000.000000		268435456
32669.000000		14471.000000		12138.000000		268435456
4043.000000		25016.000000		3123.000000		268435456
32688.000000		4451.000000		2297.000000		268435456
2197.000000		20821.000000		28749.000000		268435456
30705.000000		716.000000		20114.000000		268435456
28975.000000		22206.000000		24656.000000		268435456
28046.000000		32229.000000		17115.000000		268435456
30584.000000		24275.000000		10787.000000		268435456
20797.000000		22847.000000		16382.000000		268435456
27484.000000		30363.000000		26695.000000		268435456
26299.000000		2019.000000		18957.000000		268435456
24862.000000		22513.000000		337.000000		268435456
21976.000000		14273.000000		16186.000000		268435456
32294.000000		27272.000000		28254.000000		268435456
31382.000000		30387.000000		10304.000000		268435456
18782.000000		3680.000000		10551.000000		268435456
12879.000000		1187.000000		5505.000000		268435456
6472.000000		16643.000000		28174.000000		268435456
483.000000		7796.000000		1474.000000		268435456
2373.000000		16681.000000		17961.000000		268435456
5462.000000		8371.000000		6557.000000		268435456
3282.000000		19593.000000		26576.000000		268435456
21353.000000		12867.000000		25330.000000		268435456
4770.000000		523.000000		11607.000000		268435456
8206.000000		1668.000000		515.000000		268435456
727.000000		26259.000000		2086.000000		268435456
32462.000000		926.000000		2560.000000		268435456
2773.000000		5400.000000		13819.000000		268435456
8825.000000		1276.000000		25902.000000		268435456
28247.000000		21202.000000		28139.000000		268435456
10674.000000		23320.000000		13546.000000		268435456
18648.000000		9874.000000		1989.000000		268435456
24634.000000		24867.000000		1082.000000		268435456
7018.000000		16045.000000		7135.000000		268435456
27401.000000		22078.000000		9138.000000		268435456
653.000000		29442.000000		4739.000000		268435456
22928.000000		27434.000000		15301.000000		268435456
19630.000000		6395.000000		24941.000000		268435456
16573.000000		30408.000000		7908.000000		268435456
13642.000000		15770.000000		6932.000000		268435456
21653.000000		21178.000000		14082.000000		268435456
4594.000000		15868.000000		18110.000000		268435456
31619.000000		20227.000000		8775.000000		268435456
5537.000000		12493.000000		2446.000000		268435456
8882.000000		18046.000000		16670.000000		268435456
17442.000000		13213.000000		18435.000000		268435456
15613.000000		30589.000000		11234.000000		268435456
4724.000000		1323.000000		25773.000000		268435456
24165.000000		10995.000000		20695.000000		268435456
21109.000000		29165.000000		27646.000000		268435456
25617.000000		14834.000000		27442.000000		268435456
14137.000000		2689.000000		9854.000000		268435456
7479.000000		29806.000000		10841.000000		268435456
19669.000000		29657.000000		466.000000		268435456
904.000000		7543.000000		19624.000000		268435456
31114.000000		28465.000000		22093.000000		268435456
20983.000000		28781.000000		13147.000000		268435456
22414.000000		3119.000000		4620.000000		268435456
16106.000000		16356.000000		7529.000000		268435456
15855.000000		25038.000000		5067.000000		268435456
23355.000000		2594.000000		21882.000000		268435456
29754.000000		15057.000000		20209.000000		268435456
10647.000000		10374.000000		17216.000000		268435456
8175.000000		26874.000000		32643.000000		268435456
31256.000000		22077.000000		2772.000000		268435456
19436.000000		32312.000000		4104.000000		268435456
1065.000000		5.000000		17639.000000		268435456
18772.000000		3460.000000		11390.000000		268435456
11552.000000		29176.000000		28904.000000		268435456
26267.000000		23852.000000		9450.000000		268435456
29705.000000		22930.000000		7799.000000		268435456
25789.000000		12988.000000		1845.000000		268435456
11164.000000		360.000000		32173.000000		268435456
31696.000000		9410.000000		2889.000000		268435456
4432.000000		31061.000000		7723.000000		268435456
30570.000000		14618.000000		23990.000000		268435456
32010.000000		22786.000000		13040.000000		268435456
18579.000000		5781.000000		21567.000000		268435456
26336.000000		17429.000000		17756.000000		268435456
11842.000000		18191.000000		29978.000000		268435456
26841.000000		7788.000000		27634.000000		268435456
5778.000000		840.000000		17624.000000		268435456
16577.000000		17448.000000		27065.000000		268435456
27176.000000		21545.000000		22566.000000		268435456
14947.000000		27781.000000		8514.000000		268435456
24722.000000		3387.000000		32225.000000		268435456
25792.000000		28573.000000		4805.000000		268435456
6015.000000		21101.000000		19263.000000		268435456
5418.000000		18102.000000		16087.000000		268435456
16411.000000		3980.000000		14066.000000		268435456
4421.000000		7080.000000		20374.000000		268435456
7419.000000		4592.000000		4498.000000		268435456
21847.000000		26490.000000		26736.000000		268435456
4190.000000		25936.000000		22713.000000		268435456
24181.000000		18766.000000		203.000000		268435456
28074.000000		15031.000000		28548.000000		268435456
14447.000000		13867.000000		18480.000000		268435456
29289.000000		3346.000000		648.000000		268435456
23944.000000		14160.000000		21198.000000		268435456
2625.000000		30929.000000		5719.000000		268435456
19031.000000		28686.000000		17268.000000		268435456
7822.000000		25739.000000		18209.000000		268435456
4715.000000		25948.000000		25675.000000		268435456
32171.000000		14001.000000		25886.000000		268435456
21130.000000		20641.000000		12791.000000		268435456
12048.000000		30883.000000		11456.000000		268435456
9113.000000		29809.000000		21744.000000		268435456
8399.000000		464.000000		10978.000000		268435456
15768.000000		17700.000000		29481.000000		268435456
20496.000000		9640.000000		15465.000000		268435456
23606.000000		4242.000000		14438.000000		268435456
12704.000000		30083.000000		22037.000000		268435456
16098.000000		30565.000000		32203.000000		268435456
182.000000		973.000000		11379.000000		268435456
23660.000000		20399.000000		10638.000000		268435456
2410.000000		18457.000000		15670.000000		268435456
9875.000000		15312.000000		17871.000000		268435456
20898.000000		23525.000000		29269.000000		268435456
5130.000000		12752.000000		31232.000000		268435456
32347.000000		22072.000000		27845.000000		268435456
10209.000000		11957.000000		5230.000000		268435456
19604.000000		8288.000000		18351.000000		268435456
25434.000000		11906.000000		14784.000000		268435456
15439.000000		18553.000000		9833.000000		268435456
2949.000000		3291.000000		11913.000000		268435456
29018.000000		9861.000000		28315.000000		268435456
32322.000000		31622.000000		4930.000000		268435456
8416.000000		12097.000000		32095.000000		268435456
2679.000000		4934.000000		25925.000000		268435456
29690.000000		7153.000000		16693.000000		268435456
28061.000000		30904.000000		14240.000000		268435456
26286.000000		12513.000000		15397.000000		268435456
19694.000000		29252.000000		27873.000000		268435456
10272.000000		29775.000000		22632.000000		268435456
19163.000000		27965.000000		22298.000000		268435456
11242.000000		9713.000000		32615.000000		268435456
18839.000000		8125.000000		5593.000000		268435456
17866.000000		19289.000000		22011.000000		268435456
4567.000000		496.000000		25038.000000		268435456
8232.000000		16360.000000		12841.000000		268435456
276.000000		5307.000000		17472.000000		268435456
29489.000000		30478.000000		7642.000000		268435456
9463.000000		9485.000000		3256.000000		268435456
25958.000000		5632.000000		22326.000000		268435456
20919.000000		16951.000000		16730.000000		268435456
16377.000000		17973.000000		2729.000000		268435456
24458.000000		17182.000000		22251.000000		268435456
28759.000000		13384.000000		19400.000000		268435456
24447.000000		18726.000000		17273.000000		268435456
32156.000000		10001.000000		27014.000000		268435456
21085.000000		293.000000		2833.000000		268435456
29684.000000		2314.000000		28535.000000		268435456
19539.000000		16835.000000		18457.000000		268435456
8467.000000		12901.000000		18717.000000		268435456
1695.000000		25611.000000		31008.000000		268435456
9285.000000		19551.000000		23911.000000		268435456
15485.000000		7710.000000		7229.000000		268435456
6598.000000		22186.000000		26609.000000		268435456
25334.000000		4425.000000		25693.000000		268435456
23659.000000		15887.000000		8876.000000		268435456
25449.000000		29669.000000		12043.000000		268435456
18870.000000		8079.000000		19945.000000		268435456
3809.000000		5332.000000		24982.000000		268435456
29681.000000		21933.000000		7681.000000		268435456
5277.000000		14705.000000		2726.000000		268435456
2792.000000		21937.000000		23832.000000		268435456
28752.000000		22605.000000		8603.000000		268435456
20307.000000		16627.000000		29865.000000		268435456
5371.000000		16916.000000		3915.000000		268435456
28180.000000		29339.000000		26065.000000		268435456
8065.000000		14184.000000		25597.000000		268435456
30671.000000		19546.000000		18596.000000		268435456
10294.000000		1440.000000		19631.000000		268435456
7822.000000		9471.000000		2539.000000		268435456
27933.000000		23965.000000		3594.000000		268435456
18027.000000		4605.000000		7189.000000		268435456
5778.000000		32570.000000		5526.000000		268435456
6004.000000		24886.000000		31568.000000		268435456
22162.000000		22797.000000		8711.000000		268435456
28230.000000		2735.000000		3571.000000		268435456
9952.000000		12128.000000		10679.000000		268435456
5656.000000		14838.000000		25035.000000		268435456
1202.000000		3766.000000		4783.000000		268435456
29219.000000		23898.000000		23534.000000		268435456
18616.000000		3385.000000		4559.000000		268435456
30128.000000		32082.000000		29714.000000		268435456
12428.000000		31706.000000		12012.000000		268435456
20787.000000		2202.000000		21924.000000		268435456
27383.000000		29467.000000		2563.000000		268435456
24635.000000		20982.000000		4114.000000		268435456
2698.000000		28844.000000		8660.000000		268435456
30497.000000		17049.000000		11524.000000		268435456
14971.000000		21090.000000		5755.000000		268435456
181.000000		20642.000000		24186.000000		268435456
32715.000000		12348.000000		17126.000000		268435456
15203.000000		11053.000000		20481.000000		268435456
17693.000000		14959.000000		7740.000000		268435456
8831.000000		21991.000000		19849.000000		268435456
31171.000000		8612.000000		12933.000000		268435456
31678.000000		11311.000000		14203.000000		268435456
15599.000000		32509.000000		10308.000000		268435456
27144.000000		2080.000000		28443.000000		268435456
29712.000000		32372.000000		32437.000000		268435456
7706.000000		9245.000000		22378.000000		268435456
22454.000000		2475.000000		5867.000000		268435456
4800.000000		19892.000000		1521.000000		268435456
1181.000000		10842.000000		19476.000000		268435456
1416.000000		14067.000000		7243.000000		268435456
1706.000000		8902.000000		32120.000000		268435456
24126.000000		12170.000000		20033.000000		268435456
12797.000000		8213.000000		16154.000000		268435456
18065.000000		24901.000000		8655.000000		268435456
620.000000		15703.000000		27650.000000		268435456
8367.000000		25547.000000		19838.000000		268435456
13312.000000		8090.000000		8596.000000		268435456
9920.000000		10657.000000		3778.000000		268435456
26440.000000		4716.000000		19849.000000		268435456
5761.000000		31966.000000		13671.000000		268435456
31386.000000		2439.000000		94.000000		268435456
13169.000000		3107.000000		16952.000000		268435456
23979.000000		6058.000000		13396.000000		268435456
28496.000000		30880.000000		9813.000000		268435456
5878.000000		5065.000000		15711.000000		268435456
31707.000000		31833.000000		15870.000000		268435456
2790.000000		7443.000000		12429.000000		268435456
14864.000000		11236.000000		23744.000000		268435456
25300.000000		17289.000000		20938.000000		268435456
14940.000000		6488.000000		31295.000000		268435456
17956.000000		7700.000000		3354.000000		268435456
7804.000000		17962.000000		5651.000000		268435456
555.000000		22619.000000		15506.000000		268435456
30979.000000		28702.000000		3701.000000		268435456
19881.000000		4561.000000		3773.000000		268435456
4029.000000		27042.000000		14513.000000		268435456
6907.000000		5289.000000		22830.000000		268435456
32099.000000		26666.000000		23443.000000		268435456
30797.000000		18100.000000		4462.000000		268435456
25694.000000		4963.000000		2887.000000		268435456
24434.000000		3932.000000		6798.000000		268435456
1941.000000		13913.000000		9071.000000		268435456
7991.000000		5427.000000		8184.000000		268435456
32623.000000		20455.000000		1876.000000		268435456
17986.000000		31436.000000		26204.000000		268435456
12430.000000		29187.000000		14709.000000		268435456
15325.000000		30177.000000		25042.000000		268435456
30456.000000		30666.000000		4853.000000		268435456
3392.000000		3306.000000		3191.000000		268435456
29603.000000		10326.000000		14473.000000		268435456
30266.000000		18103.000000		31551.000000		268435456
25504.000000		28867.000000		11764.000000		268435456
25153.000000		29867.000000		5804.000000		268435456
12121.000000		2546.000000		27196.000000		268435456
8017.000000		19363.000000		15272.000000		268435456
17821.000000		12002.000000		24083.000000		268435456
20017.000000		2231.000000		27831.000000		268435456
10609.000000		3780.000000		19250.000000		268435456
21475.000000		13905.000000		13880.000000		268435456
10974.000000		29195.000000		26261.000000		268435456
15988.000000		6994.000000		2169.000000		268435456
25139.000000		11303.000000		22739.000000		268435456
17260.000000		16697.000000		8377.000000		268435456
631.000000		31666.000000		5902.000000		268435456
18561.000000		8073.000000		13945.000000		268435456
17146.000000		31032.000000		5168.000000		268435456
22371.000000		10728.000000		5293.000000		268435456
18764.000000		14552.000000		15723.000000		268435456
955.000000		2977.000000		7840.000000		268435456
29696.000000		23928.000000		26167.000000		268435456
14001.000000		5779.000000		3760.000000		268435456
31744.000000		7237.000000		1860.000000		268435456
5522.000000		9404.000000		4400.000000		268435456
25962.000000		9640.000000		20762.000000		268435456
24945.000000		13016.000000		18445.000000		268435456
31264.000000		9479.000000		24160.000000		268435456
19418.000000		8140.000000		21510.000000		268435456
22422.000000		6881.000000		6908.000000		268435456
24809.000000		4054.000000		18078.000000		268435456
18059.000000		19754.000000		3209.000000		268435456
24938.000000		17341.000000		27664.000000		268435456
28323.000000		30706.000000		24029.000000		268435456
18377.000000		4976.000000		16104.000000		268435456
20772.000000		23736.000000		12945.000000		268435456
18680.000000		30941.000000		7952.000000		268435456
7490.000000		22782.000000		10439.000000		268435456
32418.000000		734.000000		9334.000000		268435456
13755.000000		23795.000000		24228.000000		268435456
6707.000000		29070.000000		10642.000000		268435456
29371.000000		341.000000		7737.000000		268435456
6312.000000		29812.000000		1141.000000		268435456
7223.000000		10193.000000		19920.000000		268435456
32034.000000		22575.000000		25898.000000		268435456
6210.000000		5009.000000		15315.000000		268435456
11436.000000		13493.000000		1680.000000		268435456
9736.000000		20408.000000		9425.000000		268435456
12220.000000		11847.000000		23282.000000		268435456
2426.000000		6132.000000		14147.000000		268435456
28243.000000		27290.000000		12301.000000		268435456
5324.000000		23418.000000		11297.000000		268435456
455.000000		18675.000000		32323.000000		268435456
21578.000000		27904.000000		7279.000000		268435456
923.000000		1823.000000		17704.000000		268435456
5695.000000		4755.000000		23359.000000		268435456
25333.000000		5777.000000		2995.000000		268435456
27615.000000		32344.000000		6371.000000		268435456
21136.000000		19471.000000		25775.000000		268435456
24936.000000		21920.000000		16190.000000		268435456
24380.000000		6573.000000		18510.000000		268435456
23297.000000		24022.000000		8316.000000		268435456
17226.000000		30224.000000		14814.000000		268435456
4353.000000		16163.000000		2193.000000		268435456
9589.000000		17707.000000		7447.000000		268435456
24986.000000		6892.000000		22357.000000		268435456
12842.000000		22001.000000		24700.000000		268435456
26406.000000		2165.000000		19478.000000		268435456
29752.000000		9653.000000		19137.000000		268435456
18819.000000		29759.000000		27889.000000		268435456
3668.000000		25906.000000		22326.000000		268435456
26177.000000		28427.000000		17248.000000		268435456
2294.000000		1127.000000		12713.000000		268435456
32401.000000		16257.000000		21674.000000		268435456
24687.000000		8660.000000		7227.000000		268435456
27444.000000		5613.000000		6216.000000		268435456
27991.000000		28345.000000		27159.000000		268435456
13791.000000		9103.000000		1881.000000		268435456
13723.000000		15714.000000		20504.000000		268435456
13512.000000		8050.000000		1973.000000		268435456
16085.000000		20396.000000		10421.000000		268435456
12381.000000		203.000000		14918.000000		268435456
10931.000000		27455.000000		31445.000000		268435456
1109.000000		31552.000000		26538.000000		268435456
19608.000000		1591.000000		11088.000000		268435456
25752.000000		9146.000000		14162.000000		268435456
5060.000000		23089.000000		20303.000000		268435456
17330.000000		9347.000000		23697.000000		268435456
10132.000000		9459.000000		10701.000000		268435456
7115.000000		7648.000000		16994.000000		268435456
31692.000000		9518.000000		2263.000000		268435456
23647.000000		19564.000000		18887.000000		268435456
225.000000		18182.000000		1901.000000		268435456
20006.000000		24795.000000		14350.000000		268435456
30903.000000		18277.000000		16140.000000		268435456
11248.000000		11501.000000		18791.000000		268435456
29274.000000		9804.000000		16452.000000		268435456
19038.000000		30653.000000		20873.000000		268435456
3990.000000		24464.000000		19445.000000		268435456
16829.000000		32690.000000		14170.000000		268435456
3448.000000		24268.000000		20215.000000		268435456
29813.000000		31407.000000		14803.000000		268435456
9505.000000		20088.000000		8289.000000		268435456
20935.000000		21858.000000		7070.000000		268435456
19568.000000		2905.000000		1717.000000		268435456
10186.000000		6339.000000		24605.000000		268435456
13935.000000		31944.000000		8835.000000		268435456
2284.000000		18710.000000		32726.000000		268435456
16778.000000		10119.000000		7543.000000		268435456
2147.000000		21528.000000		13180.000000		268435456
22003.000000		21526.000000		29384.000000		268435456
11854.000000		19482.000000		31762.000000		268435456
8387.000000		25296.000000		25211.000000		268435456
20345.000000		19508.000000		13266.000000		268435456
10425.000000		14126.000000		13052.000000		268435456
15871.000000		1506.000000		1760.000000		268435456
32678.000000		20742.000000		23805.000000		268435456
24388.000000		12957.000000		1016.000000		268435456
24546.000000		1441.000000		11164.000000		268435456
26865.000000		1103.000000		21650.000000		268435456
26471.000000		9211.000000		20279.000000		268435456
10760.000000		17849.000000		26927.000000		268435456
27229.000000		30350.000000		27517.000000		268435456
9758.000000		14370.000000		20945.000000		268435456
5440.000000		23151.000000		22939.000000		268435456
14431.000000		28135.000000		25545.000000		268435456
23271.000000		22191.000000		15773.000000		268435456
16627.000000		31168.000000		1378.000000		268435456
1296.000000		4153.000000		14927.000000		268435456
23240.000000		22749.000000		19730.000000		268435456
15941.000000		30118.000000		4424.000000		268435456
4353.000000		4647.000000		25910.000000		268435456
8753.000000		23481.000000		25833.000000		268435456
21104.000000		12100.000000		9860.000000		268435456
23999.000000		20104.000000		12399.000000		268435456
18149.000000		1072.000000		27320.000000		268435456
15001.000000		25724.000000		28268.000000		268435456
32063.000000		16529.000000		1579.000000		268435456
10719.000000		14250.000000		24644.000000		268435456
31351.000000		4614.000000		29266.000000		268435456
4148.000000		7985.000000		2434.000000		268435456
20774.000000		16677.000000		19541.000000		268435456
