3 1725
21518.000000		2670.000000		12004.000000		268435456
2356.000000		2014.000000		29951.000000		268435456
31860.000000		6903.000000		31863.000000		268435456
19924.000000		12631.000000		5230.000000		268435456
17654.000000		24039.000000		11177.000000		268435456
28686.000000		29585.000000		10726.000000		268435456
27512.000000		17284.000000		17870.000000		268435456
15762.000000		16525.000000		1598.000000		268435456
24820.000000		18021.000000		2696.000000		268435456
8493.000000		12991.000000		16759.000000		268435456
16179.000000		11209.000000		19032.000000		268435456
16546.000000		11024.000000		31318.000000		268435456
15748.000000		2788.000000		8244.000000		268435456
24934.000000		28188.000000		7174.000000		268435456
1880.000000		21152.000000		17341.000000		268435456
18299.000000		1838.000000		14015.000000		268435456
11712.000000		651.000000		13809.000000		268435456
10462.000000		365.000000		6577.000000		268435456
2368.000000		30450.000000		2155.000000		268435456
21825.000000		30764.000000		2968.000000		268435456
21371.000000		20813.000000		912.000000		268435456
9489.000000		9575.000000		3274.000000		268435456
6305.000000		32138.000000		2612.000000		268435456
29679.000000		453.000000		18593.000000		268435456
28319.000000		27102.000000		22953.000000		268435456
10790.000000		19400.000000		5510.000000		268435456
13453.000000		2590.000000		15144.000000		268435456
30152.000000		29667.000000		27150.000000		268435456
1736.000000		216.000000		30745.000000		268435456
8054.000000		2485.000000		21223.000000		268435456
9395.000000		6043.000000		29871.000000		268435456
12287.000000		27292.000000		2185.000000		268435456
19233.000000		23854.000000		19646.000000		268435456
13145.000000		11350.000000		5350.000000		268435456
4816.000000		7088.000000		15593.000000		268435456
6820.000000		7791.000000		22664.000000		268435456
17533.000000		12752.000000		5745.000000		268435456
25139.000000		21423.000000		31716.000000		268435456
23670.000000		412.000000		1609.000000		268435456
465.000000		191.000000		17617.000000		268435456
13752.000000		27807.000000		10308.000000		268435456
7358.000000		12225.000000		12627.000000		268435456
6400.000000		2107.000000		17775.000000		268435456
13333.000000		24720.000000		28746.000000		268435456
18000.000000		9874.000000		18684.000000		268435456
6553.000000		15329.000000		9632.000000		268435456
4053.000000		20303.000000		31046.000000		268435456
23072.000000		4992.000000		11013.000000		268435456
21310.000000		8489.000000		27345.000000		268435456
7697.000000		5207.000000		32611.000000		268435456
6876.000000		8203.000000		350.000000		268435456
25520.000000		24327.000000		9866.000000		268435456
538.000000		32018.000000		14180.000000		268435456
18991.000000		16954.000000		10185.000000		268435456
12606.000000		15589.000000		24203.000000		268435456
13755.000000		7666.000000		30054.000000		268435456
29294.000000		5657.000000		11264.000000		268435456
13314.000000		6538.000000		8256.000000		268435456
5730.000000		17564.000000		14782.000000		268435456
1501.000000		24093.000000		8693.000000		268435456
10585.000000		12373.000000		16917.000000		268435456
24109.000000		1422.000000		3428.000000		268435456
26917.000000		29830.000000		19746.000000		268435456
3844.000000		29295.000000		26732.000000		268435456
4968.000000		25232.000000		24561.000000		268435456
21938.000000		24431.000000		9001.000000		268435456
3930.000000		22047.000000		2938.000000		268435456
2905.000000		13595.000000		24617.000000		268435456
14512.000000		27126.000000		3520.000000		268435456
768.000000		11029.000000		24137.000000		268435456
14721.000000		9166.000000		8633.000000		268435456
8048.000000		30228.000000		8253.000000		268435456
32560.000000		21249.000000		10950.000000		268435456
31291.000000		22081.000000		14064.000000		268435456
31434.000000		28922.000000		12002.000000		268435456
8883.000000		20945.000000		11066.000000		268435456
5989.000000		9123.000000		7899.000000		268435456
22218.000000		21996.000000		14502.000000		268435456
12620.000000		24908.000000		20002.000000		268435456
28939.000000		27714.000000		11834.000000		268435456
28461.000000		29365.000000		17446.000000		268435456
28198.000000		15838.000000		11132.000000		268435456
14977.000000		31558.000000		20267.000000		268435456
12752.000000		19473.000000		24367.000000		268435456
18144.000000		6303.000000		1309.000000		268435456
26081.000000		11921.000000		14969.000000		268435456
12293.000000		25092.000000		14547.000000		268435456
16371.000000		21021.000000		1649.000000		268435456
17580.000000		25929.000000		27323.000000		268435456
30964.000000		13639.000000		17223.000000		268435456
10383.000000		592.000000		29164.000000		268435456
8041.000000		2355.000000		32644.000000		268435456
8752.000000		1857.000000		5891.000000		268435456
30797.000000		31337.000000		15129.000000		268435456
14639.000000		32492.000000		11365.000000		268435456
11226.000000		18959.000000		15657.000000		268435456
20572.000000		4140.000000		26550.000000		268435456
21144.000000		23074.000000		21727.000000		268435456
13001.000000		26651.000000		28321.000000		268435456
27786.000000		28562.000000		7336.000000		268435456
11655.000000		17009.000000		15696.000000		268435456
12109.000000		17212.000000		21676.000000		268435456
22481.000000		2673.000000		22295.000000		268435456
14726.000000		5955.000000		5212.000000		268435456
10705.000000		5156.000000		8776.000000		268435456
26874.000000		30778.000000		15463.000000		268435456
1608.000000		24795.000000		30250.000000		268435456
7698.000000		10763.000000		2431.000000		268435456
30139.000000		4912.000000		20103.000000		268435456
29393.000000		3765.000000		15792.000000		268435456
4598.000000		30193.000000		23114.000000		268435456
9299.000000		10540.000000		22838.000000		268435456
5892.000000		5832.000000		17192.000000		268435456
30068.000000		18683.000000		7445.000000		268435456
19177.000000		16506.000000		10827.000000		268435456
30264.000000		31619.000000		24799.000000		268435456
32709.000000		27150.000000		31345.000000		268435456
12031.000000		9701.000000		29301.000000		268435456
27693.000000		18240.000000		27140.000000		268435456
32685.000000		14078.000000		4506.000000		268435456
975.000000		23557.000000		26641.000000		268435456
25174.000000		17144.000000		29363.000000		268435456
28364.000000		6165.000000		17708.000000		268435456
32259.000000		8799.000000		23317.000000		268435456
18500.000000		24756.000000		17820.000000		268435456
25008.000000		27839.000000		11934.000000		268435456
32008.000000		24101.000000		31856.000000		268435456
10393.000000		27442.000000		31131.000000		268435456
2420.000000		12187.000000		26435.000000		268435456
99.000000		31079.000000		29472.000000		268435456
471.000000		9086.000000		20695.000000		268435456
24271.000000		19467.000000		29535.000000		268435456
21241.000000		2906.000000		5335.000000		268435456
30705.000000		18843.000000		13990.000000		268435456
4255.000000		2524.000000		2394.000000		268435456
1836.000000		7940.000000		20741.000000		268435456
1557.000000		7839.000000		8960.000000		268435456
3155.000000		2978.000000		16334.000000		268435456
8498.000000		1721.000000		28351.000000		268435456
3021.000000		6262.000000		23921.000000		268435456
19019.000000		6735.000000		18617.000000		268435456
31621.000000		7350.000000		29015.000000		268435456
23564.000000		28308.000000		22966.000000		268435456
8208.000000		9718.000000		30931.000000		268435456
17467.000000		248.000000		27919.000000		268435456
1106.000000		9382.000000		26436.000000		268435456
29386.000000		23425.000000		12085.000000		268435456
15233.000000		11667.000000		19186.000000		268435456
11970.000000		19319.000000		26906.000000		268435456
4192.000000		18350.000000		20818.000000		268435456
16622.000000		15089.000000		26392.000000		268435456
30212.000000		10573.000000		24760.000000		268435456
12882.000000		21221.000000		31291.000000		268435456
19838.000000		2709.000000		13980.000000		268435456
12497.000000		3778.000000		30963.000000		268435456
12611.000000		23256.000000		254.000000		268435456
5774.000000		11206.000000		24726.000000		268435456
16940.000000		17672.000000		3724.000000		268435456
8424.000000		11657.000000		19258.000000		268435456
15194.000000		5009.000000		17561.000000		268435456
10793.000000		24180.000000		26066.000000		268435456
10603.000000		15925.000000		23301.000000		268435456
17723.000000		3614.000000		148.000000		268435456
22208.000000		19648.000000		15780.000000		268435456
31999.000000		10440.000000		18447.000000		268435456
8646.000000		20395.000000		12237.000000		268435456
16673.000000		27240.000000		16251.000000		268435456
21368.000000		3087.000000		14863.000000		268435456
18548.000000		13578.000000		17704.000000		268435456
31648.000000		10865.000000		21312.000000		268435456
30016.000000		17771.000000		20504.000000		268435456
9593.000000		20554.000000		28007.000000		268435456
8716.000000		29210.000000		16938.000000		268435456
12991.000000		6756.000000		25650.000000		268435456
15812.000000		8334.000000		11357.000000		268435456
9306.000000		601.000000		3559.000000		268435456
21579.000000		30944.000000		19219.000000		268435456
24345.000000		25558.000000		12580.000000		268435456
7390.000000		27697.000000		24162.000000		268435456
24641.000000		9850.000000		12480.000000		268435456
31183.000000		10992.000000		26318.000000		268435456
10462.000000		5987.000000		11434.000000		268435456
3456.000000		32622.000000		18692.000000		268435456
14349.000000		18882.000000		29092.000000		268435456
13995.000000		30337.000000		31599.000000		268435456
3013.000000		30741.000000		11035.000000		268435456
31318.000000		9006.000000		14012.000000		268435456
7362.000000		26582.000000		12696.000000		268435456
11269.000000		27536.000000		16043.000000		268435456
30106.000000		20411.000000		21882.000000		268435456
5383.000000		31855.000000		19132.000000		268435456
11828.000000		17636.000000		30970.000000		268435456
498.000000		3663.000000		28313.000000		268435456
3079.000000		19845.000000		32165.000000		268435456
2476.000000		25044.000000		12367.000000		268435456
7414.000000		30696.000000		18640.000000		268435456
9105.000000		4819.000000		20143.000000		268435456
9634.000000		19172.000000		16315.000000		268435456
19089.000000		26733.000000		9330.000000		268435456
32133.000000		8477.000000		26451.000000		268435456
2405.000000		28157.000000		9462.000000		268435456
16952.000000		4768.000000		7378.000000		268435456
28714.000000		13256.000000		13741.000000		268435456
30896.000000		2240.000000		29627.000000		268435456
11767.000000		26537.000000		13200.000000		268435456
3671.000000		1594.000000		31449.000000		268435456
26968.000000		21815.000000		22071.000000		268435456
1354.000000		8715.000000		19788.000000		268435456
2220.000000		6677.000000		27244.000000		268435456
15905.000000		15747.000000		13770.000000		268435456
30684.000000		18019.000000		7242.000000		268435456
5906.000000		11888.000000		6560.000000		268435456
10979.000000		2707.000000		19783.000000		268435456
19279.000000		31869.000000		11796.000000		268435456
13595.000000		19217.000000		19651.000000		268435456
28386.000000		32021.000000		30262.000000		268435456
23378.000000		18290.000000		18918.000000		268435456
25219.000000		7025.000000		71.000000		268435456
6931.000000		17970.000000		3068.000000		268435456
30742.000000		656.000000		8507.000000		268435456
19362.000000		14121.000000		31377.000000		268435456
3026.000000		15697.000000		20993.000000		268435456
19869.000000		20017.000000		20717.000000		268435456
24383.000000		17636.000000		9623.000000		268435456
17480.000000		1221.000000		4306.000000		268435456
23185.000000		28751.000000		24600.000000		268435456
8164.000000		3192.000000		30337.000000		268435456
19976.000000		22459.000000		22075.000000		268435456
25254.000000		21908.000000		25711.000000		268435456
12382.000000		5309.000000		14856.000000		268435456
4645.000000		13379.000000		1846.000000		268435456
30824.000000		25828.000000		9385.000000		268435456
17761.000000		13329.000000		25252.000000		268435456
24434.000000		9767.000000		22174.000000		268435456
17320.000000		7337.000000		7928.000000		268435456
26377.000000		32014.000000		7875.000000		268435456
17156.000000		23570.000000		22949.000000		268435456
14373.000000		17070.000000		28133.000000		268435456
5374.000000		18919.000000		32573.000000		268435456
10999.000000		11462.000000		8152.000000		268435456
1749.000000		21553.000000		23634.000000		268435456
19906.000000		3239.000000		17488.000000		268435456
30332.000000		29167.000000		12644.000000		268435456
26252.000000		4526.000000		235.000000		268435456
12279.000000		119.000000		14908.000000		268435456
32396.000000		17011.000000		21289.000000		268435456
7927.000000		18480.000000		21322.000000		268435456
22426.000000		27647.000000		21574.000000		268435456
20161.000000		6735.000000		18392.000000		268435456
2832.000000		10400.000000		31289.000000		268435456
9920.000000		7334.000000		27182.000000		268435456
20186.000000		26688.000000		30783.000000		268435456
23644.000000		14761.000000		29442.000000		268435456
18604.000000		8769.000000		9912.000000		268435456
17122.000000		6693.000000		22470.000000		268435456
16532.000000		7495.000000		3400.000000		268435456
2211.000000		23404.000000		24500.000000		268435456
15199.000000		5002.000000		7030.000000		268435456
7322.000000		12258.000000		19873.000000		268435456
23183.000000		31345.000000		6973.000000		268435456
31286.000000		4386.000000		2310.000000		268435456
8914.000000		27311.000000		17994.000000		268435456
279.000000		29250.000000		23231.000000		268435456
19259.000000		8733.000000		29160.000000		268435456
23776.000000		17886.000000		8809.000000		268435456
18087.000000		27389.000000		20155.000000		268435456
25970.000000		32486.000000		28526.000000		268435456
9756.000000		27758.000000		4312.000000		268435456
23082.000000		17519.000000		13599.000000		268435456
3585.000000		5688.000000		18925.000000		268435456
31472.000000		12278.000000		29543.000000		268435456
4473.000000		3648.000000		8804.000000		268435456
22591.000000		27339.000000		13822.000000		268435456
11859.000000		20535.000000		16333.000000		268435456
20342.000000		10924.000000		18985.000000		268435456
10565.000000		8298.000000		22009.000000		268435456
6914.000000		14005.000000		3941.000000		268435456
32109.000000		6334.000000		28031.000000		268435456
13900.000000		5412.000000		24980.000000		268435456
17229.000000		822.000000		9643.000000		268435456
9069.000000		6064.000000		23421.000000		268435456
12995.000000		30619.000000		28936.000000		268435456
29974.000000		32610.000000		9928.000000		268435456
163.000000		23069.000000		21243.000000		268435456
26924.000000		12841.000000		19124.000000		268435456
9215.000000		30468.000000		18999.000000		268435456
28942.000000		19364.000000		32063.000000		268435456
22602.000000		7111.000000		9957.000000		268435456
19066.000000		32735.000000		29303.000000		268435456
18634.000000		18478.000000		23768.000000		268435456
22662.000000		8681.000000		5160.000000		268435456
1826.000000		29250.000000		16685.000000		268435456
20026.000000		31125.000000		46.000000		268435456
4566.000000		28209.000000		24603.000000		268435456
1181.000000		15041.000000		13830.000000		268435456
4373.000000		26496.000000		746.000000		268435456
5209.000000		13818.000000		3197.000000		268435456
24367.000000		2842.000000		26433.000000		268435456
3905.000000		3415.000000		28298.000000		268435456
16258.000000		6678.000000		24658.000000		268435456
4194.000000		10712.000000		2744.000000		268435456
8642.000000		11089.000000		28553.000000		268435456
22884.000000		11451.000000		8876.000000		268435456
18665.000000		30259.000000		9671.000000		268435456
27234.000000		30075.000000		4262.000000		268435456
29742.000000		11054.000000		8026.000000		268435456
32130.000000		24692.000000		30480.000000		268435456
3543.000000		11998.000000		31778.000000		268435456
8701.000000		27492.000000		29306.000000		268435456
14026.000000		4822.000000		8881.000000		268435456
27218.000000		17477.000000		8343.000000		268435456
5908.000000		29555.000000		14399.000000		268435456
20433.000000		15406.000000		28430.000000		268435456
31478.000000		1114.000000		20684.000000		268435456
8651.000000		31550.000000		31554.000000		268435456
16651.000000		7519.000000		16841.000000		268435456
8458.000000		29632.000000		26721.000000		268435456
18853.000000		6161.000000		1814.000000		268435456
22617.000000		16902.000000		847.000000		268435456
16505.000000		21019.000000		7494.000000		268435456
26949.000000		13235.000000		25683.000000		268435456
4394.000000		17204.000000		25941.000000		268435456
28768.000000		27751.000000		3214.000000		268435456
27737.000000		21862.000000		25956.000000		268435456
26282.000000		22277.000000		20894.000000		268435456
17986.000000		9403.000000		22291.000000		268435456
3569.000000		6682.000000		21507.000000		268435456
30990.000000		1990.000000		16261.000000		268435456
5188.000000		27391.000000		19736.000000		268435456
1122.000000		21624.000000		5705.000000		268435456
16075.000000		11987.000000		18369.000000		268435456
4306.000000		19776.000000		6025.000000		268435456
9891.000000		10595.000000		25383.000000		268435456
14658.000000		4209.000000		4946.000000		268435456
29332.000000		22927.000000		8453.000000		268435456
30046.000000		22613.000000		11995.000000		268435456
3764.000000		24538.000000		2436.000000		268435456
10153.000000		25730.000000		28174.000000		268435456
16216.000000		14109.000000		11409.000000		268435456
5850.000000		5440.000000		19134.000000		268435456
7904.000000		28828.000000		19763.000000		268435456
19834.000000		10290.000000		27732.000000		268435456
11841.000000		23531.000000		23883.000000		268435456
19462.000000		12655.000000		3544.000000		268435456
11874.000000		22624.000000		28865.000000		268435456
30975.000000		28372.000000		6557.000000		268435456
3224.000000		20753.000000		1302.000000		268435456
6057.000000		31550.000000		18687.000000		268435456
22253.000000		25990.000000		30400.000000		268435456
6516.000000		17889.000000		31726.000000		268435456
31996.000000		20642.000000		20463.000000		268435456
10042.000000		5626.000000		20290.000000		268435456
10366.000000		3202.000000		21632.000000		268435456
5846.000000		23956.000000		2566.000000		268435456
17632.000000		19762.000000		23882.000000		268435456
30412.000000		15893.000000		6458.000000		268435456
28541.000000		1419.000000		18702.000000		268435456
15597.000000		30663.000000		20168.000000		268435456
4682.000000		4259.000000		5037.000000		268435456
17983.000000		6565.000000		17298.000000		268435456
26906.000000		8068.000000		5234.000000		268435456
1431.000000		14605.000000		26090.000000		268435456
13769.000000		32308.000000		2702.000000		268435456
19364.000000		20770.000000		13525.000000		268435456
486.000000		29738.000000		2851.000000		268435456
20055.000000		14351.000000		15839.000000		268435456
3255.000000		17354.000000		9834.000000		268435456
20208.000000		27744.000000		30326.000000		268435456
31408.000000		27007.000000		16846.000000		268435456
17693.000000		26411.000000		19201.000000		268435456
6064.000000		1664.000000		17190.000000		268435456
6884.000000		12234.000000		3364.000000		268435456
4002.000000		11381.000000		19784.000000		268435456
6230.000000		13386.000000		6146.000000		268435456
31058.000000		22125.000000		2217.000000		268435456
28475.000000		30176.000000		23631.000000		268435456
32155.000000		4318.000000		21200.000000		268435456
13879.000000		31489.000000		24468.000000		268435456
22838.000000		30133.000000		17849.000000		268435456
24598.000000		16627.000000		24822.000000		268435456
462.000000		659.000000		25737.000000		268435456
10053.000000		9451.000000		6998.000000		268435456
26413.000000		16082.000000		27926.000000		268435456
20132.000000		286.000000		20402.000000		268435456
12186.000000		29667.000000		26166.000000		268435456
20520.000000		5189.000000		13314.000000		268435456
31422.000000		13859.000000		4308.000000		268435456
26388.000000		19079.000000		25095.000000		268435456
14508.000000		30014.000000		30262.000000		268435456
9904.000000		13515.000000		16084.000000		268435456
2784.000000		4789.000000		30717.000000		268435456
20415.000000		30679.000000		24297.000000		268435456
851.000000		25122.000000		5827.000000		268435456
9768.000000		20177.000000		29757.000000		268435456
31220.000000		19024.000000		10855.000000		268435456
30097.000000		29942.000000		10893.000000		268435456
11043.000000		20292.000000		4966.000000		268435456
3802.000000		30884.000000		19400.000000		268435456
29189.000000		27844.000000		3794.000000		268435456
8632.000000		11787.000000		26993.000000		268435456
18380.000000		9730.000000		24254.000000		268435456
15586.000000		16930.000000		26955.000000		268435456
19778.000000		23157.000000		30533.000000		268435456
17551.000000		24243.000000		686.000000		268435456
5691.000000		6408.000000		25713.000000		268435456
8758.000000		30359.000000		18258.000000		268435456
18107.000000		8740.000000		14249.000000		268435456
8652.000000		15744.000000		3452.000000		268435456
24562.000000		24129.000000		2929.000000		268435456
12277.000000		4314.000000		19144.000000		268435456
28507.000000		4608.000000		8870.000000		268435456
18920.000000		16308.000000		30213.000000		268435456
15524.000000		23040.000000		25716.000000		268435456
15088.000000		15784.000000		11238.000000		268435456
8998.000000		18412.000000		2236.000000		268435456
3279.000000		28990.000000		25966.000000		268435456
2580.000000		10095.000000		16557.000000		268435456
10102.000000		2112.000000		24673.000000		268435456
31411.000000		19730.000000		5541.000000		268435456
20936.000000		7412.000000		14627.000000		268435456
13870.000000		10807.000000		11471.000000		268435456
26723.000000		3391.000000		29390.000000		268435456
29931.000000		2215.000000		10219.000000		268435456
166.000000		16658.000000		5474.000000		268435456
14182.000000		5488.000000		3139.000000		268435456
7531.000000		20413.000000		29528.000000		268435456
21762.000000		5632.000000		32452.000000		268435456
26672.000000		3059.000000		24330.000000		268435456
20304.000000		5066.000000		20647.000000		268435456
23714.000000		3239.000000		28069.000000		268435456
28854.000000		18901.000000		23093.000000		268435456
19916.000000		23822.000000		10404.000000		268435456
29569.000000		31996.000000		2442.000000		268435456
29519.000000		10335.000000		4101.000000		268435456
27335.000000		29396.000000		26982.000000		268435456
4722.000000		1587.000000		24242.000000		268435456
30884.000000		17516.000000		18534.000000		268435456
10738.000000		4753.000000		28636.000000		268435456
5558.000000		8552.000000		9026.000000		268435456
6352.000000		18693.000000		16183.000000		268435456
23519.000000		3360.000000		5342.000000		268435456
22419.000000		15447.000000		5969.000000		268435456
31425.000000		715.000000		25938.000000		268435456
22713.000000		19642.000000		26758.000000		268435456
18024.000000		3812.000000		27960.000000		268435456
20556.000000		31888.000000		18487.000000		268435456
16669.000000		6985.000000		29915.000000		268435456
19411.000000		2066.000000		2894.000000		268435456
10082.000000		14525.000000		3869.000000		268435456
31513.000000		32380.000000		8251.000000		268435456
29045.000000		27606.000000		15925.000000		268435456
8065.000000		23445.000000		3046.000000		268435456
32764.000000		15500.000000		1167.000000		268435456
6878.000000		5788.000000		2639.000000		268435456
20899.000000		20179.000000		28270.000000		268435456
22541.000000		22544.000000		7893.000000		268435456
15820.000000		28678.000000		12586.000000		268435456
5817.000000		6600.000000		10581.000000		268435456
21677.000000		6172.000000		17182.000000		268435456
20761.000000		27985.000000		11428.000000		268435456
16232.000000		11987.000000		23454.000000		268435456
19849.000000		4753.000000		10255.000000		268435456
23298.000000		17492.000000		11404.000000		268435456
18247.000000		32033.000000		2279.000000		268435456
24390.000000		10756.000000		28524.000000		268435456
16574.000000		28889.000000		6726.000000		268435456
16117.000000		17268.000000		7682.000000		268435456
22310.000000		3713.000000		18569.000000		268435456
8405.000000		20666.000000		29407.000000		268435456
8802.000000		4015.000000		23353.000000		268435456
27001.000000		10897.000000		10349.000000		268435456
7519.000000		7465.000000		17239.000000		268435456
23515.000000		15891.000000		27982.000000		268435456
4711.000000		11631.000000		5448.000000		268435456
27422.000000		22765.000000		15160.000000		268435456
25633.000000		16702.000000		3279.000000		268435456
529.000000		22616.000000		14736.000000		268435456
5939.000000		12826.000000		24288.000000		268435456
21836.000000		23617.000000		10089.000000		268435456
2505.000000		11090.000000		28714.000000		268435456
23292.000000		3429.000000		190.000000		268435456
7529.000000		24562.000000		6313.000000		268435456
20413.000000		8265.000000		16635.000000		268435456
3285.000000		12448.000000		15271.000000		268435456
21006.000000		22616.000000		22831.000000		268435456
2809.000000		19034.000000		30957.000000		268435456
9792.000000		13711.000000		14974.000000		268435456
26891.000000		25480.000000		26393.000000		268435456
13052.000000		31868.000000		17840.000000		268435456
12650.000000		12011.000000		28747.000000		268435456
19115.000000		15227.000000		5869.000000		268435456
12772.000000		29768.000000		25011.000000		268435456
28769.000000		8567.000000		4355.000000		268435456
11109.000000		3290.000000		21405.000000		268435456
1825.000000		14747.000000		19919.000000		268435456
5694.000000		22012.000000		4882.000000		268435456
20628.000000		15538.000000		16795.000000		268435456
29061.000000		5768.000000		30502.000000		268435456
23685.000000		29742.000000		32145.000000		268435456
14658.000000		25559.000000		23435.000000		268435456
7365.000000		29705.000000		8597.000000		268435456
12894.000000		22890.000000		9984.000000		268435456
18750.000000		2039.000000		18465.000000		268435456
3218.000000		675.000000		8117.000000		268435456
11870.000000		26035.000000		5880.000000		268435456
14795.000000		14363.000000		10436.000000		268435456
29740.000000		22848.000000		13774.000000		268435456
6070.000000		31350.000000		11066.000000		268435456
30360.000000		371.000000		18481.000000		268435456
29563.000000		4799.000000		12921.000000		268435456
30697.000000		8748.000000		14942.000000		268435456
22728.000000		1206.000000		30425.000000		268435456
23643.000000		24319.000000		18632.000000		268435456
21694.000000		14746.000000		706.000000		268435456
19012.000000		11329.000000		14448.000000		268435456
10846.000000		19023.000000		7615.000000		268435456
3163.000000		15792.000000		19047.000000		268435456
14731.000000		1520.000000		1603.000000		268435456
31738.000000		308.000000		7956.000000		268435456
23224.000000		20017.000000		3591.000000		268435456
5999.000000		6507.000000		3597.000000		268435456
213.000000		13598.000000		13907.000000		268435456
19638.000000		7927.000000		32168.000000		268435456
24618.000000		16.000000		16526.000000		268435456
31540.000000		206.000000		4494.000000		268435456
29711.000000		25081.000000		7400.000000		268435456
20299.000000		31488.000000		10741.000000		268435456
22219.000000		29527.000000		1020.000000		268435456
28898.000000		6303.000000		13646.000000		268435456
17917.000000		14438.000000		10686.000000		268435456
6704.000000		24795.000000		21642.000000		268435456
13150.000000		30316.000000		9999.000000		268435456
7789.000000		30833.000000		22078.000000		268435456
13501.000000		16186.000000		17609.000000		268435456
16443.000000		30706.000000		10071.000000		268435456
22400.000000		1579.000000		3626.000000		268435456
1503.000000		19607.000000		6166.000000		268435456
6933.000000		21587.000000		18909.000000		268435456
3490.000000		31898.000000		19084.000000		268435456
29458.000000		22940.000000		29.000000		268435456
20212.000000		26957.000000		23508.000000		268435456
31997.000000		14070.000000		22939.000000		268435456
17710.000000		30817.000000		27571.000000		268435456
24297.000000		502.000000		13877.000000		268435456
18167.000000		15140.000000		7796.000000		268435456
23407.000000		15467.000000		11166.000000		268435456
22976.000000		1431.000000		8972.000000		268435456
23732.000000		23256.000000		31622.000000		268435456
13019.000000		16558.000000		15344.000000		268435456
23406.000000		2774.000000		19942.000000		268435456
24585.000000		27162.000000		21288.000000		268435456
26669.000000		18117.000000		26487.000000		268435456
20381.000000		31082.000000		21114.000000		268435456
3156.000000		30296.000000		32132.000000		268435456
13445.000000		5478.000000		24264.000000		268435456
1410.000000		29665.000000		32655.000000		268435456
7384.000000		30193.000000		16888.000000		268435456
22879.000000		23654.000000		1158.000000		268435456
4536.000000		19932.000000		20727.000000		268435456
14597.000000		9450.000000		19582.000000		268435456
19881.000000		30049.000000		959.000000		268435456
29310.000000		6505.000000		18725.000000		268435456
4780.000000		6481.000000		21349.000000		268435456
5138.000000		14968.000000		11887.000000		268435456
31684.000000		15370.000000		22164.000000		268435456
14424.000000		29845.000000		31277.000000		268435456
23978.000000		11481.000000		3846.000000		268435456
833.000000		30840.000000		31883.000000		268435456
30935.000000		3927.000000		31455.000000		268435456
30622.000000		7694.000000		1195.000000		268435456
29495.000000		28628.000000		21227.000000		268435456
18893.000000		17382.000000		15312.000000		268435456
23070.000000		766.000000		31537.000000		268435456
32657.000000		6968.000000		16093.000000		268435456
23890.000000		24122.000000		7520.000000		268435456
22083.000000		21706.000000		30996.000000		268435456
6727.000000		875.000000		15608.000000		268435456
24533.000000		15710.000000		29782.000000		268435456
15083.000000		22051.000000		25414.000000		268435456
23661.000000		6261.000000		4692.000000		268435456
28039.000000		18793.000000		21888.000000		268435456
22904.000000		32390.000000		16240.000000		268435456
25509.000000		7321.000000		12721.000000		268435456
24704.000000		16379.000000		31553.000000		268435456
9213.000000		8977.000000		24365.000000		268435456
20285.000000		24722.000000		23542.000000		268435456
8144.000000		9633.000000		1476.000000		268435456
8069.000000		14067.000000		18700.000000		268435456
13894.000000		15863.000000		19191.000000		268435456
16685.000000		10906.000000		24338.000000		268435456
12449.000000		27526.000000		30412.000000		268435456
261.000000		32365.000000		4464.000000		268435456
22624.000000		24211.000000		27173.000000		268435456
8032.000000		8329.000000		115.000000		268435456
9395.000000		24936.000000		3740.000000		268435456
32247.000000		10292.000000		26881.000000		268435456
11971.000000		12525.000000		11341.000000		268435456
7.000000		4342.000000		24771.000000		268435456
13506.000000		19717.000000		27687.000000		268435456
10478.000000		28228.000000		3251.000000		268435456
445.000000		7819.000000		19851.000000		268435456
1213.000000		21828.000000		31047.000000		268435456
9381.000000		5062.000000		3171.000000		268435456
17277.000000		8846.000000		685.000000		268435456
2830.000000		21919.000000		28928.000000		268435456
31503.000000		8188.000000		8407.000000		268435456
25740.000000		18189.000000		21852.000000		268435456
3310.000000		29418.000000		15951.000000		268435456
14788.000000		28012.000000		25486.000000		268435456
1096.000000		13674.000000		20993.000000		268435456
28283.000000		31676.000000		16278.000000		268435456
13859.000000		15708.000000		4992.000000		268435456
2135.000000		21497.000000		721.000000		268435456
20610.000000		27254.000000		7800.000000		268435456
7175.000000		14601.000000		14760.000000		268435456
9932.000000		28811.000000		1341.000000		268435456
16647.000000		28921.000000		1120.000000		268435456
14569.000000		1475.000000		31682.000000		268435456
28751.000000		2688.000000		8725.000000		268435456
32714.000000		13438.000000		15198.000000		268435456
19573.000000		10745.000000		6468.000000		268435456
17745.000000		24333.000000		21793.000000		268435456
4668.000000		344.000000		29549.000000		268435456
1761.000000		22424.000000		11178.000000		268435456
26240.000000		13258.000000		10680.000000		268435456
26874.000000		22719.000000		3777.000000		268435456
29436.000000		12538.000000		32420.000000		268435456
26532.000000		15318.000000		16926.000000		268435456
21858.000000		23857.000000		9507.000000		268435456
674.000000		4051.000000		26147.000000		268435456
23739.000000		29390.000000		20402.000000		268435456
30109.000000		16454.000000		5241.000000		268435456
32522.000000		16076.000000		8786.000000		268435456
27596.000000		24046.000000		23497.000000		268435456
26019.000000		32072.000000		6251.000000		268435456
23484.000000		25290.000000		27914.000000		268435456
30907.000000		31815.000000		19450.000000		268435456
9038.000000		2491.000000		4642.000000		268435456
790.000000		6707.000000		15776.000000		268435456
25858.000000		5646.000000		14526.000000		268435456
27877.000000		704.000000		21868.000000		268435456
24352.000000		16775.000000		19895.000000		268435456
14634.000000		2108.000000		25205.000000		268435456
19054.000000		1991.000000		9316.000000		268435456
29506.000000		28791.000000		29594.000000		268435456
4451.000000		15390.000000		662.000000		268435456
8805.000000		21441.000000		3588.000000		268435456
12838.000000		21293.000000		30018.000000		268435456
14133.000000		4537.000000		5705.000000		268435456
11440.000000		7140.000000		6911.000000		268435456
19386.000000		13018.000000		18227.000000		268435456
19433.000000		23482.000000		26845.000000		268435456
2142.000000		7949.000000		23959.000000		268435456
13218.000000		28726.000000		25421.000000		268435456
8386.000000		12456.000000		17106.000000		268435456
14003.000000		19491.000000		10244.000000		268435456
12673.000000		10400.000000		1968.000000		268435456
24486.000000		28930.000000		18214.000000		268435456
25662.000000		13277.000000		32760.000000		268435456
7090.000000		30103.000000		6430.000000		268435456
12696.000000		23278.000000		21196.000000		268435456
27393.000000		20645.000000		19429.000000		268435456
28877.000000		11404.000000		28318.000000		268435456
10857.000000		2870.000000		7604.000000		268435456
13110.000000		2225.000000		3948.000000		268435456
18977.000000		16388.000000		29767.000000		268435456
15849.000000		30002.000000		31868.000000		268435456
25122.000000		30164.000000		1857.000000		268435456
24094.000000		9742.000000		24277.000000		268435456
24616.000000		237.000000		31061.000000		268435456
25895.000000		13059.000000		9251.000000		268435456
21656.000000		15343.000000		20280.000000		268435456
24355.000000		8446.000000		22988.000000		268435456
31413.000000		8879.000000		1169.000000		268435456
9135.000000		16761.000000		23131.000000		268435456
19940.000000		14829.000000		24150.000000		268435456
16961.000000		17145.000000		7058.000000		268435456
8437.000000		17655.000000		22371.000000		268435456
5113.000000		29978.000000		30142.000000		268435456
3496.000000		9881.000000		28457.000000		268435456
31484.000000		2025.000000		27938.000000		268435456
490.000000		31981.000000		3013.000000		268435456
7113.000000		16777.000000		27797.000000		268435456
32122.000000		8159.000000		22497.000000		268435456
14073.000000		5709.000000		3241.000000		268435456
3577.000000		14478.000000		23085.000000		268435456
19052.000000		3791.000000		1266.000000		268435456
4243.000000		15303.000000		18261.000000		268435456
22234.000000		17580.000000		19781.000000		268435456
1978.000000		15436.000000		4282.000000		268435456
9011.000000		18922.000000		21262.000000		268435456
14520.000000		22959.000000		16728.000000		268435456
10590.000000		22588.000000		2818.000000		268435456
6139.000000		5859.000000		10146.000000		268435456
4144.000000		31894.000000		8676.000000		268435456
7271.000000		12237.000000		26173.000000		268435456
17592.000000		26835.000000		12049.000000		268435456
12565.000000		10109.000000		7899.000000		268435456
31023.000000		30811.000000		8717.000000		268435456
31301.000000		20707.000000		20904.000000		268435456
6702.000000		5645.000000		16458.000000		268435456
19827.000000		4617.000000		4360.000000		268435456
15095.000000		24791.000000		31454.000000		268435456
26055.000000		9795.000000		7318.000000		268435456
8181.000000		31166.000000		15332.000000		268435456
21855.000000		15832.000000		10149.000000		268435456
31426.000000		8524.000000		6591.000000		268435456
18719.000000		6662.000000		20143.000000		268435456
11596.000000		922.000000		12915.000000		268435456
14350.000000		14968.000000		23670.000000		268435456
4601.000000		6508.000000		23502.000000		268435456
22633.000000		28039.000000		19146.000000		268435456
25815.000000		10786.000000		25890.000000		268435456
1006.000000		9941.000000		13356.000000		268435456
3636.000000		3427.000000		28083.000000		268435456
25110.000000		30758.000000		705.000000		268435456
18749.000000		7377.000000		24368.000000		268435456
2607.000000		30349.000000		24153.000000		268435456
368.000000		9509.000000		32197.000000		268435456
10391.000000		19002.000000		32375.000000		268435456
22532.000000		25479.000000		18352.000000		268435456
22927.000000		12690.000000		26262.000000		268435456
7826.000000		1785.000000		7262.000000		268435456
12622.000000		28759.000000		550.000000		268435456
18091.000000		5940.000000		26492.000000		268435456
7273.000000		2566.000000		25329.000000		268435456
24092.000000		22854.000000		26235.000000		268435456
13489.000000		21185.000000		24556.000000		268435456
15880.000000		8137.000000		8058.000000		268435456
9728.000000		25682.000000		19356.000000		268435456
10029.000000		14236.000000		22167.000000		268435456
7103.000000		27951.000000		16536.000000		268435456
12260.000000		9051.000000		19218.000000		268435456
15112.000000		11656.000000		26579.000000		268435456
14526.000000		26373.000000		22472.000000		268435456
13991.000000		23235.000000		28593.000000		268435456
8916.000000		4761.000000		19182.000000		268435456
24949.000000		7162.000000		31758.000000		268435456
20251.000000		21901.000000		30490.000000		268435456
6326.000000		29257.000000		30407.000000		268435456
4186.000000		32367.000000		13300.000000		268435456
17287.000000		13850.000000		9575.000000		268435456
16799.000000		12559.000000		20267.000000		268435456
17793.000000		28336.000000		5117.000000		268435456
12603.000000		8955.000000		24192.000000		268435456
29205.000000		15252.000000		3661.000000		268435456
5299.000000		8513.000000		2567.000000		268435456
6996.000000		24517.000000		22486.000000		268435456
21538.000000		21423.000000		20966.000000		268435456
4633.000000		19626.000000		26730.000000		268435456
15368.000000		28930.000000		5445.000000		268435456
9945.000000		24374.000000		30272.000000		268435456
6774.000000		13511.000000		18471.000000		268435456
16764.000000		27598.000000		22481.000000		268435456
2323.000000		13026.000000		25697.000000		268435456
19468.000000		17861.000000		5854.000000		268435456
14200.000000		28142.000000		17906.000000		268435456
16163.000000		13701.000000		15211.000000		268435456
457.000000		11506.000000		23900.000000		268435456
28766.000000		23755.000000		12441.000000		268435456
3487.000000		16939.000000		733.000000		268435456
8762.000000		27258.000000		32418.000000		268435456
7067.000000		6093.000000		19345.000000		268435456
4647.000000		18416.000000		15464.000000		268435456
17975.000000		14608.000000		7651.000000		268435456
11454.000000		10209.000000		24655.000000		268435456
5812.000000		31975.000000		29914.000000		268435456
31057.000000		9000.000000		19295.000000		268435456
16184.000000		17702.000000		23073.000000		268435456
1360.000000		27150.000000		23265.000000		268435456
30065.000000		16404.000000		11491.000000		268435456
27970.000000		4336.000000		19445.000000		268435456
27491.000000		5010.000000		24525.000000		268435456
25656.000000		13653.000000		6607.000000		268435456
19489.000000		8283.000000		717.000000		268435456
7177.000000		13514.000000		2714.000000		268435456
163.000000		28940.000000		15734.000000		268435456
32696.000000		291.000000		10303.000000		268435456
25854.000000		15355.000000		25862.000000		268435456
7884.000000		22006.000000		14713.000000		268435456
4258.000000		28673.000000		9602.000000		268435456
17298.000000		16733.000000		17655.000000		268435456
29802.000000		25534.000000		22375.000000		268435456
18289.000000		9841.000000		2953.000000		268435456
26537.000000		15366.000000		9187.000000		268435456
8155.000000		10744.000000		1923.000000		268435456
22894.000000		18813.000000		6031.000000		268435456
9099.000000		27186.000000		11993.000000		268435456
19900.000000		18048.000000		18459.000000		268435456
31489.000000		2265.000000		17063.000000		268435456
9839.000000		22003.000000		19326.000000		268435456
24710.000000		31395.000000		12828.000000		268435456
1525.000000		14481.000000		32627.000000		268435456
4890.000000		20974.000000		20486.000000		268435456
28210.000000		12742.000000		5748.000000		268435456
32022.000000		25182.000000		8562.000000		268435456
10272.000000		22085.000000		7031.000000		268435456
23151.000000		14733.000000		12563.000000		268435456
4369.000000		19923.000000		12299.000000		268435456
29660.000000		3369.000000		26232.000000		268435456
12440.000000		16125.000000		16565.000000		268435456
6984.000000		30988.000000		12600.000000		268435456
1662.000000		30392.000000		22931.000000		268435456
19290.000000		18482.000000		14227.000000		268435456
25184.000000		14106.000000		14773.000000		268435456
28409.000000		6560.000000		30021.000000		268435456
24249.000000		16295.000000		19885.000000		268435456
14104.000000		3726.000000		8825.000000		268435456
22405.000000		26349.000000		27195.000000		268435456
21548.000000		24954.000000		9243.000000		268435456
30925.000000		20585.000000		1579.000000		268435456
13847.000000		24047.000000		32255.000000		268435456
23474.000000		15071.000000		24251.000000		268435456
28785.000000		16159.000000		5272.000000		268435456
10448.000000		25264.000000		29734.000000		268435456
23157.000000		4005.000000		20265.000000		268435456
27924.000000		20700.000000		13341.000000		268435456
18690.000000		20231.000000		11460.000000		268435456
19035.000000		31393.000000		1631.000000		268435456
9826.000000		29143.000000		28015.000000		268435456
32624.000000		7940.000000		21425.000000		268435456
32475.000000		22393.000000		24125.000000		268435456
31558.000000		9889.000000		6618.000000		268435456
10818.000000		7426.000000		29260.000000		268435456
23937.000000		16276.000000		16245.000000		268435456
23033.000000		22182.000000		27615.000000		268435456
31400.000000		21087.000000		12472.000000		268435456
20514.000000		16817.000000		16396.000000		268435456
17559.000000		3601.000000		27269.000000		268435456
12273.000000		32515.000000		25784.000000		268435456
26638.000000		31009.000000		2901.000000		268435456
96.000000		27261.000000		11222.000000		268435456
5740.000000		438.000000		23010.000000		268435456
29109.000000		15851.000000		42.000000		268435456
24313.000000		17235.000000		32674.000000		268435456
2966.000000		28231.000000		5879.000000		268435456
15689.000000		28960.000000		2406.000000		268435456
27810.000000		10356.000000		18273.000000		268435456
10910.000000		23372.000000		10947.000000		268435456
1479.000000		3765.000000		881.000000		268435456
7769.000000		11063.000000		20743.000000		268435456
2764.000000		27280.000000		14327.000000		268435456
3545.000000		1379.000000		22763.000000		268435456
32460.000000		32490.000000		28611.000000		268435456
13901.000000		4447.000000		17995.000000		268435456
7821.000000		5224.000000		19429.000000		268435456
23409.000000		18225.000000		16247.000000		268435456
17407.000000		20105.000000		1530.000000		268435456
15408.000000		7903.000000		22027.000000		268435456
1355.000000		25076.000000		4781.000000		268435456
23186.000000		10792.000000		25930.000000		268435456
5929.000000		29931.000000		27127.000000		268435456
26251.000000		2449.000000		4715.000000		268435456
11656.000000		22751.000000		18373.000000		268435456
13190.000000		25940.000000		21863.000000		268435456
1705.000000		30878.000000		13058.000000		268435456
11964.000000		26571.000000		28953.000000		268435456
19504.000000		22681.000000		4678.000000		268435456
24758.000000		31343.000000		30676.000000		268435456
21222.000000		28449.000000		23695.000000		268435456
11923.000000		1932.000000		30149.000000		268435456
19742.000000		30908.000000		22996.000000		268435456
24545.000000		4651.000000		11437.000000		268435456
3318.000000		20702.000000		14927.000000		268435456
29742.000000		25322.000000		1248.000000		268435456
19183.000000		20899.000000		23760.000000		268435456
8091.000000		9147.000000		1415.000000		268435456
23182.000000		23912.000000		15226.000000		268435456
26645.000000		23995.000000		23191.000000		268435456
6666.000000		2888.000000		29628.000000		268435456
25863.000000		13218.000000		14598.000000		268435456
2860.000000		3061.000000		2395.000000		268435456
8600.000000		14466.000000		25106.000000		268435456
13039.000000		20062.000000		11757.000000		268435456
9688.000000		13760.000000		11457.000000		268435456
27267.000000		17437.000000		19740.000000		268435456
17768.000000		25755.000000		26857.000000		268435456
1983.000000		29615.000000		13175.000000		268435456
4741.000000		24217.000000		12629.000000		268435456
31783.000000		23252.000000		10450.000000		268435456
19060.000000		9641.000000		27366.000000		268435456
4364.000000		3511.000000		6229.000000		268435456
19659.000000		28648.000000		19655.000000		268435456
3193.000000		4005.000000		12235.000000		268435456
16646.000000		11328.000000		29185.000000		268435456
7650.000000		10368.000000		3288.000000		268435456
1640.000000		19555.000000		12063.000000		268435456
17107.000000		1584.000000		27158.000000		268435456
30750.000000		5582.000000		18072.000000		268435456
13077.000000		23487.000000		5969.000000		268435456
1045.000000		24272.000000		11585.000000		268435456
8439.000000		30694.000000		12115.000000		268435456
7436.000000		32207.000000		27630.000000		268435456
1484.000000		2864.000000		17153.000000		268435456
16579.000000		8263.000000		24077.000000		268435456
7093.000000		6659.000000		25789.000000		268435456
12627.000000		3120.000000		9447.000000		268435456
23885.000000		28974.000000		28736.000000		268435456
11546.000000		18889.000000		13754.000000		268435456
14555.000000		29643.000000		27252.000000		268435456
29373.000000		11523.000000		32001.000000		268435456
26634.000000		20373.000000		12780.000000		268435456
18222.000000		32001.000000		15215.000000		268435456
24161.000000		8456.000000		17423.000000		268435456
4538.000000		23908.000000		4500.000000		268435456
20460.000000		25308.000000		25621.000000		268435456
1667.000000		28761.000000		13603.000000		268435456
16085.000000		15554.000000		18529.000000		268435456
20990.000000		14762.000000		5965.000000		268435456
6623.000000		29549.000000		26597.000000		268435456
22596.000000		27200.000000		26038.000000		268435456
3843.000000		28736.000000		25738.000000		268435456
29018.000000		14546.000000		22503.000000		268435456
7325.000000		8519.000000		12501.000000		268435456
10174.000000		6074.000000		14671.000000		268435456
28904.000000		25151.000000		15937.000000		268435456
28889.000000		16679.000000		9260.000000		268435456
6847.000000		17878.000000		3853.000000		268435456
12066.000000		2599.000000		31735.000000		268435456
16345.000000		625.000000		16736.000000		268435456
7197.000000		566.000000		30251.000000		268435456
19456.000000		2066.000000		25370.000000		268435456
3195.000000		26712.000000		30326.000000		268435456
10735.000000		27960.000000		25776.000000		268435456
27388.000000		16369.000000		16314.000000		268435456
25043.000000		32470.000000		9943.000000		268435456
22253.000000		7887.000000		3437.000000		268435456
17077.000000		25507.000000		12790.000000		268435456
6486.000000		31521.000000		8495.000000		268435456
21288.000000		32129.000000		30613.000000		268435456
12335.000000		6997.000000		16052.000000		268435456
31508.000000		5033.000000		23869.000000		268435456
4408.000000		8976.000000		1114.000000		268435456
31610.000000		26323.000000		3468.000000		268435456
3658.000000		24513.000000		6390.000000		268435456
10878.000000		11428.000000		30565.000000		268435456
822.000000		15479.000000		22469.000000		268435456
22812.000000		8704.000000		19589.000000		268435456
14739.000000		30726.000000		2441.000000		268435456
5465.000000		31760.000000		2027.000000		268435456
18693.000000		10661.000000		26159.000000		268435456
30405.000000		3609.000000		22984.000000		268435456
15078.000000		8062.000000		7314.000000		268435456
7341.000000		3716.000000		6650.000000		268435456
28247.000000		32752.000000		1605.000000		268435456
19544.000000		3996.000000		25411.000000		268435456
13859.000000		8565.000000		2905.000000		268435456
785.000000		4336.000000		2226.000000		268435456
31739.000000		5729.000000		7842.000000		268435456
8952.000000		5209.000000		1020.000000		268435456
27886.000000		16633.000000		13545.000000		268435456
29394.000000		28184.000000		5816.000000		268435456
24884.000000		14746.000000		14857.000000		268435456
18507.000000		10631.000000		29113.000000		268435456
26018.000000		13279.000000		23788.000000		268435456
12645.000000		25680.000000		7422.000000		268435456
5976.000000		12554.000000		10208.000000		268435456
7437.000000		38.000000		24556.000000		268435456
29333.000000		32025.000000		19652.000000		268435456
11279.000000		3960.000000		23763.000000		268435456
23469.000000		340.000000		25840.000000		268435456
19160.000000		31639.000000		17380.000000		268435456
5522.000000		12854.000000		13037.000000		268435456
18897.000000		9018.000000		16684.000000		268435456
7039.000000		6139.000000		18523.000000		268435456
11570.000000		9849.000000		26161.000000		268435456
31635.000000		30777.000000		23697.000000		268435456
11929.000000		20867.000000		6964.000000		268435456
28293.000000		19538.000000		12509.000000		268435456
14807.000000		10693.000000		27991.000000		268435456
3262.000000		17311.000000		9580.000000		268435456
23463.000000		6463.000000		9746.000000		268435456
15221.000000		24995.000000		11847.000000		268435456
29768.000000		8748.000000		19895.000000		268435456
19619.000000		10154.000000		14818.000000		268435456
22844.000000		31064.000000		24058.000000		268435456
25317.000000		30365.000000		25399.000000		268435456
14484.000000		28592.000000		19129.000000		268435456
1715.000000		16627.000000		1886.000000		268435456
21897.000000		17392.000000		30326.000000		268435456
3173.000000		3587.000000		6940.000000		268435456
26980.000000		23424.000000		30014.000000		268435456
770.000000		1839.000000		30445.000000		268435456
25814.000000		3548.000000		31733.000000		268435456
29145.000000		7314.000000		20585.000000		268435456
19788.000000		12313.000000		21316.000000		268435456
16192.000000		4671.000000		19994.000000		268435456
20209.000000		30308.000000		27796.000000		268435456
17691.000000		18482.000000		7960.000000		268435456
10065.000000		8089.000000		7386.000000		268435456
26613.000000		7806.000000		21003.000000		268435456
5593.000000		17209.000000		21547.000000		268435456
3024.000000		17505.000000		24418.000000		268435456
22197.000000		5222.000000		14919.000000		268435456
3580.000000		23622.000000		2268.000000		268435456
8619.000000		3255.000000		14235.000000		268435456
3466.000000		30683.000000		25788.000000		268435456
2570.000000		18431.000000		28533.000000		268435456
21569.000000		22211.000000		13627.000000		268435456
15820.000000		30299.000000		23382.000000		268435456
12319.000000		22413.000000		7444.000000		268435456
20853.000000		15393.000000		24739.000000		268435456
4542.000000		32251.000000		26692.000000		268435456
21335.000000		12167.000000		12590.000000		268435456
24136.000000		8892.000000		3149.000000		268435456
7233.000000		29213.000000		23626.000000		268435456
9139.000000		8222.000000		17822.000000		268435456
3273.000000		14452.000000		31074.000000		268435456
21628.000000		27761.000000		24567.000000		268435456
28072.000000		31864.000000		5711.000000		268435456
27684.000000		24074.000000		21974.000000		268435456
20202.000000		10103.000000		25317.000000		268435456
28686.000000		7719.000000		5970.000000		268435456
21725.000000		18116.000000		16490.000000		268435456
14488.000000		26401.000000		762.000000		268435456
13054.000000		27255.000000		14064.000000		268435456
23685.000000		24503.000000		31621.000000		268435456
29789.000000		12221.000000		11221.000000		268435456
3343.000000		2127.000000		7033.000000		268435456
28204.000000		16557.000000		23499.000000		268435456
15163.000000		4226.000000		25626.000000		268435456
9334.000000		20903.000000		24633.000000		268435456
3907.000000		23125.000000		30522.000000		268435456
21038.000000		26782.000000		15064.000000		268435456
8504.000000		15840.000000		957.000000		268435456
32023.000000		5350.000000		21461.000000		268435456
3619.000000		7003.000000		6906.000000		268435456
21305.000000		15958.000000		21984.000000		268435456
1872.000000		17097.000000		14646.000000		268435456
21209.000000		26846.000000		12527.000000		268435456
24972.000000		32693.000000		30186.000000		268435456
16174.000000		17894.000000		6049.000000		268435456
2170.000000		31937.000000		8355.000000		268435456
29518.000000		16141.000000		21631.000000		268435456
7754.000000		1524.000000		5512.000000		268435456
4610.000000		24096.000000		11159.000000		268435456
2675.000000		16904.000000		24825.000000		268435456
11401.000000		9317.000000		29209.000000		268435456
23118.000000		6704.000000		27581.000000		268435456
4971.000000		6032.000000		26889.000000		268435456
11411.000000		1282.000000		29116.000000		268435456
27629.000000		5359.000000		2331.000000		268435456
32048.000000		5267.000000		824.000000		268435456
10699.000000		27581.000000		7511.000000		268435456
6383.000000		20708.000000		21757.000000		268435456
57.000000		26013.000000		5912.000000		268435456
22758.000000		24361.000000		15881.000000		268435456
3681.000000		20640.000000		16770.000000		268435456
5039.000000		2976.000000		404.000000		268435456
19156.000000		24686.000000		13188.000000		268435456
1734.000000		20198.000000		31361.000000		268435456
20141.000000		25700.000000		26363.000000		268435456
25776.000000		10513.000000		31135.000000		268435456
27733.000000		28359.000000		159.000000		268435456
17593.000000		31736.000000		14920.000000		268435456
18211.000000		11615.000000		26544.000000		268435456
30557.000000		15210.000000		18746.000000		268435456
14421.000000		28176.000000		7590.000000		268435456
20161.000000		9550.000000		10174.000000		268435456
787.000000		10833.000000		9556.000000		268435456
19657.000000		3291.000000		27007.000000		268435456
31864.000000		2702.000000		1592.000000		268435456
28845.000000		27496.000000		5527.000000		268435456
11736.000000		11995.000000		25582.000000		268435456
7185.000000		11909.000000		17344.000000		268435456
26297.000000		15488.000000		2821.000000		268435456
19481.000000		28256.000000		21681.000000		268435456
319.000000		18498.000000		2980.000000		268435456
15600.000000		10400.000000		20739.000000		268435456
5878.000000		17276.000000		20413.000000		268435456
3756.000000		6969.000000		31800.000000		268435456
23866.000000		9828.000000		24008.000000		268435456
14499.000000		14314.000000		4542.000000		268435456
10171.000000		15370.000000		31287.000000		268435456
5261.000000		13414.000000		32765.000000		268435456
29893.000000		17658.000000		26915.000000		268435456
7423.000000		17490.000000		22995.000000		268435456
14930.000000		11137.000000		32481.000000		268435456
13094.000000		24989.000000		12562.000000		268435456
15383.000000		20751.000000		18817.000000		268435456
28112.000000		31973.000000		11470.000000		268435456
21001.000000		7714.000000		13927.000000		268435456
10268.000000		21213.000000		1193.000000		268435456
1036.000000		1728.000000		32380.000000		268435456
20595.000000		17656.000000		9821.000000		268435456
2758.000000		13170.000000		10406.000000		268435456
26766.000000		17085.000000		15661.000000		268435456
28370.000000		820.000000		25996.000000		268435456
19894.000000		24214.000000		11023.000000		268435456
30409.000000		13532.000000		14547.000000		268435456
19596.000000		25591.000000		20897.000000		268435456
10706.000000		18142.000000		9039.000000		268435456
17903.000000		32299.000000		23888.000000		268435456
12224.000000		4742.000000		7910.000000		268435456
21210.000000		1588.000000		12089.000000		268435456
6369.000000		25586.000000		2069.000000		268435456
29530.000000		13169.000000		4772.000000		268435456
26383.000000		25203.000000		23116.000000		268435456
30949.000000		32280.000000		12598.000000		268435456
24231.000000		5413.000000		15278.000000		268435456
5815.000000		21403.000000		17699.000000		268435456
352.000000		15833.000000		2509.000000		268435456
25349.000000		7312.000000		27398.000000		268435456
28238.000000		14504.000000		15479.000000		268435456
10788.000000		20672.000000		15669.000000		268435456
2410.000000		6340.000000		21691.000000		268435456
20725.000000		16731.000000		8348.000000		268435456
4719.000000		27494.000000		32162.000000		268435456
13879.000000		10890.000000		28558.000000		268435456
1534.000000		28651.000000		20828.000000		268435456
6799.000000		21718.000000		2316.000000		268435456
5432.000000		16508.000000		12485.000000		268435456
9567.000000		25630.000000		19307.000000		268435456
32598.000000		26833.000000		5272.000000		268435456
12491.000000		13580.000000		14185.000000		268435456
30178.000000		20728.000000		1702.000000		268435456
12668.000000		11085.000000		29965.000000		268435456
16288.000000		16416.000000		22245.000000		268435456
24314.000000		25085.000000		17890.000000		268435456
22354.000000		8150.000000		29508.000000		268435456
18364.000000		7420.000000		10358.000000		268435456
6857.000000		8769.000000		23155.000000		268435456
18494.000000		29997.000000		7963.000000		268435456
5133.000000		3639.000000		16680.000000		268435456
32439.000000		21201.000000		16482.000000		268435456
18822.000000		19007.000000		32403.000000		268435456
23884.000000		12400.000000		457.000000		268435456
9057.000000		23523.000000		32749.000000		268435456
31438.000000		9758.000000		7560.000000		268435456
9129.000000		733.000000		11373.000000		268435456
18021.000000		12276.000000		6800.000000		268435456
15313.000000		28673.000000		6669.000000		268435456
23744.000000		21522.000000		27153.000000		268435456
17825.000000		26101.000000		2274.000000		268435456
32146.000000		2959.000000		20512.000000		268435456
24256.000000		26132.000000		7662.000000		268435456
5773.000000		28445.000000		30041.000000		268435456
27985.000000		30227.000000		6077.000000		268435456
5406.000000		29513.000000		7566.000000		268435456
14689.000000		6969.000000		1580.000000		268435456
17039.000000		18851.000000		9188.000000		268435456
6677.000000		28241.000000		15393.000000		268435456
26201.000000		4908.000000		5871.000000		268435456
1757.000000		14239.000000		3368.000000		268435456
22741.000000		17892.000000		12195.000000		268435456
15378.000000		25716.000000		16942.000000		268435456
9354.000000		19019.000000		29755.000000		268435456
24518.000000		28742.000000		22480.000000		268435456
24258.000000		14122.000000		13415.000000		268435456
32445.000000		6472.000000		24053.000000		268435456
4148.000000		272.000000		15967.000000		268435456
8891.000000		31995.000000		944.000000		268435456
27878.000000		16437.000000		17573.000000		268435456
31406.000000		4920.000000		19358.000000		268435456
18061.000000		10954.000000		31395.000000		268435456
25180.000000		32403.000000		25657.000000		268435456
10012.000000		23267.000000		620.000000		268435456
23205.000000		24368.000000		31959.000000		268435456
26940.000000		15990.000000		28734.000000		268435456
1136.000000		20838.000000		31568.000000		268435456
740.000000		29987.000000		30882.000000		268435456
16348.000000		5047.000000		32639.000000		268435456
6737.000000		13004.000000		25655.000000		268435456
32341.000000		2062.000000		31001.000000		268435456
30722.000000		20251.000000		12422.000000		268435456
29071.000000		29255.000000		2450.000000		268435456
2185.000000		18828.000000		26494.000000		268435456
23207.000000		2657.000000		20229.000000		268435456
30550.000000		1687.000000		16226.000000		268435456
9161.000000		17135.000000		22103.000000		268435456
1986.000000		13834.000000		4938.000000		268435456
29747.000000		5291.000000		8729.000000		268435456
17406.000000		31669.000000		18575.000000		268435456
24945.000000		17964.000000		16584.000000		268435456
29116.000000		27383.000000		20404.000000		268435456
4637.000000		4912.000000		10368.000000		268435456
2729.000000		31438.000000		12206.000000		268435456
26004.000000		22787.000000		18242.000000		268435456
19217.000000		7026.000000		148.000000		268435456
20816.000000		5601.000000		15955.000000		268435456
21310.000000		22439.000000		30500.000000		268435456
28659.000000		10082.000000		25709.000000		268435456
26742.000000		15182.000000		13467.000000		268435456
1830.000000		22620.000000		15783.000000		268435456
10413.000000		26072.000000		1750.000000		268435456
24783.000000		2232.000000		26988.000000		268435456
4147.000000		2724.000000		12978.000000		268435456
2392.000000		6697.000000		26072.000000		268435456
4883.000000		31355.000000		22309.000000		268435456
10228.000000		25298.000000		17736.000000		268435456
21472.000000		30876.000000		401.000000		268435456
1831.000000		17203.000000		24084.000000		268435456
16405.000000		25368.000000		15404.000000		268435456
21251.000000		12024.000000		26010.000000		268435456
7777.000000		26999.000000		17826.000000		268435456
24523.000000		4228.000000		7978.000000		268435456
30069.000000		32208.000000		19768.000000		268435456
18180.000000		32072.000000		7287.000000		268435456
12835.000000		11232.000000		4375.000000		268435456
8731.000000		17733.000000		20627.000000		268435456
10744.000000		24265.000000		9352.000000		268435456
28970.000000		4689.000000		14240.000000		268435456
5016.000000		10612.000000		585.000000		268435456
8574.000000		7156.000000		25793.000000		268435456
24700.000000		11993.000000		29510.000000		268435456
31464.000000		31475.000000		13546.000000		268435456
7152.000000		7823.000000		19539.000000		268435456
19473.000000		29671.000000		166.000000		268435456
8532.000000		12149.000000		9668.000000		268435456
19765.000000		12917.000000		16363.000000		268435456
12312.000000		25944.000000		1519.000000		268435456
11801.000000		30464.000000		31367.000000		268435456
11751.000000		4059.000000		5114.000000		268435456
28443.000000		14055.000000		25829.000000		268435456
22519.000000		8206.000000		23183.000000		268435456
20138.000000		13234.000000		31747.000000		268435456
19080.000000		32637.000000		31295.000000		268435456
2950.000000		10170.000000		9462.000000		268435456
12775.000000		20116.000000		31167.000000		268435456
20888.000000		26419.000000		4958.000000		268435456
14999.000000		10672.000000		13895.000000		268435456
10826.000000		19101.000000		22400.000000		268435456
32369.000000		6971.000000		24761.000000		268435456
2717.000000		29698.000000		16402.000000		268435456
19160.000000		1686.000000		1117.000000		268435456
26741.000000		4761.000000		1238.000000		268435456
16461.000000		27343.000000		23113.000000		268435456
28108.000000		16540.000000		18071.000000		268435456
1554.000000		11593.000000		14561.000000		268435456
15318.000000		1391.000000		9769.000000		268435456
11417.000000		31715.000000		20707.000000		268435456
2357.000000		31353.000000		22385.000000		268435456
28651.000000		4936.000000		12803.000000		268435456
3532.000000		6961.000000		30385.000000		268435456
26456.000000		8544.000000		20226.000000		268435456
29657.000000		31053.000000		21883.000000		268435456
25090.000000		25894.000000		32192.000000		268435456
14676.000000		29727.000000		16926.000000		268435456
18477.000000		25675.000000		18883.000000		268435456
24016.000000		15996.000000		18290.000000		268435456
26446.000000		25711.000000		28701.000000		268435456
14413.000000		195.000000		23617.000000		268435456
9047.000000		6358.000000		4545.000000		268435456
11703.000000		19677.000000		16580.000000		268435456
12726.000000		30430.000000		9635.000000		268435456
3085.000000		30799.000000		11766.000000		268435456
21231.000000		12970.000000		1587.000000		268435456
22367.000000		21683.000000		19866.000000		268435456
1520.000000		21181.000000		11802.000000		268435456
11561.000000		14645.000000		852.000000		268435456
31841.000000		25714.000000		26179.000000		268435456
22452.000000		28648.000000		11811.000000		268435456
14750.000000		29851.000000		23433.000000		268435456
3712.000000		28680.000000		1815.000000		268435456
20008.000000		22187.000000		23727.000000		268435456
491.000000		27275.000000		27938.000000		268435456
8102.000000		18996.000000		29036.000000		268435456
32649.000000		8338.000000		5964.000000		268435456
12749.000000		426.000000		8614.000000		268435456
2543.000000		21388.000000		7610.000000		268435456
32465.000000		16028.000000		12343.000000		268435456
31197.000000		27957.000000		24382.000000		268435456
11809.000000		30445.000000		20188.000000		268435456
30732.000000		20918.000000		19575.000000		268435456
28326.000000		5038.000000		30987.000000		268435456
9735.000000		14470.000000		25249.000000		268435456
30138.000000		9638.000000		16878.000000		268435456
29148.000000		30956.000000		28576.000000		268435456
13960.000000		13492.000000		1463.000000		268435456
9099.000000		32039.000000		26109.000000		268435456
23979.000000		26244.000000		10493.000000		268435456
1138.000000		7079.000000		25276.000000		268435456
2830.000000		28247.000000		28913.000000		268435456
24628.000000		30692.000000		24668.000000		268435456
14470.000000		23236.000000		5509.000000		268435456
23493.000000		21679.000000		14690.000000		268435456
17826.000000		14280.000000		2773.000000		268435456
2721.000000		17.000000		25142.000000		268435456
20886.000000		27256.000000		12670.000000		268435456
4958.000000		17689.000000		30021.000000		268435456
29277.000000		31023.000000		13726.000000		268435456
27665.000000		10786.000000		7580.000000		268435456
1113.000000		28182.000000		29365.000000		268435456
3141.000000		17024.000000		27518.000000		268435456
20512.000000		31571.000000		18083.000000		268435456
13678.000000		4235.000000		31651.000000		268435456
11324.000000		20291.000000		26731.000000		268435456
29736.000000		29063.000000		25884.000000		268435456
7926.000000		27786.000000		10131.000000		268435456
2968.000000		24282.000000		27411.000000		268435456
26777.000000		11489.000000		32558.000000		268435456
27084.000000		2190.000000		18153.000000		268435456
22697.000000		9955.000000		13300.000000		268435456
24307.000000		31506.000000		21584.000000		268435456
28917.000000		20054.000000		22263.000000		268435456
27320.000000		14002.000000		19581.000000		268435456
12194.000000		9106.000000		3801.000000		268435456
23091.000000		26953.000000		24200.000000		268435456
30069.000000		29213.000000		1925.000000		268435456
30240.000000		27403.000000		8840.000000		268435456
28677.000000		18331.000000		27874.000000		268435456
29798.000000		17796.000000		29214.000000		268435456
18338.000000		17298.000000		28408.000000		268435456
4367.000000		30753.000000		27740.000000		268435456
7949.000000		30146.000000		3705.000000		268435456
29249.000000		28625.000000		9301.000000		268435456
18270.000000		1018.000000		26289.000000		268435456
6104.000000		20398.000000		185.000000		268435456
29860.000000		4529.000000		26186.000000		268435456
25263.000000		18086.000000		30783.000000		268435456
20517.000000		13009.000000		31336.000000		268435456
2238.000000		21146.000000		27100.000000		268435456
2886.000000		24683.000000		10243.000000		268435456
25238.000000		2937.000000		8424.000000		268435456
8839.000000		16727.000000		32142.000000		268435456
13281.000000		28979.000000		29897.000000		268435456
25110.000000		29168.000000		15180.000000		268435456
13292.000000		19872.000000		12478.000000		268435456
1508.000000		7517.000000		6884.000000		268435456
31852.000000		6060.000000		23511.000000		268435456
3393.000000		49.000000		20233.000000		268435456
29690.000000		30570.000000		25156.000000		268435456
7786.000000		8011.000000		14940.000000		268435456
5884.000000		8920.000000		22653.000000		268435456
12435.000000		28469.000000		2255.000000		268435456
31983.000000		22909.000000		26103.000000		268435456
13132.000000		10101.000000		22831.000000		268435456
29010.000000		22823.000000		10331.000000		268435456
8279.000000		23180.000000		3235.000000		268435456
16039.000000		20593.000000		24959.000000		268435456
24900.000000		30367.000000		12350.000000		268435456
12092.000000		9184.000000		20875.000000		268435456
17522.000000		23540.000000		22777.000000		268435456
6844.000000		24749.000000		3097.000000		268435456
30026.000000		3533.000000		17581.000000		268435456
26816.000000		1184.000000		12841.000000		268435456
6594.000000		30538.000000		13035.000000		268435456
4045.000000		25730.000000		5187.000000		268435456
27541.000000		8528.000000		16061.000000		268435456
5514.000000		786.000000		10016.000000		268435456
28084.000000		22450.000000		7865.000000		268435456
16398.000000		10373.000000		15017.000000		268435456
20178.000000		27405.000000		8938.000000		268435456
20887.000000		3824.000000		22070.000000		268435456
12323.000000		18953.000000		8321.000000		268435456
7952.000000		4657.000000		20047.000000		268435456
29603.000000		26639.000000		18757.000000		268435456
26402.000000		4665.000000		26458.000000		268435456
30584.000000		8331.000000		16702.000000		268435456
21201.000000		11452.000000		30208.000000		268435456
19546.000000		19791.000000		12051.000000		268435456
18895.000000		12211.000000		14636.000000		268435456
4863.000000		27584.000000		5126.000000		268435456
5127.000000		14393.000000		29429.000000		268435456
20726.000000		16322.000000		32421.000000		268435456
28438.000000		27044.000000		23757.000000		268435456
18310.000000		13483.000000		14207.000000		268435456
6568.000000		5871.000000		18633.000000		268435456
14174.000000		7075.000000		27002.000000		268435456
12273.000000		11468.000000		25833.000000		268435456
4667.000000		9269.000000		4002.000000		268435456
23484.000000		13559.000000		30364.000000		268435456
30684.000000		22274.000000		12434.000000		268435456
8136.000000		31653.000000		21505.000000		268435456
3527.000000		17366.000000		13236.000000		268435456
14695.000000		17948.000000		11654.000000		268435456
23003.000000		19341.000000		30484.000000		268435456
1180.000000		13789.000000		13820.000000		268435456
21926.000000		17286.000000		19585.000000		268435456
20017.000000		30190.000000		12350.000000		268435456
1252.000000		29597.000000		15139.000000		268435456
23666.000000		14355.000000		12528.000000		268435456
969.000000		28899.000000		24281.000000		268435456
663.000000		26151.000000		18443.000000		268435456
20950.000000		26243.000000		4348.000000		268435456
7170.000000		20433.000000		6445.000000		268435456
9326.000000		19362.000000		15952.000000		268435456
9175.000000		5955.000000		31466.000000		268435456
22629.000000		8212.000000		31827.000000		268435456
4768.000000		16330.000000		21642.000000		268435456
15421.000000		25402.000000		9264.000000		268435456
3831.000000		5978.000000		28415.000000		268435456
29909.000000		24434.000000		1007.000000		268435456
8042.000000		20565.000000		6388.000000		268435456
15527.000000		27087.000000		9922.000000		268435456
15126.000000		4928.000000		10048.000000		268435456
16886.000000		10524.000000		23428.000000		268435456
9138.000000		10280.000000		21043.000000		268435456
635.000000		10332.000000		3262.000000		268435456
12023.000000		9695.000000		1376.000000		268435456
17250.000000		14392.000000		16336.000000		268435456
24237.000000		26968.000000		15102.000000		268435456
15049.000000		16420.000000		14607.000000		268435456
11722.000000		467.000000		15610.000000		268435456
15350.000000		27423.000000		24824.000000		268435456
7773.000000		20112.000000		30017.000000		268435456
18939.000000		25946.000000		10955.000000		268435456
10045.000000		20806.000000		9214.000000		268435456
27790.000000		30505.000000		30500.000000		268435456
29115.000000		17553.000000		11693.000000		268435456
4400.000000		32526.000000		19825.000000		268435456
14019.000000		26638.000000		3167.000000		268435456
14084.000000		28602.000000		23896.000000		268435456
18473.000000		15338.000000		5761.000000		268435456
11739.000000		22618.000000		5476.000000		268435456
15906.000000		9220.000000		4861.000000		268435456
24937.000000		27789.000000		20117.000000		268435456
10774.000000		12023.000000		17815.000000		268435456
3996.000000		20173.000000		9384.000000		268435456
26434.000000		6054.000000		4047.000000		268435456
30085.000000		23359.000000		8496.000000		268435456
30450.000000		6174.000000		16817.000000		268435456
94.000000		10776.000000		29659.000000		268435456
6452.000000		23280.000000		4949.000000		268435456
30861.000000		18462.000000		7281.000000		268435456
21588.000000		21576.000000		19205.000000		268435456
31409.000000		2294.000000		15221.000000		268435456
11393.000000		7798.000000		7485.000000		268435456
30499.000000		10802.000000		17519.000000		268435456
14953.000000		11678.000000		11013.000000		268435456
27241.000000		3936.000000		6467.000000		268435456
27316.000000		23749.000000		30803.000000		268435456
8594.000000		32396.000000		14378.000000		268435456
18847.000000		2693.000000		6003.000000		268435456
13175.000000		16881.000000		11808.000000		268435456
9513.000000		17916.000000		26542.000000		268435456
29770.000000		16078.000000		32233.000000		268435456
21906.000000		31963.000000		29861.000000		268435456
6918.000000		14999.000000		12278.000000		268435456
28439.000000		16805.000000		4376.000000		268435456
10393.000000		32507.000000		22998.000000		268435456
20790.000000		11634.000000		788.000000		268435456
28377.000000		8827.000000		11253.000000		268435456
18139.000000		8921.000000		20669.000000		268435456
27051.000000		15999.000000		2775.000000		268435456
2117.000000		24525.000000		17451.000000		268435456
1764.000000		7473.000000		29969.000000		268435456
14983.000000		27283.000000		25111.000000		268435456
2500.000000		14465.000000		2478.000000		268435456
20971.000000		2585.000000		8781.000000		268435456
32040.000000		4387.000000		31425.000000		268435456
21418.000000		13395.000000		2584.000000		268435456
13243.000000		16232.000000		9811.000000		268435456
10416.000000		15726.000000		10279.000000		268435456
14291.000000		31034.000000		1013.000000		268435456
22113.000000		10486.000000		11929.000000		268435456
21690.000000		28587.000000		8080.000000		268435456
21413.000000		23110.000000		21303.000000		268435456
8599.000000		11214.000000		2647.000000		268435456
8094.000000		5076.000000		1795.000000		268435456
14899.000000		17884.000000		4318.000000		268435456
3282.000000		19773.000000		19868.000000		268435456
11337.000000		17104.000000		12742.000000		268435456
11959.000000		30235.000000		21051.000000		268435456
8229.000000		25591.000000		21119.000000		268435456
20702.000000		20490.000000		6944.000000		268435456
31166.000000		4405.000000		6159.000000		268435456
9777.000000		13418.000000		15826.000000		268435456
11152.000000		4583.000000		10205.000000		268435456
17407.000000		27325.000000		1411.000000		268435456
18146.000000		20901.000000		30957.000000		268435456
20429.000000		15025.000000		27244.000000		268435456
3382.000000		17753.000000		22561.000000		268435456
22564.000000		12602.000000		21513.000000		268435456
29977.000000		31332.000000		25155.000000		268435456
28627.000000		12871.000000		14704.000000		268435456
18579.000000		15556.000000		3349.000000		268435456
8288.000000		30965.000000		6725.000000		268435456
19929.000000		25215.000000		29848.000000		268435456
29598.000000		9804.000000		20466.000000		268435456
23325.000000		31160.000000		5182.000000		268435456
32154.000000		751.000000		10791.000000		268435456
23688.000000		9275.000000		27603.000000		268435456
18279.000000		12865.000000		31453.000000		268435456
16320.000000		9830.000000		24117.000000		268435456
4210.000000		22000.000000		30019.000000		268435456
31378.000000		26810.000000		27703.000000		268435456
24406.000000		5861.000000		24676.000000		268435456
2708.000000		12912.000000		22597.000000		268435456
7286.000000		17670.000000		26980.000000		268435456
27086.000000		2286.000000		20384.000000		268435456
16326.000000		20818.000000		10921.000000		268435456
6368.000000		13042.000000		31818.000000		268435456
18565.000000		24125.000000		5200.000000		268435456
6419.000000		12227.000000		28415.000000		268435456
4311.000000		4183.000000		6063.000000		268435456
4435.000000		20944.000000		13001.000000		268435456
26754.000000		15775.000000		6877.000000		268435456
28437.000000		27015.000000		9235.000000		268435456
2361.000000		9238.000000		6781.000000		268435456
12417.000000		22593.000000		25418.000000		268435456
15421.000000		110.000000		20276.000000		268435456
14212.000000		19612.000000		32617.000000		268435456
15415.000000		17377.000000		31123.000000		268435456
7579.000000		8348.000000		20221.000000		268435456
20381.000000		21664.000000		29283.000000		268435456
3687.000000		10081.000000		28309.000000		268435456
5889.000000		18002.000000		5777.000000		268435456
17266.000000		31585.000000		4493.000000		268435456
26642.000000		24730.000000		27945.000000		268435456
26037.000000		24413.000000		20145.000000		268435456
6462.000000		10153.000000		19237.000000		268435456
27054.000000		21386.000000		25662.000000		268435456
11066.000000		32561.000000		3069.000000		268435456
308.000000		28077.000000		10006.000000		268435456
5329.000000		31337.000000		1845.000000		268435456
2634.000000		7699.000000		32589.000000		268435456
27345.000000		3037.000000		2655.000000		268435456
1174.000000		9391.000000		2137.000000		268435456
235.000000		7733.000000		7245.000000		268435456
8019.000000		24774.000000		13704.000000		268435456
16862.000000		15167.000000		31074.000000		268435456
28625.000000		10991.000000		19337.000000		268435456
11345.000000		22759.000000		25162.000000		268435456
25825.000000		23628.000000		9771.000000		268435456
28442.000000		15318.000000		19833.000000		268435456
9662.000000		22353.000000		11686.000000		268435456
23278.000000		11761.000000		8519.000000		268435456
19284.000000		9585.000000		8445.000000		268435456
6307.000000		6908.000000		8065.000000		268435456
22773.000000		23167.000000		868.000000		268435456
6811.000000		4088.000000		27847.000000		268435456
5587.000000		14774.000000		6315.000000		268435456
25826.000000		10790.000000		27920.000000		268435456
31462.000000		24981.000000		288.000000		268435456
23340.000000		18606.000000		23588.000000		268435456
24834.000000		23323.000000		16228.000000		268435456
5306.000000		24667.000000		25596.000000		268435456
2363.000000		7690.000000		21282.000000		268435456
5567.000000		13040.000000		19511.000000		268435456
3586.000000		16174.000000		10677.000000		268435456
2801.000000		29685.000000		1325.000000		268435456
21870.000000		24290.000000		532.000000		268435456
3904.000000		8991.000000		5704.000000		268435456
19886.000000		23887.000000		5029.000000		268435456
27875.000000		10391.000000		10918.000000		268435456
8869.000000		10001.000000		24514.000000		268435456
576.000000		6595.000000		26680.000000		268435456
18450.000000		26693.000000		9236.000000		268435456
18532.000000		3438.000000		15569.000000		268435456
13781.000000		27953.000000		30740.000000		268435456
15351.000000		7261.000000		10732.000000		268435456
7215.000000		16134.000000		19024.000000		268435456
27381.000000		10155.000000		8970.000000		268435456
13334.000000		28775.000000		16968.000000		268435456
30870.000000		20619.000000		7163.000000		268435456
13293.000000		24769.000000		4600.000000		268435456
22058.000000		17728.000000		15215.000000		268435456
27459.000000		20114.000000		3699.000000		268435456
2770.000000		13666.000000		7067.000000		268435456
10336.000000		12336.000000		2325.000000		268435456
32090.000000		29657.000000		26086.000000		268435456
24789.000000		18358.000000		27449.000000		268435456
6829.000000		5895.000000		14281.000000		268435456
12863.000000		4636.000000		5238.000000		268435456
14473.000000		22557.000000		28270.000000		268435456
17152.000000		23207.000000		32715.000000		268435456
1926.000000		6288.000000		951.000000		268435456
25249.000000		13104.000000		20044.000000		268435456
6290.000000		24869.000000		25258.000000		268435456
6159.000000		9976.000000		5666.000000		268435456
14691.000000		28697.000000		21114.000000		268435456
8186.000000		258.000000		19205.000000		268435456
2199.000000		5180.000000		7850.000000		268435456
18428.000000		16422.000000		20857.000000		268435456
28028.000000		12585.000000		18420.000000		268435456
9044.000000		8798.000000		24684.000000		268435456
26797.000000		27865.000000		7419.000000		268435456
23635.000000		24064.000000		19728.000000		268435456
18955.000000		16710.000000		27390.000000		268435456
29137.000000		31445.000000		19201.000000		268435456
3523.000000		3289.000000		22002.000000		268435456
4680.000000		5721.000000		7966.000000		268435456
17747.000000		21205.000000		9433.000000		268435456
3680.000000		1414.000000		19862.000000		268435456
21203.000000		14593.000000		14900.000000		268435456
6933.000000		3056.000000		31766.000000		268435456
11247.000000		568.000000		22998.000000		268435456
24510.000000		4906.000000		10026.000000		268435456
10060.000000		23987.000000		5257.000000		268435456
9881.000000		16031.000000		30238.000000		268435456
21084.000000		28962.000000		1860.000000		268435456
1712.000000		14182.000000		31497.000000		268435456
18110.000000		6126.000000		24290.000000		268435456
5166.000000		26819.000000		5324.000000		268435456
15816.000000		31804.000000		4762.000000		268435456
8318.000000		29004.000000		1828.000000		268435456
1479.000000		32395.000000		22183.000000		268435456
26058.000000		5610.000000		16675.000000		268435456
20507.000000		26365.000000		13797.000000		268435456
12722.000000		23345.000000		17581.000000		268435456
24637.000000		10165.000000		23622.000000		268435456
20824.000000		24259.000000		16845.000000		268435456
17221.000000		6598.000000		13683.000000		268435456
13585.000000		28086.000000		20214.000000		268435456
13468.000000		9897.000000		27128.000000		268435456
3160.000000		30273.000000		17305.000000		268435456
32714.000000		20029.000000		19135.000000		268435456
2778.000000		8721.000000		11403.000000		268435456
22705.000000		32175.000000		11733.000000		268435456
11701.000000		29713.000000		10806.000000		268435456
6796.000000		17898.000000		28832.000000		268435456
17469.000000		32667.000000		22157.000000		268435456
29575.000000		16472.000000		4890.000000		268435456
16870.000000		2110.000000		9520.000000		268435456
1495.000000		26391.000000		31917.000000		268435456
1822.000000		24734.000000		6737.000000		268435456
18577.000000		25081.000000		18104.000000		268435456
27975.000000		1058.000000		17708.000000		268435456
16818.000000		23523.000000		12787.000000		268435456
1547.000000		31328.000000		12600.000000		268435456
24601.000000		27751.000000		800.000000		268435456
14521.000000		25743.000000		3423.000000		268435456
5987.000000		4008.000000		14553.000000		268435456
18554.000000		29802.000000		10961.000000		268435456
14568.000000		6899.000000		12110.000000		268435456
25719.000000		18750.000000		15700.000000		268435456
11331.000000		9871.000000		10322.000000		268435456
16198.000000		6941.000000		1324.000000		268435456
28470.000000		5544.000000		7444.000000		268435456
23867.000000		1399.000000		20190.000000		268435456
30660.000000		19312.000000		3141.000000		268435456
24940.000000		31096.000000		3968.000000		268435456
1235.000000		18627.000000		29351.000000		268435456
12177.000000		13825.000000		25690.000000		268435456
26815.000000		28654.000000		5433.000000		268435456
19713.000000		26146.000000		29440.000000		268435456
13974.000000		5235.000000		2926.000000		268435456
5498.000000		2124.000000		9002.000000		268435456
17922.000000		23251.000000		23876.000000		268435456
10359.000000		20414.000000		32249.000000		268435456
2822.000000		20689.000000		23561.000000		268435456
31300.000000		7900.000000		13934.000000		268435456
5657.000000		8360.000000		28212.000000		268435456
16400.000000		21615.000000		3376.000000		268435456
1607.000000		25122.000000		9632.000000		268435456
4263.000000		16120.000000		30211.000000		268435456
6747.000000		25240.000000		29951.000000		268435456
7074.000000		28840.000000		12154.000000		268435456
12102.000000		22859.000000		1134.000000		268435456
22308.000000		13203.000000		28096.000000		268435456
10552.000000		28551.000000		20072.000000		268435456
2188.000000		20792.000000		24475.000000		268435456
21032.000000		23700.000000		9613.000000		268435456
9882.000000		4474.000000		16623.000000		268435456
29633.000000		9069.000000		22770.000000		268435456
21495.000000		5270.000000		28771.000000		268435456
11247.000000		21664.000000		12290.000000		268435456
10025.000000		18623.000000		9737.000000		268435456
632.000000		8439.000000		14346.000000		268435456
12625.000000		1897.000000		1799.000000		268435456
27501.000000		6572.000000		11531.000000		268435456
18251.000000		12133.000000		30390.000000		268435456
30041.000000		16735.000000		29807.000000		268435456
2311.000000		10331.000000		16317.000000		268435456
13165.000000		7431.000000		31655.000000		268435456
4400.000000		29004.000000		4099.000000		268435456
21288.000000		22155.000000		9700.000000		268435456
11137.000000		32542.000000		22682.000000		268435456
2591.000000		19153.000000		7014.000000		268435456
31321.000000		4446.000000		32485.000000		268435456
29692.000000		7012.000000		4632.000000		268435456
9315.000000		4798.000000		32431.000000		268435456
25028.000000		8183.000000		23154.000000		268435456
2423.000000		26618.000000		13550.000000		268435456
21259.000000		28280.000000		27861.000000		268435456
10753.000000		2856.000000		6497.000000		268435456
9883.000000		12398.000000		13022.000000		268435456
28293.000000		19104.000000		16718.000000		268435456
21431.000000		13011.000000		9575.000000		268435456
25890.000000		18938.000000		12296.000000		268435456
32267.000000		6575.000000		25389.000000		268435456
26915.000000		18653.000000		18956.000000		268435456
17881.000000		29465.000000		27983.000000		268435456
3321.000000		1677.000000		17867.000000		268435456
8977.000000		7538.000000		3621.000000		268435456
6453.000000		10873.000000		16772.000000		268435456
13644.000000		8936.000000		25640.000000		268435456
4960.000000		14656.000000		18362.000000		268435456
3051.000000		24750.000000		28118.000000		268435456
5564.000000		6879.000000		5155.000000		268435456
20669.000000		6764.000000		5337.000000		268435456
23894.000000		25094.000000		26924.000000		268435456
17668.000000		2767.000000		26084.000000		268435456
26099.000000		11724.000000		19041.000000		268435456
29617.000000		10307.000000		12283.000000		268435456
17339.000000		30258.000000		2651.000000		268435456
11554.000000		16697.000000		284.000000		268435456
14509.000000		10555.000000		23296.000000		268435456
8151.000000		21906.000000		12172.000000		268435456
22601.000000		385.000000		1341.000000		268435456
32463.000000		15101.000000		9782.000000		268435456
30189.000000		16527.000000		10627.000000		268435456
29071.000000		14439.000000		20437.000000		268435456
10965.000000		18024.000000		31908.000000		268435456
21252.000000		26842.000000		4071.000000		268435456
1735.000000		11522.000000		27888.000000		268435456
23482.000000		28754.000000		2456.000000		268435456
2759.000000		27039.000000		2456.000000		268435456
2332.000000		28022.000000		21546.000000		268435456
28534.000000		20301.000000		31432.000000		268435456
14019.000000		10558.000000		31102.000000		268435456
215.000000		29934.000000		25332.000000		268435456
16375.000000		25053.000000		1743.000000		268435456
6077.000000		18072.000000		12870.000000		268435456
28397.000000		16532.000000		24767.000000		268435456
32010.000000		15670.000000		23359.000000		268435456
19564.000000		8761.000000		17219.000000		268435456
23937.000000		10403.000000		984.000000		268435456
24030.000000		26770.000000		11026.000000		268435456
29931.000000		30657.000000		20684.000000		268435456
22772.000000		7891.000000		10657.000000		268435456
19879.000000		18229.000000		20698.000000		268435456
7019.000000		26087.000000		9687.000000		268435456
28173.000000		2766.000000		27668.000000		268435456
6804.000000		27978.000000		6905.000000		268435456
7979.000000		11973.000000		8089.000000		268435456
20902.000000		17299.000000		21634.000000		268435456
12479.000000		25943.000000		18514.000000		268435456
18187.000000		5649.000000		16607.000000		268435456
19585.000000		19046.000000		24455.000000		268435456
24613.000000		6397.000000		3658.000000		268435456
7953.000000		27173.000000		25184.000000		268435456
14396.000000		23086.000000		11319.000000		268435456
26416.000000		22776.000000		14778.000000		268435456
