3 1806
21521.000000		13418.000000		29868.000000		268435456
26420.000000		12328.000000		1110.000000		268435456
2205.000000		3975.000000		15606.000000		268435456
13776.000000		12483.000000		5274.000000		268435456
7024.000000		7818.000000		602.000000		268435456
13256.000000		23635.000000		29151.000000		268435456
29342.000000		8040.000000		29286.000000		268435456
31242.000000		31539.000000		8612.000000		268435456
6655.000000		29079.000000		24005.000000		268435456
24969.000000		22984.000000		4376.000000		268435456
19180.000000		32346.000000		195.000000		268435456
9497.000000		28754.000000		29994.000000		268435456
17804.000000		16470.000000		12823.000000		268435456
1193.000000		27359.000000		24107.000000		268435456
4980.000000		831.000000		3417.000000		268435456
2379.000000		4767.000000		23383.000000		268435456
32387.000000		23221.000000		31727.000000		268435456
8702.000000		20748.000000		25828.000000		268435456
30785.000000		31660.000000		31318.000000		268435456
24390.000000		23194.000000		17249.000000		268435456
11573.000000		9712.000000		28942.000000		268435456
10228.000000		20979.000000		24976.000000		268435456
23776.000000		13224.000000		16279.000000		268435456
27555.000000		13802.000000		29185.000000		268435456
6758.000000		17128.000000		32063.000000		268435456
10198.000000		31659.000000		9236.000000		268435456
8976.000000		20902.000000		18100.000000		268435456
6855.000000		9164.000000		23600.000000		268435456
20253.000000		7871.000000		139.000000		268435456
19261.000000		13393.000000		4428.000000		268435456
5805.000000		17089.000000		5709.000000		268435456
12035.000000		6846.000000		9762.000000		268435456
1959.000000		18871.000000		15005.000000		268435456
16856.000000		24783.000000		24229.000000		268435456
10974.000000		13110.000000		22678.000000		268435456
23791.000000		9068.000000		647.000000		268435456
1516.000000		12364.000000		3955.000000		268435456
9053.000000		12014.000000		25597.000000		268435456
29821.000000		20262.000000		2336.000000		268435456
29187.000000		21723.000000		28160.000000		268435456
20214.000000		4751.000000		4422.000000		268435456
463.000000		20122.000000		8122.000000		268435456
3526.000000		18316.000000		21993.000000		268435456
24950.000000		7635.000000		736.000000		268435456
8126.000000		21956.000000		31674.000000		268435456
10225.000000		9844.000000		18728.000000		268435456
20291.000000		22396.000000		32678.000000		268435456
21338.000000		1937.000000		24868.000000		268435456
9529.000000		3135.000000		3145.000000		268435456
16393.000000		20381.000000		3351.000000		268435456
2551.000000		17821.000000		17743.000000		268435456
4600.000000		23981.000000		26291.000000		268435456
17315.000000		20347.000000		25581.000000		268435456
24281.000000		25792.000000		20661.000000		268435456
11976.000000		7656.000000		9964.000000		268435456
29033.000000		26440.000000		13273.000000		268435456
30986.000000		18555.000000		24076.000000		268435456
11994.000000		28768.000000		5800.000000		268435456
3890.000000		8097.000000		2974.000000		268435456
3445.000000		7546.000000		14337.000000		268435456
10012.000000		613.000000		2215.000000		268435456
14267.000000		1636.000000		25199.000000		268435456
9001.000000		7062.000000		5872.000000		268435456
31151.000000		2810.000000		17074.000000		268435456
20533.000000		25436.000000		10694.000000		268435456
32281.000000		21728.000000		13818.000000		268435456
78.000000		16023.000000		14687.000000		268435456
16337.000000		16654.000000		21708.000000		268435456
5027.000000		26525.000000		32285.000000		268435456
30591.000000		14372.000000		1415.000000		268435456
28246.000000		1077.000000		18470.000000		268435456
18516.000000		3509.000000		11778.000000		268435456
30011.000000		31453.000000		7427.000000		268435456
3744.000000		7690.000000		15807.000000		268435456
17590.000000		19902.000000		10318.000000		268435456
2387.000000		24339.000000		21146.000000		268435456
15394.000000		3041.000000		11669.000000		268435456
13266.000000		17531.000000		14352.000000		268435456
32146.000000		22904.000000		22774.000000		268435456
6049.000000		28.000000		1380.000000		268435456
29908.000000		13917.000000		22822.000000		268435456
13774.000000		8002.000000		14668.000000		268435456
10727.000000		5660.000000		26846.000000		268435456
30248.000000		6788.000000		29176.000000		268435456
25208.000000		7953.000000		9961.000000		268435456
24230.000000		28949.000000		22146.000000		268435456
13047.000000		3732.000000		9018.000000		268435456
16260.000000		10725.000000		819.000000		268435456
27495.000000		24098.000000		11488.000000		268435456
4358.000000		25569.000000		23580.000000		268435456
5365.000000		27129.000000		32692.000000		268435456
1504.000000		19505.000000		8691.000000		268435456
19705.000000		5045.000000		16903.000000		268435456
25006.000000		11349.000000		4922.000000		268435456
32497.000000		15303.000000		8642.000000		268435456
1295.000000		7002.000000		22545.000000		268435456
8850.000000		722.000000		7612.000000		268435456
26927.000000		1201.000000		333.000000		268435456
1030.000000		8290.000000		29482.000000		268435456
749.000000		31808.000000		5023.000000		268435456
3052.000000		20086.000000		4209.000000		268435456
18917.000000		2767.000000		32246.000000		268435456
18881.000000		25037.000000		9682.000000		268435456
31224.000000		3803.000000		1635.000000		268435456
32422.000000		13561.000000		16789.000000		268435456
9780.000000		19825.000000		15136.000000		268435456
24531.000000		8360.000000		10444.000000		268435456
27177.000000		11176.000000		23954.000000		268435456
3853.000000		26019.000000		7871.000000		268435456
774.000000		5324.000000		7003.000000		268435456
11514.000000		15723.000000		23712.000000		268435456
27672.000000		6744.000000		19920.000000		268435456
15402.000000		19592.000000		26652.000000		268435456
21124.000000		12885.000000		29307.000000		268435456
7468.000000		32224.000000		4827.000000		268435456
25167.000000		28087.000000		12136.000000		268435456
2828.000000		28843.000000		1562.000000		268435456
8979.000000		25547.000000		3185.000000		268435456
32005.000000		10982.000000		9433.000000		268435456
25837.000000		12505.000000		9927.000000		268435456
32086.000000		16467.000000		5205.000000		268435456
11921.000000		5508.000000		5736.000000		268435456
11890.000000		8804.000000		11727.000000		268435456
17279.000000		20875.000000		5439.000000		268435456
12042.000000		26535.000000		19905.000000		268435456
17872.000000		4092.000000		17955.000000		268435456
8862.000000		6538.000000		13339.000000		268435456
14618.000000		29689.000000		19961.000000		268435456
10135.000000		3472.000000		17945.000000		268435456
21586.000000		23706.000000		23445.000000		268435456
17693.000000		2895.000000		19919.000000		268435456
11964.000000		7066.000000		19257.000000		268435456
10785.000000		4815.000000		7303.000000		268435456
30790.000000		28101.000000		22721.000000		268435456
17494.000000		3878.000000		3194.000000		268435456
10212.000000		21860.000000		24537.000000		268435456
4367.000000		12124.000000		5011.000000		268435456
27331.000000		22054.000000		3028.000000		268435456
25397.000000		5122.000000		15417.000000		268435456
13680.000000		20269.000000		8447.000000		268435456
218.000000		2562.000000		14928.000000		268435456
13379.000000		6975.000000		18304.000000		268435456
16402.000000		15245.000000		16893.000000		268435456
2742.000000		2142.000000		1057.000000		268435456
32276.000000		9784.000000		4805.000000		268435456
26978.000000		28460.000000		26011.000000		268435456
15579.000000		20899.000000		9502.000000		268435456
4324.000000		2014.000000		27963.000000		268435456
12982.000000		17473.000000		24985.000000		268435456
27607.000000		23992.000000		28663.000000		268435456
29832.000000		7189.000000		4128.000000		268435456
5276.000000		17213.000000		10574.000000		268435456
28334.000000		3974.000000		4866.000000		268435456
27570.000000		14498.000000		2947.000000		268435456
27072.000000		32411.000000		21701.000000		268435456
27082.000000		8992.000000		4379.000000		268435456
12200.000000		14130.000000		24815.000000		268435456
9431.000000		20272.000000		418.000000		268435456
23239.000000		12057.000000		16210.000000		268435456
8649.000000		20716.000000		20512.000000		268435456
15388.000000		19727.000000		9844.000000		268435456
5307.000000		15605.000000		971.000000		268435456
26283.000000		30230.000000		17701.000000		268435456
12214.000000		14773.000000		3027.000000		268435456
7576.000000		1696.000000		3189.000000		268435456
9308.000000		23518.000000		1377.000000		268435456
28590.000000		14200.000000		23159.000000		268435456
5907.000000		29288.000000		26397.000000		268435456
1614.000000		15486.000000		31638.000000		268435456
646.000000		9603.000000		18388.000000		268435456
26357.000000		16260.000000		31597.000000		268435456
159.000000		26935.000000		7705.000000		268435456
28128.000000		17399.000000		32609.000000		268435456
10819.000000		4011.000000		29944.000000		268435456
28018.000000		4118.000000		13413.000000		268435456
20851.000000		4165.000000		13837.000000		268435456
29034.000000		32484.000000		1720.000000		268435456
20898.000000		12320.000000		25508.000000		268435456
30222.000000		10780.000000		13695.000000		268435456
8288.000000		28050.000000		32169.000000		268435456
17104.000000		15818.000000		11645.000000		268435456
15532.000000		13236.000000		25230.000000		268435456
21786.000000		3928.000000		15721.000000		268435456
9608.000000		15400.000000		22910.000000		268435456
13129.000000		20532.000000		31616.000000		268435456
12451.000000		29843.000000		9574.000000		268435456
26872.000000		30806.000000		26478.000000		268435456
59.000000		2694.000000		6337.000000		268435456
9515.000000		24399.000000		17577.000000		268435456
893.000000		15307.000000		12336.000000		268435456
18436.000000		31403.000000		10433.000000		268435456
28435.000000		588.000000		20032.000000		268435456
28921.000000		28358.000000		5733.000000		268435456
928.000000		31256.000000		23782.000000		268435456
8136.000000		7023.000000		2310.000000		268435456
22098.000000		17704.000000		27043.000000		268435456
2474.000000		8159.000000		24149.000000		268435456
13278.000000		1012.000000		22350.000000		268435456
12640.000000		2556.000000		25121.000000		268435456
12411.000000		2816.000000		3303.000000		268435456
27706.000000		4822.000000		13876.000000		268435456
6067.000000		7390.000000		11031.000000		268435456
5930.000000		32487.000000		13122.000000		268435456
17710.000000		28000.000000		23064.000000		268435456
9846.000000		633.000000		265.000000		268435456
3005.000000		24042.000000		16442.000000		268435456
16306.000000		31550.000000		21296.000000		268435456
16968.000000		3109.000000		13646.000000		268435456
259.000000		30213.000000		17806.000000		268435456
26235.000000		17289.000000		24975.000000		268435456
18908.000000		25603.000000		3541.000000		268435456
4923.000000		30570.000000		14058.000000		268435456
6320.000000		9535.000000		29151.000000		268435456
23881.000000		28313.000000		10670.000000		268435456
11859.000000		13801.000000		30986.000000		268435456
4778.000000		2739.000000		18960.000000		268435456
29437.000000		27349.000000		29798.000000		268435456
27035.000000		25775.000000		29192.000000		268435456
25136.000000		19789.000000		3236.000000		268435456
29256.000000		9559.000000		13159.000000		268435456
23019.000000		24821.000000		22021.000000		268435456
10873.000000		23459.000000		8261.000000		268435456
24302.000000		32375.000000		18878.000000		268435456
29937.000000		27698.000000		31759.000000		268435456
2821.000000		1070.000000		16773.000000		268435456
32314.000000		23644.000000		28127.000000		268435456
15245.000000		31250.000000		32072.000000		268435456
22281.000000		139.000000		31971.000000		268435456
1454.000000		30855.000000		9278.000000		268435456
20612.000000		18654.000000		1535.000000		268435456
17157.000000		14824.000000		27087.000000		268435456
276.000000		22595.000000		1520.000000		268435456
1196.000000		19677.000000		21511.000000		268435456
22659.000000		4496.000000		5526.000000		268435456
13293.000000		29153.000000		25743.000000		268435456
24726.000000		9023.000000		24116.000000		268435456
28405.000000		22657.000000		26208.000000		268435456
17257.000000		9682.000000		10687.000000		268435456
5483.000000		16701.000000		12726.000000		268435456
813.000000		27159.000000		6043.000000		268435456
19385.000000		3858.000000		9438.000000		268435456
1829.000000		27582.000000		30804.000000		268435456
19806.000000		8209.000000		11257.000000		268435456
20460.000000		20991.000000		29494.000000		268435456
1455.000000		26263.000000		19158.000000		268435456
22886.000000		19261.000000		28366.000000		268435456
25545.000000		17663.000000		860.000000		268435456
31481.000000		12788.000000		20925.000000		268435456
2467.000000		11232.000000		30796.000000		268435456
1746.000000		6222.000000		9058.000000		268435456
8066.000000		32569.000000		7997.000000		268435456
3945.000000		25899.000000		27719.000000		268435456
3136.000000		24861.000000		1565.000000		268435456
9859.000000		26769.000000		1112.000000		268435456
26652.000000		16567.000000		28578.000000		268435456
11098.000000		1718.000000		20807.000000		268435456
793.000000		703.000000		10091.000000		268435456
26050.000000		8217.000000		25006.000000		268435456
6417.000000		21687.000000		14788.000000		268435456
19026.000000		631.000000		25034.000000		268435456
7422.000000		20110.000000		1097.000000		268435456
26630.000000		16755.000000		11500.000000		268435456
12851.000000		32373.000000		11227.000000		268435456
14807.000000		10057.000000		19182.000000		268435456
17789.000000		26891.000000		14759.000000		268435456
30511.000000		19697.000000		2889.000000		268435456
4436.000000		31788.000000		17451.000000		268435456
5199.000000		9837.000000		14246.000000		268435456
32693.000000		32007.000000		27263.000000		268435456
32766.000000		15164.000000		5631.000000		268435456
8500.000000		10828.000000		22350.000000		268435456
24089.000000		11314.000000		13996.000000		268435456
9314.000000		12676.000000		20032.000000		268435456
5848.000000		24345.000000		25834.000000		268435456
10666.000000		17148.000000		16835.000000		268435456
8427.000000		32231.000000		4293.000000		268435456
20261.000000		4555.000000		26746.000000		268435456
187.000000		14970.000000		16231.000000		268435456
11542.000000		30162.000000		4279.000000		268435456
8558.000000		18693.000000		2875.000000		268435456
1811.000000		17357.000000		21963.000000		268435456
31872.000000		4807.000000		3947.000000		268435456
32518.000000		21456.000000		11794.000000		268435456
2839.000000		3992.000000		21144.000000		268435456
28289.000000		10431.000000		23048.000000		268435456
18515.000000		20589.000000		29410.000000		268435456
38.000000		19362.000000		23493.000000		268435456
11847.000000		24046.000000		2463.000000		268435456
1550.000000		17392.000000		7087.000000		268435456
8046.000000		30119.000000		1866.000000		268435456
11117.000000		12822.000000		2642.000000		268435456
11430.000000		13699.000000		14479.000000		268435456
20208.000000		1004.000000		14476.000000		268435456
11293.000000		14476.000000		19342.000000		268435456
24708.000000		4828.000000		22171.000000		268435456
12220.000000		22827.000000		6299.000000		268435456
22658.000000		18903.000000		8106.000000		268435456
10733.000000		3161.000000		13351.000000		268435456
6009.000000		17790.000000		15087.000000		268435456
1488.000000		26240.000000		30628.000000		268435456
1294.000000		19202.000000		23677.000000		268435456
13366.000000		9728.000000		19825.000000		268435456
27045.000000		673.000000		16209.000000		268435456
16645.000000		26766.000000		12344.000000		268435456
4567.000000		10450.000000		16204.000000		268435456
31948.000000		18416.000000		2122.000000		268435456
7131.000000		30077.000000		13579.000000		268435456
13489.000000		20413.000000		29135.000000		268435456
11882.000000		23250.000000		3811.000000		268435456
26369.000000		24870.000000		3313.000000		268435456
5585.000000		1434.000000		18803.000000		268435456
27904.000000		31486.000000		21828.000000		268435456
12069.000000		18198.000000		12153.000000		268435456
17117.000000		19315.000000		12316.000000		268435456
29394.000000		21708.000000		31739.000000		268435456
31946.000000		15928.000000		31121.000000		268435456
9991.000000		9426.000000		27359.000000		268435456
9376.000000		13583.000000		26202.000000		268435456
6053.000000		11632.000000		17279.000000		268435456
15792.000000		4596.000000		9423.000000		268435456
29881.000000		1337.000000		17898.000000		268435456
5240.000000		350.000000		20907.000000		268435456
31159.000000		23783.000000		28362.000000		268435456
24188.000000		22599.000000		9580.000000		268435456
3805.000000		7835.000000		3874.000000		268435456
4735.000000		11521.000000		17757.000000		268435456
912.000000		13907.000000		3176.000000		268435456
23482.000000		25344.000000		28590.000000		268435456
7062.000000		13753.000000		4778.000000		268435456
10999.000000		288.000000		23593.000000		268435456
17012.000000		14737.000000		26035.000000		268435456
16018.000000		10002.000000		13159.000000		268435456
8023.000000		16747.000000		8050.000000		268435456
5832.000000		8693.000000		31885.000000		268435456
18775.000000		6774.000000		22807.000000		268435456
15848.000000		18756.000000		26105.000000		268435456
20208.000000		9333.000000		18843.000000		268435456
9273.000000		17564.000000		26475.000000		268435456
29958.000000		9292.000000		8105.000000		268435456
7606.000000		28694.000000		31885.000000		268435456
20693.000000		6565.000000		5674.000000		268435456
25582.000000		6169.000000		11491.000000		268435456
32147.000000		13711.000000		18919.000000		268435456
26792.000000		1781.000000		21135.000000		268435456
31153.000000		11824.000000		31728.000000		268435456
22050.000000		11690.000000		9069.000000		268435456
256.000000		20451.000000		32720.000000		268435456
24569.000000		24226.000000		30828.000000		268435456
20522.000000		26190.000000		26041.000000		268435456
5156.000000		27726.000000		15673.000000		268435456
29487.000000		30809.000000		20519.000000		268435456
15756.000000		22239.000000		26255.000000		268435456
25589.000000		26644.000000		8627.000000		268435456
12823.000000		23445.000000		22474.000000		268435456
7945.000000		25571.000000		6915.000000		268435456
9293.000000		32092.000000		20632.000000		268435456
17437.000000		18576.000000		27168.000000		268435456
21733.000000		20906.000000		25040.000000		268435456
9453.000000		11284.000000		25498.000000		268435456
23242.000000		19936.000000		5342.000000		268435456
8335.000000		22314.000000		29503.000000		268435456
14468.000000		20637.000000		29510.000000		268435456
8795.000000		2075.000000		5454.000000		268435456
11276.000000		32699.000000		1063.000000		268435456
25322.000000		825.000000		10870.000000		268435456
8812.000000		7925.000000		13261.000000		268435456
28385.000000		17921.000000		2040.000000		268435456
2747.000000		3178.000000		32166.000000		268435456
19077.000000		14308.000000		4804.000000		268435456
31831.000000		26485.000000		11078.000000		268435456
6725.000000		34.000000		20340.000000		268435456
21105.000000		23436.000000		6965.000000		268435456
22464.000000		19003.000000		27238.000000		268435456
4923.000000		27693.000000		22709.000000		268435456
6131.000000		19177.000000		8813.000000		268435456
17246.000000		16388.000000		27091.000000		268435456
4750.000000		21910.000000		1480.000000		268435456
13957.000000		6340.000000		11093.000000		268435456
17320.000000		22223.000000		25705.000000		268435456
5148.000000		12911.000000		27232.000000		268435456
30786.000000		8748.000000		2990.000000		268435456
13206.000000		4.000000		14839.000000		268435456
11103.000000		17045.000000		7958.000000		268435456
13780.000000		29896.000000		22167.000000		268435456
7321.000000		29174.000000		32418.000000		268435456
27011.000000		4262.000000		21663.000000		268435456
19067.000000		6592.000000		30422.000000		268435456
9873.000000		2905.000000		26187.000000		268435456
18952.000000		20422.000000		16288.000000		268435456
28935.000000		3422.000000		19552.000000		268435456
8757.000000		15189.000000		26249.000000		268435456
28131.000000		14052.000000		4325.000000		268435456
11591.000000		15522.000000		30207.000000		268435456
5324.000000		5161.000000		3447.000000		268435456
23368.000000		9430.000000		20122.000000		268435456
8119.000000		23569.000000		1821.000000		268435456
22557.000000		22373.000000		2210.000000		268435456
5594.000000		16598.000000		26534.000000		268435456
23771.000000		23932.000000		9036.000000		268435456
373.000000		1051.000000		24823.000000		268435456
10093.000000		23192.000000		5216.000000		268435456
30815.000000		14035.000000		8403.000000		268435456
1199.000000		32181.000000		17989.000000		268435456
11611.000000		25270.000000		15361.000000		268435456
22657.000000		3213.000000		2992.000000		268435456
21664.000000		7736.000000		11744.000000		268435456
27785.000000		3808.000000		22363.000000		268435456
20505.000000		3394.000000		17866.000000		268435456
22933.000000		32190.000000		27544.000000		268435456
26687.000000		24601.000000		11724.000000		268435456
26848.000000		16199.000000		2205.000000		268435456
23724.000000		20278.000000		28325.000000		268435456
8614.000000		12644.000000		12758.000000		268435456
25519.000000		11783.000000		779.000000		268435456
11466.000000		9820.000000		16804.000000		268435456
21119.000000		18374.000000		16543.000000		268435456
7036.000000		3162.000000		80.000000		268435456
12275.000000		8423.000000		10017.000000		268435456
16163.000000		5431.000000		7707.000000		268435456
29119.000000		15574.000000		5821.000000		268435456
28661.000000		9778.000000		6585.000000		268435456
10398.000000		31479.000000		5253.000000		268435456
11520.000000		12112.000000		5005.000000		268435456
31230.000000		20259.000000		12410.000000		268435456
15252.000000		22680.000000		9092.000000		268435456
1542.000000		22812.000000		25267.000000		268435456
9555.000000		18296.000000		19053.000000		268435456
20235.000000		31662.000000		23935.000000		268435456
31561.000000		10471.000000		22797.000000		268435456
29642.000000		24433.000000		28819.000000		268435456
27102.000000		15645.000000		30315.000000		268435456
8207.000000		5740.000000		15780.000000		268435456
15489.000000		26633.000000		7173.000000		268435456
3975.000000		11533.000000		14601.000000		268435456
16732.000000		21950.000000		14836.000000		268435456
27884.000000		10796.000000		20775.000000		268435456
23665.000000		9363.000000		3614.000000		268435456
19414.000000		8980.000000		11740.000000		268435456
22253.000000		20140.000000		24842.000000		268435456
1489.000000		27080.000000		21803.000000		268435456
25246.000000		19232.000000		8184.000000		268435456
29576.000000		19200.000000		13516.000000		268435456
12994.000000		8962.000000		32581.000000		268435456
24865.000000		7823.000000		10355.000000		268435456
17072.000000		4333.000000		16714.000000		268435456
18725.000000		26672.000000		8941.000000		268435456
14346.000000		16870.000000		15657.000000		268435456
25478.000000		16369.000000		13407.000000		268435456
4471.000000		1205.000000		7764.000000		268435456
32417.000000		177.000000		21065.000000		268435456
21531.000000		12545.000000		24746.000000		268435456
30288.000000		8299.000000		5670.000000		268435456
31038.000000		25039.000000		5763.000000		268435456
352.000000		26955.000000		11702.000000		268435456
19172.000000		22331.000000		23805.000000		268435456
2066.000000		23477.000000		1109.000000		268435456
31055.000000		389.000000		22629.000000		268435456
22124.000000		8398.000000		20211.000000		268435456
19602.000000		27579.000000		30112.000000		268435456
21375.000000		29226.000000		11399.000000		268435456
15558.000000		1718.000000		20176.000000		268435456
757.000000		1694.000000		2825.000000		268435456
16513.000000		17694.000000		16556.000000		268435456
2177.000000		15735.000000		1381.000000		268435456
5273.000000		8110.000000		19277.000000		268435456
15625.000000		14460.000000		2273.000000		268435456
29029.000000		1270.000000		5209.000000		268435456
13211.000000		10887.000000		20705.000000		268435456
24807.000000		31300.000000		6602.000000		268435456
24723.000000		9111.000000		15904.000000		268435456
1720.000000		23429.000000		11217.000000		268435456
32640.000000		25773.000000		19118.000000		268435456
30081.000000		17973.000000		27008.000000		268435456
25753.000000		5330.000000		28234.000000		268435456
30565.000000		24506.000000		3897.000000		268435456
11507.000000		24082.000000		16130.000000		268435456
17846.000000		25024.000000		14113.000000		268435456
19633.000000		21591.000000		2070.000000		268435456
25014.000000		14188.000000		2813.000000		268435456
23776.000000		24929.000000		1423.000000		268435456
25442.000000		3202.000000		9286.000000		268435456
21188.000000		6235.000000		32014.000000		268435456
29819.000000		3029.000000		16987.000000		268435456
2235.000000		6321.000000		7358.000000		268435456
7481.000000		15507.000000		26647.000000		268435456
17671.000000		23347.000000		28523.000000		268435456
21883.000000		1616.000000		10546.000000		268435456
17688.000000		13746.000000		24878.000000		268435456
18512.000000		29152.000000		17723.000000		268435456
21557.000000		24727.000000		21039.000000		268435456
12575.000000		20822.000000		28939.000000		268435456
10891.000000		10011.000000		7532.000000		268435456
235.000000		9162.000000		12545.000000		268435456
19985.000000		30261.000000		22403.000000		268435456
24412.000000		22966.000000		13672.000000		268435456
194.000000		1875.000000		28147.000000		268435456
28301.000000		9472.000000		6096.000000		268435456
27.000000		15224.000000		18770.000000		268435456
18913.000000		19476.000000		29516.000000		268435456
2016.000000		12382.000000		13669.000000		268435456
22333.000000		6553.000000		27340.000000		268435456
16017.000000		31898.000000		10277.000000		268435456
32641.000000		2724.000000		6154.000000		268435456
31771.000000		8457.000000		7435.000000		268435456
3606.000000		23413.000000		25289.000000		268435456
19368.000000		27879.000000		11329.000000		268435456
8418.000000		5926.000000		13137.000000		268435456
12185.000000		8024.000000		23946.000000		268435456
2321.000000		26836.000000		9332.000000		268435456
6923.000000		19539.000000		1278.000000		268435456
4710.000000		11556.000000		6264.000000		268435456
22150.000000		17455.000000		19431.000000		268435456
10773.000000		14647.000000		12734.000000		268435456
11668.000000		17471.000000		29289.000000		268435456
8025.000000		2154.000000		31494.000000		268435456
24953.000000		23615.000000		26301.000000		268435456
1855.000000		5238.000000		21644.000000		268435456
329.000000		1927.000000		5405.000000		268435456
31324.000000		5062.000000		21124.000000		268435456
520.000000		18995.000000		24509.000000		268435456
15982.000000		18466.000000		28317.000000		268435456
20889.000000		462.000000		4190.000000		268435456
18193.000000		31745.000000		4486.000000		268435456
13737.000000		22043.000000		23909.000000		268435456
8210.000000		22301.000000		23227.000000		268435456
9175.000000		8717.000000		23159.000000		268435456
6408.000000		25373.000000		31735.000000		268435456
29387.000000		5656.000000		28932.000000		268435456
15669.000000		32630.000000		19236.000000		268435456
23543.000000		3161.000000		22357.000000		268435456
5096.000000		12239.000000		10404.000000		268435456
21556.000000		23625.000000		31981.000000		268435456
9417.000000		12937.000000		20794.000000		268435456
21894.000000		16116.000000		6499.000000		268435456
6368.000000		13631.000000		31243.000000		268435456
24221.000000		22004.000000		1786.000000		268435456
23604.000000		23383.000000		31338.000000		268435456
15599.000000		30359.000000		25766.000000		268435456
11600.000000		12030.000000		6757.000000		268435456
15499.000000		18424.000000		13123.000000		268435456
24345.000000		3874.000000		11865.000000		268435456
9452.000000		24062.000000		20508.000000		268435456
1715.000000		19783.000000		18161.000000		268435456
3183.000000		5234.000000		25375.000000		268435456
12904.000000		1100.000000		14933.000000		268435456
5193.000000		21683.000000		8530.000000		268435456
26575.000000		19834.000000		30338.000000		268435456
7425.000000		30126.000000		13404.000000		268435456
22184.000000		27505.000000		13818.000000		268435456
2016.000000		22814.000000		15940.000000		268435456
15136.000000		23253.000000		10059.000000		268435456
13273.000000		6735.000000		23738.000000		268435456
9602.000000		1730.000000		11555.000000		268435456
9424.000000		25037.000000		20857.000000		268435456
5761.000000		13172.000000		24553.000000		268435456
14926.000000		3778.000000		7596.000000		268435456
26257.000000		7076.000000		15123.000000		268435456
5888.000000		12800.000000		31837.000000		268435456
5147.000000		19851.000000		12209.000000		268435456
27795.000000		8159.000000		19537.000000		268435456
10089.000000		6793.000000		739.000000		268435456
22483.000000		30071.000000		13281.000000		268435456
11410.000000		30945.000000		14906.000000		268435456
26383.000000		8928.000000		10672.000000		268435456
8933.000000		6413.000000		12590.000000		268435456
22828.000000		12159.000000		9040.000000		268435456
32366.000000		14479.000000		6702.000000		268435456
11772.000000		20103.000000		1843.000000		268435456
17332.000000		31316.000000		29435.000000		268435456
20644.000000		18746.000000		12660.000000		268435456
11975.000000		20730.000000		10061.000000		268435456
2882.000000		4491.000000		29542.000000		268435456
3622.000000		24994.000000		3562.000000		268435456
7946.000000		19246.000000		1001.000000		268435456
20276.000000		17934.000000		27585.000000		268435456
24213.000000		4674.000000		27376.000000		268435456
32050.000000		19259.000000		1442.000000		268435456
4123.000000		3600.000000		7360.000000		268435456
29941.000000		17852.000000		21672.000000		268435456
15308.000000		17300.000000		18897.000000		268435456
7883.000000		26492.000000		31354.000000		268435456
28290.000000		28370.000000		28247.000000		268435456
27998.000000		15029.000000		27102.000000		268435456
29572.000000		15135.000000		30941.000000		268435456
31589.000000		5178.000000		11621.000000		268435456
10258.000000		20970.000000		375.000000		268435456
15238.000000		871.000000		6411.000000		268435456
25077.000000		13478.000000		4984.000000		268435456
5313.000000		4186.000000		21795.000000		268435456
32322.000000		484.000000		2478.000000		268435456
19248.000000		2360.000000		24557.000000		268435456
8211.000000		28351.000000		403.000000		268435456
2048.000000		17840.000000		12453.000000		268435456
32489.000000		13610.000000		1007.000000		268435456
1272.000000		13313.000000		25063.000000		268435456
29416.000000		19644.000000		16870.000000		268435456
7911.000000		17693.000000		703.000000		268435456
16698.000000		18193.000000		15207.000000		268435456
12226.000000		30157.000000		13513.000000		268435456
5424.000000		27097.000000		24686.000000		268435456
23662.000000		20707.000000		25365.000000		268435456
8961.000000		28711.000000		20641.000000		268435456
19295.000000		27346.000000		28896.000000		268435456
14134.000000		2471.000000		21801.000000		268435456
20623.000000		4427.000000		4159.000000		268435456
543.000000		2492.000000		7900.000000		268435456
20609.000000		18863.000000		20544.000000		268435456
20717.000000		4536.000000		18192.000000		268435456
16205.000000		20345.000000		12094.000000		268435456
11842.000000		10414.000000		7084.000000		268435456
481.000000		8168.000000		26960.000000		268435456
8786.000000		30859.000000		28501.000000		268435456
26370.000000		21134.000000		9251.000000		268435456
3817.000000		7033.000000		3279.000000		268435456
15022.000000		5790.000000		20631.000000		268435456
32256.000000		21946.000000		6366.000000		268435456
29165.000000		15103.000000		28668.000000		268435456
14744.000000		6014.000000		12369.000000		268435456
26168.000000		15250.000000		11717.000000		268435456
14868.000000		32609.000000		30721.000000		268435456
24314.000000		30772.000000		16386.000000		268435456
29783.000000		8594.000000		13026.000000		268435456
3292.000000		2652.000000		4101.000000		268435456
25410.000000		24784.000000		22144.000000		268435456
28115.000000		13412.000000		6656.000000		268435456
24687.000000		32201.000000		4214.000000		268435456
8754.000000		12775.000000		3456.000000		268435456
3640.000000		30325.000000		20422.000000		268435456
23080.000000		21168.000000		20998.000000		268435456
18792.000000		12931.000000		15134.000000		268435456
116.000000		21039.000000		31284.000000		268435456
25394.000000		6915.000000		6499.000000		268435456
29242.000000		23421.000000		13646.000000		268435456
21565.000000		27320.000000		9254.000000		268435456
15665.000000		11838.000000		16887.000000		268435456
16350.000000		4582.000000		5061.000000		268435456
21677.000000		29461.000000		5742.000000		268435456
2785.000000		17280.000000		878.000000		268435456
17203.000000		3684.000000		12742.000000		268435456
2929.000000		31467.000000		7993.000000		268435456
24975.000000		13953.000000		9919.000000		268435456
32759.000000		20709.000000		30989.000000		268435456
23981.000000		20149.000000		15442.000000		268435456
6410.000000		6955.000000		28961.000000		268435456
10915.000000		6816.000000		18701.000000		268435456
1740.000000		26092.000000		25891.000000		268435456
8360.000000		21960.000000		1484.000000		268435456
13382.000000		10040.000000		25973.000000		268435456
28402.000000		10635.000000		18815.000000		268435456
15256.000000		27616.000000		4606.000000		268435456
23215.000000		28589.000000		17135.000000		268435456
13347.000000		31370.000000		2175.000000		268435456
28052.000000		14893.000000		9928.000000		268435456
22517.000000		21729.000000		3184.000000		268435456
31673.000000		18735.000000		14159.000000		268435456
12313.000000		26667.000000		21713.000000		268435456
7098.000000		32285.000000		22670.000000		268435456
3999.000000		30125.000000		18031.000000		268435456
7510.000000		1867.000000		24288.000000		268435456
13174.000000		4257.000000		24970.000000		268435456
2559.000000		446.000000		16154.000000		268435456
29037.000000		21165.000000		24558.000000		268435456
6173.000000		14063.000000		3785.000000		268435456
2810.000000		26908.000000		31947.000000		268435456
1264.000000		31385.000000		10305.000000		268435456
2192.000000		11331.000000		12794.000000		268435456
21076.000000		4342.000000		6506.000000		268435456
2226.000000		24544.000000		28275.000000		268435456
15577.000000		32762.000000		5521.000000		268435456
14858.000000		22097.000000		30743.000000		268435456
13281.000000		20068.000000		16810.000000		268435456
23065.000000		18931.000000		24353.000000		268435456
209.000000		2504.000000		12223.000000		268435456
6768.000000		9997.000000		13276.000000		268435456
27504.000000		2269.000000		2438.000000		268435456
19564.000000		1546.000000		8043.000000		268435456
22791.000000		20905.000000		4944.000000		268435456
14307.000000		2307.000000		9932.000000		268435456
28901.000000		25451.000000		10198.000000		268435456
6989.000000		177.000000		19290.000000		268435456
3150.000000		29270.000000		25222.000000		268435456
5195.000000		31850.000000		32375.000000		268435456
28932.000000		30577.000000		12641.000000		268435456
9627.000000		1466.000000		1578.000000		268435456
23782.000000		24891.000000		18573.000000		268435456
19414.000000		5035.000000		3793.000000		268435456
3678.000000		16873.000000		16676.000000		268435456
9360.000000		2791.000000		19007.000000		268435456
2189.000000		7762.000000		23014.000000		268435456
9136.000000		14126.000000		14034.000000		268435456
9086.000000		3301.000000		11230.000000		268435456
16667.000000		24538.000000		2409.000000		268435456
22470.000000		13888.000000		32275.000000		268435456
32003.000000		15463.000000		19278.000000		268435456
29268.000000		4420.000000		2783.000000		268435456
9087.000000		28476.000000		6492.000000		268435456
18535.000000		29360.000000		20099.000000		268435456
26674.000000		7201.000000		9237.000000		268435456
27873.000000		19635.000000		10769.000000		268435456
22828.000000		32043.000000		10345.000000		268435456
8040.000000		21743.000000		5824.000000		268435456
21584.000000		21513.000000		10062.000000		268435456
803.000000		18406.000000		9542.000000		268435456
11484.000000		3817.000000		13954.000000		268435456
28138.000000		14025.000000		25046.000000		268435456
5862.000000		16253.000000		28432.000000		268435456
8771.000000		18711.000000		16579.000000		268435456
19697.000000		26562.000000		20077.000000		268435456
21894.000000		11682.000000		16645.000000		268435456
18406.000000		29589.000000		25922.000000		268435456
20732.000000		11967.000000		18701.000000		268435456
23566.000000		18238.000000		31558.000000		268435456
6103.000000		3031.000000		14250.000000		268435456
11754.000000		27250.000000		29108.000000		268435456
5454.000000		28308.000000		1523.000000		268435456
18420.000000		21640.000000		13882.000000		268435456
15690.000000		7254.000000		30826.000000		268435456
14001.000000		2502.000000		5757.000000		268435456
3939.000000		29890.000000		3292.000000		268435456
670.000000		25372.000000		18561.000000		268435456
24356.000000		29820.000000		24481.000000		268435456
14298.000000		20644.000000		5782.000000		268435456
30145.000000		24429.000000		32337.000000		268435456
31134.000000		31927.000000		23964.000000		268435456
24787.000000		30766.000000		22282.000000		268435456
29665.000000		14473.000000		695.000000		268435456
24241.000000		21093.000000		31437.000000		268435456
26554.000000		23675.000000		16847.000000		268435456
9337.000000		27706.000000		3758.000000		268435456
8026.000000		5545.000000		18545.000000		268435456
750.000000		24363.000000		23235.000000		268435456
23746.000000		18273.000000		2273.000000		268435456
1717.000000		13039.000000		14097.000000		268435456
25197.000000		638.000000		8076.000000		268435456
26002.000000		15652.000000		30192.000000		268435456
6067.000000		28132.000000		6418.000000		268435456
11700.000000		3834.000000		10394.000000		268435456
4754.000000		8846.000000		29090.000000		268435456
3388.000000		19996.000000		1506.000000		268435456
3857.000000		17131.000000		22109.000000		268435456
30584.000000		2178.000000		9283.000000		268435456
8333.000000		18556.000000		6140.000000		268435456
14982.000000		11005.000000		28617.000000		268435456
17280.000000		29686.000000		27119.000000		268435456
4967.000000		20615.000000		6530.000000		268435456
30379.000000		19281.000000		2988.000000		268435456
18341.000000		13519.000000		380.000000		268435456
14501.000000		28300.000000		25063.000000		268435456
4886.000000		15991.000000		7543.000000		268435456
17213.000000		5899.000000		25578.000000		268435456
7521.000000		26099.000000		28110.000000		268435456
12347.000000		7907.000000		9550.000000		268435456
32342.000000		17426.000000		32598.000000		268435456
27477.000000		17511.000000		16051.000000		268435456
26936.000000		24475.000000		5138.000000		268435456
888.000000		21456.000000		30809.000000		268435456
13951.000000		29567.000000		9749.000000		268435456
8639.000000		17386.000000		28576.000000		268435456
205.000000		28556.000000		24300.000000		268435456
13986.000000		29682.000000		3293.000000		268435456
13564.000000		29614.000000		9049.000000		268435456
24130.000000		26677.000000		4355.000000		268435456
7830.000000		2583.000000		18010.000000		268435456
8940.000000		28698.000000		23314.000000		268435456
28951.000000		32495.000000		10142.000000		268435456
12568.000000		23433.000000		21320.000000		268435456
25541.000000		29781.000000		16641.000000		268435456
21142.000000		7932.000000		16011.000000		268435456
30981.000000		18387.000000		17317.000000		268435456
11946.000000		19608.000000		9865.000000		268435456
19318.000000		6818.000000		12476.000000		268435456
27459.000000		28187.000000		4981.000000		268435456
2612.000000		24642.000000		8995.000000		268435456
28560.000000		24206.000000		6770.000000		268435456
31513.000000		20315.000000		5729.000000		268435456
17053.000000		5105.000000		20495.000000		268435456
13524.000000		32477.000000		11431.000000		268435456
24776.000000		10335.000000		4183.000000		268435456
7202.000000		28123.000000		6358.000000		268435456
31014.000000		12126.000000		22121.000000		268435456
22179.000000		16022.000000		13002.000000		268435456
24628.000000		20306.000000		7059.000000		268435456
10991.000000		7602.000000		11092.000000		268435456
14177.000000		83.000000		31328.000000		268435456
30972.000000		13453.000000		8861.000000		268435456
24921.000000		2254.000000		11299.000000		268435456
26361.000000		12839.000000		24313.000000		268435456
26913.000000		9662.000000		30681.000000		268435456
24098.000000		30764.000000		23375.000000		268435456
5717.000000		3939.000000		24450.000000		268435456
20543.000000		25072.000000		11156.000000		268435456
4912.000000		3256.000000		21820.000000		268435456
18889.000000		31109.000000		6941.000000		268435456
22817.000000		22299.000000		5062.000000		268435456
24046.000000		21296.000000		15276.000000		268435456
7971.000000		31980.000000		28211.000000		268435456
20709.000000		16874.000000		11646.000000		268435456
20745.000000		3330.000000		6395.000000		268435456
23124.000000		14257.000000		2001.000000		268435456
14716.000000		28234.000000		8868.000000		268435456
15542.000000		31437.000000		18063.000000		268435456
4200.000000		11763.000000		7358.000000		268435456
4102.000000		30050.000000		19750.000000		268435456
7680.000000		5100.000000		26092.000000		268435456
19731.000000		22234.000000		14268.000000		268435456
9895.000000		16548.000000		11293.000000		268435456
13391.000000		5906.000000		11054.000000		268435456
28250.000000		18504.000000		10844.000000		268435456
26102.000000		14674.000000		27055.000000		268435456
25207.000000		32500.000000		26542.000000		268435456
15068.000000		366.000000		29911.000000		268435456
28401.000000		18071.000000		25848.000000		268435456
29769.000000		14250.000000		18301.000000		268435456
16461.000000		31347.000000		17902.000000		268435456
32422.000000		10296.000000		196.000000		268435456
17925.000000		23940.000000		9582.000000		268435456
5614.000000		20836.000000		1806.000000		268435456
16670.000000		2098.000000		32731.000000		268435456
27678.000000		16329.000000		1246.000000		268435456
6416.000000		1816.000000		32340.000000		268435456
20756.000000		31276.000000		31437.000000		268435456
9564.000000		32716.000000		980.000000		268435456
6303.000000		9929.000000		18716.000000		268435456
9307.000000		4581.000000		14758.000000		268435456
26296.000000		21046.000000		22673.000000		268435456
18480.000000		6581.000000		2736.000000		268435456
29456.000000		1068.000000		15762.000000		268435456
10463.000000		18289.000000		5502.000000		268435456
3192.000000		10454.000000		8650.000000		268435456
5880.000000		30913.000000		11036.000000		268435456
31191.000000		21872.000000		16312.000000		268435456
19549.000000		15333.000000		1301.000000		268435456
6559.000000		9568.000000		6382.000000		268435456
24835.000000		10999.000000		1849.000000		268435456
8710.000000		26900.000000		6907.000000		268435456
18368.000000		13045.000000		12793.000000		268435456
29550.000000		12865.000000		28710.000000		268435456
31626.000000		11670.000000		28789.000000		268435456
23488.000000		347.000000		4233.000000		268435456
32689.000000		17938.000000		14736.000000		268435456
17575.000000		1630.000000		7476.000000		268435456
30194.000000		16488.000000		7593.000000		268435456
24555.000000		6978.000000		29272.000000		268435456
25467.000000		14286.000000		25293.000000		268435456
19551.000000		26796.000000		32423.000000		268435456
23104.000000		5190.000000		20340.000000		268435456
13084.000000		5566.000000		7543.000000		268435456
11810.000000		8335.000000		18480.000000		268435456
20484.000000		2576.000000		15938.000000		268435456
13788.000000		8427.000000		32470.000000		268435456
2495.000000		13626.000000		24473.000000		268435456
26046.000000		24695.000000		12802.000000		268435456
31916.000000		4472.000000		7337.000000		268435456
26250.000000		11773.000000		29199.000000		268435456
31109.000000		16207.000000		5086.000000		268435456
13596.000000		658.000000		7377.000000		268435456
17312.000000		13882.000000		4685.000000		268435456
26533.000000		23385.000000		21433.000000		268435456
9235.000000		10949.000000		739.000000		268435456
31639.000000		32064.000000		10282.000000		268435456
32296.000000		1195.000000		29081.000000		268435456
7069.000000		13469.000000		10276.000000		268435456
18151.000000		8138.000000		21005.000000		268435456
12082.000000		31717.000000		27030.000000		268435456
25752.000000		10499.000000		30300.000000		268435456
19890.000000		7163.000000		15601.000000		268435456
23693.000000		17520.000000		3602.000000		268435456
27898.000000		7631.000000		24534.000000		268435456
9371.000000		23664.000000		28281.000000		268435456
26610.000000		6204.000000		28401.000000		268435456
15106.000000		4460.000000		7368.000000		268435456
21402.000000		22119.000000		610.000000		268435456
8894.000000		20600.000000		26573.000000		268435456
6511.000000		21010.000000		25151.000000		268435456
23400.000000		11021.000000		8752.000000		268435456
1087.000000		23195.000000		10526.000000		268435456
13119.000000		13459.000000		3937.000000		268435456
26821.000000		19618.000000		2204.000000		268435456
14059.000000		31354.000000		9413.000000		268435456
26030.000000		18315.000000		18526.000000		268435456
22038.000000		12808.000000		11728.000000		268435456
28363.000000		9553.000000		4618.000000		268435456
25843.000000		816.000000		32001.000000		268435456
1442.000000		28273.000000		15644.000000		268435456
16964.000000		31240.000000		27898.000000		268435456
13720.000000		26318.000000		9131.000000		268435456
26250.000000		12474.000000		23600.000000		268435456
13419.000000		29142.000000		9591.000000		268435456
19546.000000		16904.000000		21225.000000		268435456
30649.000000		15199.000000		28890.000000		268435456
19215.000000		6321.000000		30329.000000		268435456
14019.000000		8178.000000		367.000000		268435456
29773.000000		19043.000000		7683.000000		268435456
15280.000000		2672.000000		4746.000000		268435456
6683.000000		27895.000000		7209.000000		268435456
10739.000000		13922.000000		6111.000000		268435456
9849.000000		19247.000000		28273.000000		268435456
1967.000000		19800.000000		14559.000000		268435456
11955.000000		6703.000000		20034.000000		268435456
30246.000000		31505.000000		23482.000000		268435456
31730.000000		25438.000000		26830.000000		268435456
10645.000000		10094.000000		4874.000000		268435456
28591.000000		20095.000000		6723.000000		268435456
27404.000000		22112.000000		19849.000000		268435456
1554.000000		26137.000000		15891.000000		268435456
20264.000000		3403.000000		2409.000000		268435456
4458.000000		25737.000000		18745.000000		268435456
25267.000000		23191.000000		5412.000000		268435456
28991.000000		8792.000000		17602.000000		268435456
27284.000000		1889.000000		9695.000000		268435456
19626.000000		28326.000000		11781.000000		268435456
1697.000000		25744.000000		20400.000000		268435456
2811.000000		197.000000		3921.000000		268435456
7972.000000		23484.000000		18031.000000		268435456
14034.000000		24164.000000		7919.000000		268435456
4917.000000		16800.000000		19928.000000		268435456
30514.000000		5075.000000		11224.000000		268435456
12863.000000		11030.000000		30239.000000		268435456
10053.000000		1090.000000		26219.000000		268435456
13631.000000		1737.000000		15951.000000		268435456
8383.000000		30233.000000		30974.000000		268435456
15524.000000		19745.000000		2059.000000		268435456
22044.000000		25514.000000		14123.000000		268435456
24028.000000		1310.000000		133.000000		268435456
12607.000000		4851.000000		15392.000000		268435456
6121.000000		30736.000000		20679.000000		268435456
8204.000000		5935.000000		28516.000000		268435456
10391.000000		1909.000000		7080.000000		268435456
7193.000000		13659.000000		25795.000000		268435456
17457.000000		32614.000000		6650.000000		268435456
7057.000000		16647.000000		14180.000000		268435456
12221.000000		17747.000000		5597.000000		268435456
2253.000000		30980.000000		10556.000000		268435456
16940.000000		13827.000000		11320.000000		268435456
27487.000000		17355.000000		18260.000000		268435456
27392.000000		14100.000000		10175.000000		268435456
10364.000000		31160.000000		26781.000000		268435456
7508.000000		16235.000000		2847.000000		268435456
31241.000000		16237.000000		24649.000000		268435456
29775.000000		14169.000000		2072.000000		268435456
17080.000000		23795.000000		32226.000000		268435456
8805.000000		23641.000000		16308.000000		268435456
2802.000000		3705.000000		17553.000000		268435456
20212.000000		7606.000000		19422.000000		268435456
1421.000000		4543.000000		28763.000000		268435456
32285.000000		32387.000000		19710.000000		268435456
19572.000000		16271.000000		15163.000000		268435456
3310.000000		16028.000000		5744.000000		268435456
25807.000000		25297.000000		11612.000000		268435456
16437.000000		12207.000000		10980.000000		268435456
22351.000000		18207.000000		27367.000000		268435456
28304.000000		31875.000000		5649.000000		268435456
5285.000000		14052.000000		14115.000000		268435456
32415.000000		6133.000000		25411.000000		268435456
18259.000000		25959.000000		6096.000000		268435456
22618.000000		22108.000000		2212.000000		268435456
27477.000000		6997.000000		29961.000000		268435456
5376.000000		12118.000000		11603.000000		268435456
22865.000000		31914.000000		4374.000000		268435456
15127.000000		7989.000000		17577.000000		268435456
13905.000000		29952.000000		4332.000000		268435456
15472.000000		26237.000000		9019.000000		268435456
14910.000000		21426.000000		22864.000000		268435456
18999.000000		19246.000000		631.000000		268435456
20098.000000		29529.000000		3547.000000		268435456
30576.000000		21204.000000		28146.000000		268435456
29608.000000		135.000000		22097.000000		268435456
7278.000000		32155.000000		25019.000000		268435456
30676.000000		8654.000000		1027.000000		268435456
3627.000000		10698.000000		856.000000		268435456
8542.000000		30576.000000		5177.000000		268435456
4748.000000		17529.000000		26416.000000		268435456
22530.000000		13147.000000		11737.000000		268435456
5872.000000		5987.000000		21140.000000		268435456
23642.000000		31274.000000		26559.000000		268435456
8351.000000		11542.000000		28320.000000		268435456
4258.000000		25709.000000		12936.000000		268435456
18159.000000		15360.000000		31407.000000		268435456
1778.000000		25447.000000		31677.000000		268435456
21830.000000		7675.000000		19738.000000		268435456
18546.000000		3835.000000		22941.000000		268435456
1843.000000		23919.000000		26481.000000		268435456
26174.000000		2698.000000		5628.000000		268435456
15191.000000		8733.000000		8053.000000		268435456
12261.000000		19682.000000		5104.000000		268435456
2528.000000		5941.000000		28795.000000		268435456
13516.000000		15264.000000		8001.000000		268435456
29109.000000		4420.000000		260.000000		268435456
19688.000000		17537.000000		1493.000000		268435456
23469.000000		5658.000000		22181.000000		268435456
6786.000000		32672.000000		14999.000000		268435456
5482.000000		16827.000000		9882.000000		268435456
6649.000000		31637.000000		32387.000000		268435456
11684.000000		10997.000000		15257.000000		268435456
13778.000000		12518.000000		30686.000000		268435456
23051.000000		12088.000000		6592.000000		268435456
17514.000000		19542.000000		2244.000000		268435456
21271.000000		16569.000000		28592.000000		268435456
8740.000000		6125.000000		28051.000000		268435456
27725.000000		17165.000000		4149.000000		268435456
5618.000000		22738.000000		222.000000		268435456
12261.000000		448.000000		12812.000000		268435456
10112.000000		3148.000000		17889.000000		268435456
31458.000000		10640.000000		7078.000000		268435456
21876.000000		6280.000000		23488.000000		268435456
4846.000000		14422.000000		16118.000000		268435456
32634.000000		22003.000000		2792.000000		268435456
409.000000		24775.000000		11694.000000		268435456
11027.000000		23624.000000		2928.000000		268435456
14547.000000		13961.000000		18553.000000		268435456
23395.000000		19110.000000		15949.000000		268435456
12981.000000		27735.000000		11280.000000		268435456
21365.000000		25673.000000		11443.000000		268435456
29426.000000		20783.000000		13631.000000		268435456
6060.000000		25529.000000		2050.000000		268435456
6796.000000		23214.000000		4403.000000		268435456
11862.000000		25739.000000		27134.000000		268435456
11937.000000		14903.000000		16810.000000		268435456
18589.000000		18445.000000		2134.000000		268435456
22884.000000		1903.000000		21725.000000		268435456
29776.000000		4975.000000		16284.000000		268435456
22697.000000		17971.000000		24374.000000		268435456
3127.000000		1610.000000		6463.000000		268435456
3977.000000		18206.000000		6451.000000		268435456
8169.000000		7827.000000		3361.000000		268435456
22789.000000		26918.000000		28173.000000		268435456
19814.000000		31581.000000		2789.000000		268435456
22450.000000		26635.000000		22512.000000		268435456
21981.000000		8691.000000		8206.000000		268435456
8923.000000		30346.000000		11499.000000		268435456
25706.000000		8500.000000		10098.000000		268435456
27541.000000		13443.000000		3045.000000		268435456
22701.000000		32061.000000		9156.000000		268435456
5306.000000		28836.000000		31540.000000		268435456
16519.000000		16824.000000		2585.000000		268435456
20168.000000		25141.000000		4785.000000		268435456
21352.000000		9075.000000		8878.000000		268435456
9493.000000		29452.000000		18771.000000		268435456
1771.000000		18955.000000		5476.000000		268435456
7130.000000		6882.000000		17088.000000		268435456
1975.000000		16583.000000		1193.000000		268435456
5887.000000		1143.000000		21333.000000		268435456
21215.000000		14851.000000		5314.000000		268435456
20402.000000		2632.000000		29065.000000		268435456
11054.000000		21170.000000		14007.000000		268435456
13097.000000		23494.000000		453.000000		268435456
817.000000		27621.000000		21840.000000		268435456
12071.000000		7503.000000		26115.000000		268435456
32722.000000		3670.000000		26596.000000		268435456
16664.000000		25684.000000		3273.000000		268435456
16608.000000		12390.000000		16870.000000		268435456
8927.000000		24180.000000		29543.000000		268435456
29669.000000		12566.000000		1911.000000		268435456
15530.000000		3451.000000		15741.000000		268435456
11017.000000		31454.000000		20069.000000		268435456
9580.000000		7030.000000		14381.000000		268435456
21753.000000		6002.000000		28765.000000		268435456
971.000000		12647.000000		27023.000000		268435456
21521.000000		6606.000000		15935.000000		268435456
8099.000000		16447.000000		15680.000000		268435456
25139.000000		13863.000000		28113.000000		268435456
30834.000000		7967.000000		1307.000000		268435456
31763.000000		14228.000000		4678.000000		268435456
20287.000000		4884.000000		29059.000000		268435456
18910.000000		20870.000000		1360.000000		268435456
21218.000000		5072.000000		26312.000000		268435456
13451.000000		8044.000000		10681.000000		268435456
5047.000000		15872.000000		15752.000000		268435456
24116.000000		3860.000000		12731.000000		268435456
8222.000000		12123.000000		6691.000000		268435456
22852.000000		682.000000		25227.000000		268435456
15708.000000		20861.000000		11151.000000		268435456
3432.000000		15715.000000		31693.000000		268435456
10413.000000		12321.000000		23610.000000		268435456
2686.000000		14901.000000		17654.000000		268435456
15030.000000		11364.000000		24508.000000		268435456
26871.000000		28207.000000		7104.000000		268435456
15247.000000		526.000000		7804.000000		268435456
5219.000000		16455.000000		1599.000000		268435456
16414.000000		29975.000000		23709.000000		268435456
18479.000000		16060.000000		4154.000000		268435456
6527.000000		27875.000000		11216.000000		268435456
28588.000000		24163.000000		28363.000000		268435456
17823.000000		4076.000000		20443.000000		268435456
20991.000000		27246.000000		22141.000000		268435456
31849.000000		28104.000000		19443.000000		268435456
18319.000000		19349.000000		28514.000000		268435456
30474.000000		16091.000000		25406.000000		268435456
31232.000000		937.000000		12239.000000		268435456
30510.000000		2065.000000		278.000000		268435456
12523.000000		14065.000000		29122.000000		268435456
29271.000000		22123.000000		19942.000000		268435456
15556.000000		28395.000000		8230.000000		268435456
10646.000000		6479.000000		15287.000000		268435456
32438.000000		31301.000000		12391.000000		268435456
28739.000000		13273.000000		8647.000000		268435456
10078.000000		31782.000000		4631.000000		268435456
1173.000000		31898.000000		8383.000000		268435456
24485.000000		28960.000000		8600.000000		268435456
13094.000000		24714.000000		4453.000000		268435456
30257.000000		14946.000000		19456.000000		268435456
6850.000000		2332.000000		15837.000000		268435456
12573.000000		12296.000000		16821.000000		268435456
22549.000000		3762.000000		10705.000000		268435456
22268.000000		24979.000000		8820.000000		268435456
14612.000000		14305.000000		18465.000000		268435456
13145.000000		6134.000000		18623.000000		268435456
26168.000000		23365.000000		15587.000000		268435456
6694.000000		28344.000000		5094.000000		268435456
17374.000000		31965.000000		16603.000000		268435456
2780.000000		533.000000		5927.000000		268435456
14444.000000		286.000000		30649.000000		268435456
24390.000000		20020.000000		14745.000000		268435456
5132.000000		7998.000000		7350.000000		268435456
15130.000000		32700.000000		26075.000000		268435456
7452.000000		26989.000000		24943.000000		268435456
2293.000000		12400.000000		14791.000000		268435456
20639.000000		7411.000000		18703.000000		268435456
1633.000000		27304.000000		1422.000000		268435456
18523.000000		17766.000000		15903.000000		268435456
984.000000		25777.000000		9999.000000		268435456
102.000000		25980.000000		11163.000000		268435456
24332.000000		16765.000000		14663.000000		268435456
29766.000000		7463.000000		4635.000000		268435456
11495.000000		22070.000000		31012.000000		268435456
20478.000000		30707.000000		30776.000000		268435456
21995.000000		3199.000000		30764.000000		268435456
19352.000000		32745.000000		16745.000000		268435456
25347.000000		1941.000000		2739.000000		268435456
18443.000000		12379.000000		30994.000000		268435456
12780.000000		18060.000000		8847.000000		268435456
31374.000000		16746.000000		1919.000000		268435456
4023.000000		10326.000000		18580.000000		268435456
28599.000000		20519.000000		9465.000000		268435456
7438.000000		1629.000000		30265.000000		268435456
509.000000		28825.000000		17215.000000		268435456
13133.000000		8400.000000		32308.000000		268435456
5995.000000		3597.000000		8193.000000		268435456
4743.000000		25597.000000		19958.000000		268435456
10416.000000		29570.000000		21301.000000		268435456
16404.000000		12356.000000		27458.000000		268435456
18381.000000		14604.000000		604.000000		268435456
31284.000000		22153.000000		30816.000000		268435456
9991.000000		29820.000000		32271.000000		268435456
20719.000000		31031.000000		3736.000000		268435456
4345.000000		15035.000000		371.000000		268435456
7488.000000		1577.000000		12783.000000		268435456
26829.000000		3217.000000		9052.000000		268435456
1825.000000		6164.000000		21099.000000		268435456
13826.000000		1236.000000		22346.000000		268435456
24600.000000		20046.000000		3649.000000		268435456
344.000000		22318.000000		12425.000000		268435456
6999.000000		8193.000000		1462.000000		268435456
28843.000000		13824.000000		1045.000000		268435456
28045.000000		27692.000000		23718.000000		268435456
11751.000000		23307.000000		5656.000000		268435456
28150.000000		6656.000000		20195.000000		268435456
18786.000000		483.000000		17941.000000		268435456
16202.000000		5498.000000		21486.000000		268435456
567.000000		29788.000000		14625.000000		268435456
8869.000000		25162.000000		955.000000		268435456
16253.000000		10346.000000		25528.000000		268435456
12153.000000		29544.000000		4470.000000		268435456
7015.000000		11320.000000		7438.000000		268435456
4894.000000		32744.000000		4751.000000		268435456
15799.000000		2132.000000		9201.000000		268435456
32688.000000		15841.000000		14192.000000		268435456
29965.000000		10568.000000		16786.000000		268435456
9521.000000		21138.000000		26791.000000		268435456
5868.000000		6398.000000		4307.000000		268435456
289.000000		29442.000000		13938.000000		268435456
15512.000000		9652.000000		28906.000000		268435456
20504.000000		13003.000000		491.000000		268435456
1812.000000		22387.000000		24692.000000		268435456
18945.000000		26329.000000		3650.000000		268435456
16104.000000		5706.000000		31319.000000		268435456
23809.000000		24636.000000		3535.000000		268435456
29821.000000		29363.000000		8192.000000		268435456
9272.000000		10082.000000		4575.000000		268435456
19498.000000		28400.000000		5339.000000		268435456
11993.000000		23121.000000		21891.000000		268435456
27980.000000		17218.000000		32028.000000		268435456
8523.000000		28862.000000		31442.000000		268435456
11769.000000		12363.000000		26162.000000		268435456
7509.000000		32530.000000		20315.000000		268435456
7477.000000		23028.000000		18813.000000		268435456
32646.000000		11701.000000		22454.000000		268435456
2994.000000		10928.000000		27155.000000		268435456
12103.000000		3139.000000		2939.000000		268435456
14201.000000		12791.000000		5319.000000		268435456
19564.000000		16494.000000		8709.000000		268435456
22807.000000		8778.000000		13736.000000		268435456
16414.000000		24254.000000		26055.000000		268435456
4385.000000		21025.000000		30890.000000		268435456
28771.000000		3949.000000		1829.000000		268435456
11048.000000		16524.000000		21322.000000		268435456
23741.000000		3087.000000		10506.000000		268435456
26489.000000		27003.000000		29498.000000		268435456
3994.000000		4812.000000		12466.000000		268435456
3900.000000		32473.000000		12929.000000		268435456
25472.000000		12880.000000		3940.000000		268435456
3790.000000		13068.000000		27535.000000		268435456
27710.000000		23997.000000		6157.000000		268435456
16486.000000		30322.000000		26682.000000		268435456
13196.000000		6726.000000		19449.000000		268435456
1386.000000		11498.000000		15517.000000		268435456
13789.000000		24639.000000		12580.000000		268435456
22278.000000		16799.000000		15178.000000		268435456
30550.000000		1980.000000		2519.000000		268435456
9936.000000		28286.000000		25173.000000		268435456
29210.000000		23839.000000		30851.000000		268435456
20141.000000		23072.000000		14626.000000		268435456
22134.000000		21536.000000		3110.000000		268435456
31540.000000		10775.000000		9468.000000		268435456
27282.000000		20530.000000		12443.000000		268435456
32309.000000		8406.000000		20180.000000		268435456
6828.000000		12123.000000		23446.000000		268435456
24381.000000		9650.000000		24266.000000		268435456
19469.000000		16592.000000		23121.000000		268435456
24097.000000		31405.000000		8774.000000		268435456
5170.000000		8949.000000		11525.000000		268435456
32765.000000		14087.000000		14278.000000		268435456
25320.000000		15507.000000		13513.000000		268435456
14641.000000		11980.000000		10164.000000		268435456
18756.000000		13160.000000		28016.000000		268435456
26416.000000		3798.000000		29664.000000		268435456
8386.000000		30289.000000		20596.000000		268435456
9033.000000		29183.000000		12139.000000		268435456
15597.000000		15299.000000		7964.000000		268435456
5044.000000		24435.000000		12111.000000		268435456
22373.000000		17750.000000		343.000000		268435456
21123.000000		19300.000000		26563.000000		268435456
22804.000000		24451.000000		29700.000000		268435456
23113.000000		10895.000000		9516.000000		268435456
21750.000000		230.000000		15517.000000		268435456
13970.000000		15956.000000		3933.000000		268435456
18374.000000		11949.000000		20868.000000		268435456
2697.000000		16969.000000		23631.000000		268435456
19808.000000		29682.000000		11615.000000		268435456
27225.000000		26003.000000		21406.000000		268435456
18372.000000		22575.000000		10566.000000		268435456
5162.000000		18804.000000		22121.000000		268435456
15613.000000		25881.000000		3250.000000		268435456
23500.000000		27579.000000		5995.000000		268435456
18511.000000		1656.000000		21357.000000		268435456
10353.000000		16169.000000		7522.000000		268435456
12421.000000		28385.000000		2290.000000		268435456
17925.000000		3302.000000		7718.000000		268435456
22579.000000		16981.000000		22016.000000		268435456
5113.000000		24976.000000		19189.000000		268435456
7740.000000		9269.000000		18509.000000		268435456
22953.000000		3482.000000		22247.000000		268435456
13329.000000		30734.000000		17816.000000		268435456
19621.000000		29674.000000		26249.000000		268435456
15447.000000		15650.000000		21138.000000		268435456
12157.000000		21241.000000		17407.000000		268435456
32753.000000		31425.000000		11085.000000		268435456
28643.000000		13282.000000		13649.000000		268435456
174.000000		18381.000000		28218.000000		268435456
24899.000000		2088.000000		15017.000000		268435456
30727.000000		8701.000000		7133.000000		268435456
11554.000000		2581.000000		22694.000000		268435456
13735.000000		6584.000000		15543.000000		268435456
25818.000000		31999.000000		30482.000000		268435456
9411.000000		23970.000000		27678.000000		268435456
22677.000000		16863.000000		22179.000000		268435456
20577.000000		32053.000000		8699.000000		268435456
1429.000000		10738.000000		16523.000000		268435456
24095.000000		23543.000000		11941.000000		268435456
8744.000000		21607.000000		26881.000000		268435456
29728.000000		22314.000000		17228.000000		268435456
6107.000000		1343.000000		6669.000000		268435456
10788.000000		7692.000000		26295.000000		268435456
11459.000000		4844.000000		11829.000000		268435456
20217.000000		16646.000000		10566.000000		268435456
17151.000000		5465.000000		15085.000000		268435456
17086.000000		5714.000000		7279.000000		268435456
445.000000		15441.000000		6344.000000		268435456
15293.000000		21250.000000		20784.000000		268435456
32097.000000		27795.000000		19423.000000		268435456
20161.000000		11640.000000		15920.000000		268435456
7331.000000		18919.000000		14581.000000		268435456
21802.000000		6812.000000		14723.000000		268435456
5829.000000		31248.000000		9264.000000		268435456
6715.000000		18823.000000		31565.000000		268435456
2857.000000		32634.000000		15496.000000		268435456
26191.000000		31057.000000		13751.000000		268435456
27890.000000		23529.000000		831.000000		268435456
23035.000000		13120.000000		1014.000000		268435456
23920.000000		2717.000000		16629.000000		268435456
25664.000000		26522.000000		5456.000000		268435456
9870.000000		7840.000000		572.000000		268435456
18017.000000		30133.000000		23142.000000		268435456
25210.000000		15673.000000		21431.000000		268435456
23802.000000		22568.000000		27177.000000		268435456
4152.000000		5572.000000		14885.000000		268435456
6503.000000		5158.000000		8522.000000		268435456
27882.000000		12115.000000		15595.000000		268435456
1944.000000		14178.000000		31231.000000		268435456
30695.000000		14821.000000		23037.000000		268435456
15343.000000		12829.000000		4979.000000		268435456
7168.000000		21533.000000		28716.000000		268435456
25015.000000		17183.000000		10048.000000		268435456
8834.000000		14266.000000		10573.000000		268435456
11854.000000		2508.000000		4287.000000		268435456
25811.000000		20032.000000		16304.000000		268435456
1574.000000		13983.000000		23829.000000		268435456
14271.000000		7312.000000		13023.000000		268435456
30745.000000		19621.000000		27716.000000		268435456
22479.000000		3943.000000		11683.000000		268435456
10450.000000		1743.000000		19117.000000		268435456
16448.000000		19446.000000		5049.000000		268435456
11055.000000		19003.000000		26558.000000		268435456
24177.000000		3855.000000		30659.000000		268435456
25583.000000		10942.000000		31179.000000		268435456
4586.000000		10918.000000		10840.000000		268435456
17927.000000		31064.000000		2107.000000		268435456
27970.000000		9357.000000		14652.000000		268435456
17002.000000		11353.000000		3218.000000		268435456
18057.000000		10933.000000		8750.000000		268435456
315.000000		16222.000000		12292.000000		268435456
26129.000000		20575.000000		16069.000000		268435456
13199.000000		32110.000000		11919.000000		268435456
6305.000000		9469.000000		5981.000000		268435456
21587.000000		4578.000000		10701.000000		268435456
9844.000000		183.000000		26875.000000		268435456
21494.000000		19679.000000		1286.000000		268435456
17046.000000		11210.000000		20147.000000		268435456
15830.000000		20102.000000		4384.000000		268435456
32384.000000		7492.000000		14589.000000		268435456
14258.000000		22566.000000		10881.000000		268435456
15359.000000		17092.000000		15849.000000		268435456
6798.000000		25878.000000		17415.000000		268435456
3015.000000		26179.000000		25416.000000		268435456
8636.000000		29960.000000		406.000000		268435456
28998.000000		10268.000000		24600.000000		268435456
6170.000000		12262.000000		18936.000000		268435456
13458.000000		29382.000000		1235.000000		268435456
21661.000000		20381.000000		27384.000000		268435456
20867.000000		6906.000000		4731.000000		268435456
3769.000000		5738.000000		23557.000000		268435456
16223.000000		23107.000000		22126.000000		268435456
26714.000000		6271.000000		10945.000000		268435456
20122.000000		19237.000000		30059.000000		268435456
20053.000000		22038.000000		31299.000000		268435456
17053.000000		21855.000000		31319.000000		268435456
20900.000000		8017.000000		2301.000000		268435456
11155.000000		24052.000000		3479.000000		268435456
10958.000000		3448.000000		14970.000000		268435456
26790.000000		25084.000000		16413.000000		268435456
1600.000000		5491.000000		31097.000000		268435456
13625.000000		13428.000000		8578.000000		268435456
21384.000000		26003.000000		15374.000000		268435456
17404.000000		13952.000000		31417.000000		268435456
27315.000000		29955.000000		22220.000000		268435456
16629.000000		24281.000000		3906.000000		268435456
16951.000000		30077.000000		27949.000000		268435456
12232.000000		4199.000000		17642.000000		268435456
30001.000000		18454.000000		31910.000000		268435456
3563.000000		26922.000000		5750.000000		268435456
19689.000000		15419.000000		3385.000000		268435456
30863.000000		10762.000000		20432.000000		268435456
12744.000000		19511.000000		19801.000000		268435456
25686.000000		27943.000000		21128.000000		268435456
10067.000000		19675.000000		6263.000000		268435456
18742.000000		25521.000000		6092.000000		268435456
5064.000000		11807.000000		28325.000000		268435456
3872.000000		5502.000000		24868.000000		268435456
24416.000000		2259.000000		2297.000000		268435456
6200.000000		27607.000000		7062.000000		268435456
16501.000000		22966.000000		18887.000000		268435456
3013.000000		32302.000000		28920.000000		268435456
8438.000000		1177.000000		6344.000000		268435456
4389.000000		29373.000000		29087.000000		268435456
16111.000000		6730.000000		6851.000000		268435456
3176.000000		7739.000000		13485.000000		268435456
19723.000000		29314.000000		29014.000000		268435456
13918.000000		13617.000000		22440.000000		268435456
14688.000000		1806.000000		6896.000000		268435456
10294.000000		9874.000000		30244.000000		268435456
12264.000000		12256.000000		29730.000000		268435456
14094.000000		27294.000000		6306.000000		268435456
15207.000000		30677.000000		4805.000000		268435456
22010.000000		574.000000		17909.000000		268435456
25276.000000		20566.000000		2220.000000		268435456
13675.000000		25175.000000		25800.000000		268435456
6597.000000		32271.000000		24290.000000		268435456
3329.000000		25548.000000		804.000000		268435456
9315.000000		17277.000000		7067.000000		268435456
31022.000000		23584.000000		30715.000000		268435456
28485.000000		7683.000000		13409.000000		268435456
10288.000000		3067.000000		14117.000000		268435456
13687.000000		28860.000000		15148.000000		268435456
19023.000000		26621.000000		10845.000000		268435456
23280.000000		17486.000000		12382.000000		268435456
26467.000000		13735.000000		530.000000		268435456
920.000000		25956.000000		31965.000000		268435456
28677.000000		22847.000000		18224.000000		268435456
27506.000000		13212.000000		32452.000000		268435456
11015.000000		21239.000000		4907.000000		268435456
12279.000000		28938.000000		6234.000000		268435456
4093.000000		6347.000000		17904.000000		268435456
25542.000000		26276.000000		9305.000000		268435456
17914.000000		1989.000000		27022.000000		268435456
15656.000000		19497.000000		25512.000000		268435456
27097.000000		25260.000000		16814.000000		268435456
17704.000000		8808.000000		14348.000000		268435456
418.000000		3405.000000		22839.000000		268435456
28713.000000		9463.000000		7311.000000		268435456
10987.000000		15067.000000		19119.000000		268435456
19004.000000		13486.000000		6013.000000		268435456
12363.000000		27417.000000		4153.000000		268435456
12461.000000		11911.000000		11084.000000		268435456
22066.000000		9549.000000		28228.000000		268435456
16249.000000		6841.000000		25293.000000		268435456
27078.000000		12588.000000		6206.000000		268435456
29869.000000		3615.000000		19063.000000		268435456
31893.000000		27965.000000		4331.000000		268435456
25820.000000		3148.000000		19368.000000		268435456
20030.000000		8044.000000		4156.000000		268435456
816.000000		17115.000000		16433.000000		268435456
16734.000000		1979.000000		30375.000000		268435456
17610.000000		9952.000000		911.000000		268435456
27485.000000		26197.000000		6776.000000		268435456
6746.000000		25474.000000		5266.000000		268435456
26361.000000		23925.000000		5532.000000		268435456
11332.000000		13604.000000		21865.000000		268435456
8095.000000		27867.000000		15040.000000		268435456
17587.000000		20136.000000		29009.000000		268435456
24557.000000		1988.000000		3821.000000		268435456
12370.000000		20149.000000		13900.000000		268435456
6132.000000		18335.000000		8420.000000		268435456
27064.000000		10500.000000		5812.000000		268435456
8217.000000		19705.000000		27098.000000		268435456
27817.000000		19486.000000		22920.000000		268435456
17308.000000		19798.000000		7029.000000		268435456
26023.000000		17939.000000		4538.000000		268435456
10803.000000		26601.000000		27924.000000		268435456
26526.000000		19218.000000		5108.000000		268435456
23103.000000		29813.000000		11969.000000		268435456
13446.000000		22253.000000		8071.000000		268435456
5502.000000		26294.000000		12899.000000		268435456
18254.000000		16103.000000		6781.000000		268435456
20556.000000		26144.000000		3085.000000		268435456
31860.000000		31590.000000		27151.000000		268435456
1995.000000		11487.000000		20603.000000		268435456
17422.000000		18774.000000		26603.000000		268435456
21907.000000		29269.000000		25876.000000		268435456
820.000000		4456.000000		2566.000000		268435456
24498.000000		25738.000000		14106.000000		268435456
1040.000000		22385.000000		22005.000000		268435456
14884.000000		20819.000000		22464.000000		268435456
23286.000000		24207.000000		31238.000000		268435456
2832.000000		27408.000000		6501.000000		268435456
19542.000000		16100.000000		13703.000000		268435456
21865.000000		24144.000000		28199.000000		268435456
21096.000000		28677.000000		26369.000000		268435456
17859.000000		1225.000000		644.000000		268435456
13020.000000		22383.000000		29266.000000		268435456
19329.000000		14172.000000		28360.000000		268435456
29693.000000		19615.000000		2538.000000		268435456
15524.000000		25625.000000		28795.000000		268435456
15872.000000		19619.000000		3477.000000		268435456
19679.000000		28303.000000		30983.000000		268435456
8315.000000		21817.000000		30366.000000		268435456
20677.000000		20411.000000		4427.000000		268435456
7476.000000		9179.000000		31786.000000		268435456
11299.000000		14457.000000		10725.000000		268435456
4298.000000		28494.000000		3096.000000		268435456
30443.000000		29772.000000		32329.000000		268435456
26343.000000		12926.000000		13267.000000		268435456
26168.000000		17354.000000		17667.000000		268435456
19195.000000		21978.000000		29141.000000		268435456
28494.000000		11546.000000		4541.000000		268435456
1968.000000		115.000000		29638.000000		268435456
30894.000000		9792.000000		7640.000000		268435456
22167.000000		11380.000000		20099.000000		268435456
20879.000000		20525.000000		12990.000000		268435456
20156.000000		21219.000000		5237.000000		268435456
8793.000000		2769.000000		15665.000000		268435456
15401.000000		12454.000000		9201.000000		268435456
10490.000000		18838.000000		13132.000000		268435456
17273.000000		23349.000000		27298.000000		268435456
27178.000000		3353.000000		32490.000000		268435456
7181.000000		9616.000000		31795.000000		268435456
7420.000000		4599.000000		7342.000000		268435456
12419.000000		17991.000000		2467.000000		268435456
2124.000000		28165.000000		9194.000000		268435456
26746.000000		21948.000000		21523.000000		268435456
25062.000000		19539.000000		1549.000000		268435456
4046.000000		10217.000000		28913.000000		268435456
3458.000000		3520.000000		5220.000000		268435456
3789.000000		18242.000000		28352.000000		268435456
28131.000000		5910.000000		20817.000000		268435456
17429.000000		32414.000000		28919.000000		268435456
25791.000000		22238.000000		20043.000000		268435456
7192.000000		32288.000000		32433.000000		268435456
11831.000000		23655.000000		27196.000000		268435456
19330.000000		19349.000000		21272.000000		268435456
2823.000000		1734.000000		15382.000000		268435456
10474.000000		26835.000000		20441.000000		268435456
14522.000000		11693.000000		25540.000000		268435456
22429.000000		31461.000000		4353.000000		268435456
6532.000000		32613.000000		28597.000000		268435456
6240.000000		21305.000000		24337.000000		268435456
13715.000000		30303.000000		4020.000000		268435456
30330.000000		6152.000000		10032.000000		268435456
32235.000000		3600.000000		32210.000000		268435456
30316.000000		31658.000000		2753.000000		268435456
32056.000000		4623.000000		27781.000000		268435456
14621.000000		2714.000000		20165.000000		268435456
32017.000000		21432.000000		30028.000000		268435456
356.000000		9812.000000		18640.000000		268435456
9893.000000		4537.000000		1401.000000		268435456
816.000000		22354.000000		10887.000000		268435456
23496.000000		14932.000000		12016.000000		268435456
10957.000000		19158.000000		3534.000000		268435456
475.000000		15432.000000		8441.000000		268435456
28649.000000		8512.000000		13113.000000		268435456
18943.000000		9099.000000		29050.000000		268435456
7016.000000		14368.000000		20832.000000		268435456
15003.000000		5737.000000		22832.000000		268435456
30772.000000		26440.000000		28446.000000		268435456
27674.000000		15521.000000		9675.000000		268435456
1661.000000		19081.000000		23531.000000		268435456
8035.000000		32147.000000		31464.000000		268435456
17960.000000		14814.000000		16585.000000		268435456
7821.000000		9124.000000		5994.000000		268435456
22631.000000		4145.000000		18819.000000		268435456
18601.000000		8790.000000		18084.000000		268435456
25000.000000		25859.000000		22826.000000		268435456
20414.000000		18902.000000		32064.000000		268435456
3168.000000		30617.000000		28181.000000		268435456
7254.000000		28131.000000		28669.000000		268435456
8792.000000		19071.000000		6357.000000		268435456
3100.000000		16220.000000		18063.000000		268435456
13709.000000		25728.000000		1747.000000		268435456
27013.000000		7900.000000		30529.000000		268435456
4802.000000		26720.000000		27797.000000		268435456
6267.000000		21544.000000		26676.000000		268435456
1868.000000		18175.000000		25824.000000		268435456
6268.000000		10589.000000		14665.000000		268435456
12488.000000		18354.000000		28977.000000		268435456
14003.000000		14883.000000		9757.000000		268435456
26812.000000		4328.000000		32060.000000		268435456
10987.000000		9802.000000		20890.000000		268435456
14157.000000		20351.000000		27260.000000		268435456
28792.000000		5278.000000		5388.000000		268435456
24461.000000		9562.000000		2545.000000		268435456
2147.000000		24026.000000		10943.000000		268435456
23838.000000		14345.000000		22946.000000		268435456
1146.000000		8443.000000		20621.000000		268435456
24074.000000		7848.000000		10366.000000		268435456
21272.000000		14692.000000		22757.000000		268435456
13606.000000		6726.000000		16048.000000		268435456
20928.000000		25750.000000		8500.000000		268435456
16483.000000		1644.000000		8580.000000		268435456
16603.000000		10344.000000		6840.000000		268435456
7121.000000		22428.000000		20837.000000		268435456
23872.000000		3065.000000		3867.000000		268435456
1343.000000		23525.000000		17838.000000		268435456
13393.000000		17632.000000		7292.000000		268435456
24000.000000		21981.000000		15672.000000		268435456
19907.000000		26432.000000		7323.000000		268435456
3457.000000		1177.000000		3045.000000		268435456
4728.000000		17096.000000		22894.000000		268435456
942.000000		19333.000000		11433.000000		268435456
31224.000000		12233.000000		9546.000000		268435456
28506.000000		807.000000		23732.000000		268435456
4188.000000		30443.000000		14172.000000		268435456
28578.000000		6194.000000		12235.000000		268435456
25814.000000		800.000000		7476.000000		268435456
10383.000000		4204.000000		14072.000000		268435456
29973.000000		239.000000		14466.000000		268435456
14166.000000		25955.000000		18961.000000		268435456
17462.000000		16169.000000		11356.000000		268435456
15371.000000		29402.000000		6604.000000		268435456
3076.000000		25763.000000		24487.000000		268435456
26598.000000		2932.000000		13144.000000		268435456
28079.000000		11151.000000		25205.000000		268435456
1703.000000		12308.000000		24500.000000		268435456
17229.000000		7815.000000		8824.000000		268435456
7868.000000		30425.000000		6198.000000		268435456
17844.000000		7275.000000		32476.000000		268435456
22327.000000		29901.000000		30471.000000		268435456
12951.000000		32668.000000		1572.000000		268435456
9146.000000		2458.000000		25985.000000		268435456
3308.000000		31288.000000		2265.000000		268435456
5593.000000		20193.000000		9121.000000		268435456
1538.000000		23661.000000		16951.000000		268435456
28841.000000		13582.000000		27425.000000		268435456
10193.000000		23286.000000		13335.000000		268435456
1657.000000		5556.000000		13770.000000		268435456
2409.000000		23389.000000		1467.000000		268435456
20961.000000		18395.000000		25113.000000		268435456
15500.000000		6301.000000		19808.000000		268435456
29352.000000		7370.000000		25184.000000		268435456
20441.000000		28210.000000		14989.000000		268435456
3129.000000		11309.000000		8659.000000		268435456
17167.000000		4292.000000		11164.000000		268435456
18078.000000		3240.000000		10315.000000		268435456
13136.000000		17122.000000		25340.000000		268435456
13361.000000		4661.000000		4267.000000		268435456
25459.000000		31121.000000		24843.000000		268435456
28044.000000		32233.000000		28450.000000		268435456
10426.000000		14236.000000		28071.000000		268435456
8798.000000		17125.000000		7103.000000		268435456
16018.000000		30691.000000		10433.000000		268435456
31015.000000		12963.000000		19225.000000		268435456
9256.000000		7706.000000		7063.000000		268435456
12565.000000		5865.000000		16885.000000		268435456
31976.000000		25277.000000		19555.000000		268435456
24689.000000		2555.000000		4653.000000		268435456
2386.000000		23077.000000		21659.000000		268435456
12122.000000		19944.000000		32332.000000		268435456
16294.000000		24565.000000		32288.000000		268435456
25033.000000		2566.000000		11923.000000		268435456
25679.000000		10088.000000		1507.000000		268435456
13578.000000		16891.000000		7527.000000		268435456
20503.000000		17950.000000		25329.000000		268435456
21557.000000		7139.000000		23133.000000		268435456
26258.000000		4729.000000		26336.000000		268435456
17479.000000		13166.000000		19030.000000		268435456
10552.000000		28594.000000		18708.000000		268435456
29677.000000		22037.000000		12397.000000		268435456
25639.000000		28964.000000		16474.000000		268435456
25636.000000		10421.000000		24230.000000		268435456
14226.000000		27523.000000		18117.000000		268435456
30252.000000		28965.000000		16030.000000		268435456
19759.000000		26106.000000		4562.000000		268435456
8337.000000		7857.000000		16812.000000		268435456
27481.000000		13923.000000		15678.000000		268435456
28722.000000		17016.000000		1329.000000		268435456
24473.000000		15130.000000		12569.000000		268435456
7048.000000		1315.000000		25357.000000		268435456
30922.000000		27154.000000		31730.000000		268435456
23965.000000		22893.000000		3957.000000		268435456
3362.000000		8254.000000		16433.000000		268435456
7032.000000		17264.000000		7313.000000		268435456
25281.000000		3432.000000		4.000000		268435456
20969.000000		6843.000000		4538.000000		268435456
20879.000000		6152.000000		5475.000000		268435456
17137.000000		16790.000000		1833.000000		268435456
11161.000000		29122.000000		3086.000000		268435456
8516.000000		30216.000000		14454.000000		268435456
29992.000000		8333.000000		29089.000000		268435456
23953.000000		12654.000000		3901.000000		268435456
18504.000000		18865.000000		5135.000000		268435456
3222.000000		4556.000000		5304.000000		268435456
30583.000000		25377.000000		8477.000000		268435456
28205.000000		5155.000000		21563.000000		268435456
12729.000000		25824.000000		14772.000000		268435456
15567.000000		2408.000000		20941.000000		268435456
7746.000000		30565.000000		25129.000000		268435456
27203.000000		14322.000000		8028.000000		268435456
12396.000000		15686.000000		21707.000000		268435456
6515.000000		6529.000000		8241.000000		268435456
25797.000000		1423.000000		11857.000000		268435456
20128.000000		10787.000000		32184.000000		268435456
15948.000000		16780.000000		17411.000000		268435456
18020.000000		22178.000000		440.000000		268435456
18228.000000		21496.000000		16822.000000		268435456
31052.000000		22855.000000		18828.000000		268435456
6864.000000		2240.000000		489.000000		268435456
21742.000000		18961.000000		25340.000000		268435456
9840.000000		3050.000000		31917.000000		268435456
29886.000000		25523.000000		11977.000000		268435456
27988.000000		23355.000000		14879.000000		268435456
29720.000000		4337.000000		11785.000000		268435456
16391.000000		16811.000000		31639.000000		268435456
8252.000000		20028.000000		30433.000000		268435456
4536.000000		15568.000000		23262.000000		268435456
11304.000000		22937.000000		16967.000000		268435456
30321.000000		3012.000000		258.000000		268435456
24978.000000		7987.000000		10189.000000		268435456
27450.000000		25653.000000		24237.000000		268435456
29047.000000		23347.000000		32167.000000		268435456
25993.000000		13719.000000		3585.000000		268435456
19447.000000		6563.000000		16994.000000		268435456
22928.000000		19381.000000		19043.000000		268435456
6775.000000		9111.000000		17168.000000		268435456
32585.000000		22816.000000		17608.000000		268435456
26684.000000		5321.000000		11220.000000		268435456
11338.000000		18199.000000		7002.000000		268435456
1281.000000		22376.000000		10763.000000		268435456
11466.000000		27657.000000		29067.000000		268435456
2614.000000		11220.000000		3722.000000		268435456
12389.000000		19144.000000		8692.000000		268435456
30435.000000		16496.000000		17325.000000		268435456
12154.000000		3060.000000		21911.000000		268435456
24429.000000		16862.000000		15909.000000		268435456
13362.000000		20560.000000		1107.000000		268435456
1449.000000		17976.000000		8389.000000		268435456
16030.000000		5636.000000		4272.000000		268435456
8964.000000		5673.000000		27338.000000		268435456
7529.000000		1011.000000		25939.000000		268435456
4522.000000		11499.000000		1350.000000		268435456
7435.000000		21932.000000		17581.000000		268435456
8939.000000		25757.000000		12215.000000		268435456
28041.000000		10149.000000		27595.000000		268435456
8278.000000		13932.000000		29943.000000		268435456
8992.000000		22203.000000		20306.000000		268435456
579.000000		20097.000000		18693.000000		268435456
20594.000000		22323.000000		9733.000000		268435456
8638.000000		437.000000		1368.000000		268435456
30983.000000		9896.000000		13933.000000		268435456
25873.000000		1913.000000		31929.000000		268435456
4420.000000		6575.000000		1402.000000		268435456
28004.000000		17522.000000		8406.000000		268435456
32043.000000		4378.000000		8756.000000		268435456
28966.000000		703.000000		785.000000		268435456
4473.000000		27675.000000		28370.000000		268435456
580.000000		15070.000000		10034.000000		268435456
4860.000000		9147.000000		476.000000		268435456
20558.000000		7333.000000		31244.000000		268435456
7744.000000		12633.000000		6683.000000		268435456
22050.000000		27100.000000		5934.000000		268435456
21985.000000		1341.000000		13949.000000		268435456
8119.000000		31819.000000		12346.000000		268435456
16413.000000		13138.000000		16199.000000		268435456
16405.000000		3929.000000		11642.000000		268435456
27774.000000		27564.000000		24613.000000		268435456
30883.000000		10652.000000		21189.000000		268435456
24766.000000		8549.000000		19179.000000		268435456
19027.000000		23776.000000		9437.000000		268435456
30759.000000		15861.000000		10554.000000		268435456
32337.000000		5006.000000		19136.000000		268435456
25375.000000		14354.000000		5942.000000		268435456
30526.000000		22654.000000		935.000000		268435456
23715.000000		11446.000000		11284.000000		268435456
7463.000000		665.000000		21934.000000		268435456
2528.000000		32231.000000		25903.000000		268435456
17839.000000		32727.000000		8789.000000		268435456
23589.000000		20040.000000		20186.000000		268435456
26404.000000		13175.000000		9557.000000		268435456
18405.000000		16810.000000		4658.000000		268435456
130.000000		2441.000000		22406.000000		268435456
17287.000000		2570.000000		12700.000000		268435456
14725.000000		5662.000000		4805.000000		268435456
22319.000000		17863.000000		17837.000000		268435456
9569.000000		24768.000000		29981.000000		268435456
8904.000000		24303.000000		2737.000000		268435456
6070.000000		27899.000000		12450.000000		268435456
12793.000000		17659.000000		4886.000000		268435456
28372.000000		14106.000000		695.000000		268435456
19912.000000		20810.000000		3411.000000		268435456
26491.000000		18543.000000		18617.000000		268435456
18966.000000		15425.000000		19503.000000		268435456
19849.000000		18620.000000		24911.000000		268435456
8513.000000		3032.000000		13944.000000		268435456
31326.000000		6798.000000		4290.000000		268435456
6793.000000		9724.000000		32637.000000		268435456
23776.000000		11956.000000		17455.000000		268435456
18441.000000		14.000000		7154.000000		268435456
4187.000000		24342.000000		8818.000000		268435456
28518.000000		4709.000000		24325.000000		268435456
7866.000000		23441.000000		11033.000000		268435456
31878.000000		4516.000000		6601.000000		268435456
16329.000000		5037.000000		708.000000		268435456
32743.000000		18743.000000		2889.000000		268435456
2690.000000		7745.000000		18870.000000		268435456
625.000000		6498.000000		31192.000000		268435456
28299.000000		31839.000000		17544.000000		268435456
14034.000000		24729.000000		32386.000000		268435456
15227.000000		18218.000000		2110.000000		268435456
21710.000000		19241.000000		29094.000000		268435456
18552.000000		28759.000000		4651.000000		268435456
17673.000000		30028.000000		5150.000000		268435456
19019.000000		19338.000000		2408.000000		268435456
17450.000000		19267.000000		4742.000000		268435456
24327.000000		10971.000000		10952.000000		268435456
23154.000000		28693.000000		26748.000000		268435456
7623.000000		787.000000		24979.000000		268435456
279.000000		32495.000000		2033.000000		268435456
24126.000000		23693.000000		7791.000000		268435456
8457.000000		1131.000000		3301.000000		268435456
16129.000000		23490.000000		27446.000000		268435456
20197.000000		25639.000000		16418.000000		268435456
731.000000		30943.000000		21940.000000		268435456
22082.000000		21604.000000		19406.000000		268435456
31887.000000		8191.000000		25733.000000		268435456
23202.000000		31924.000000		23283.000000		268435456
15812.000000		31703.000000		12411.000000		268435456
7844.000000		26076.000000		31052.000000		268435456
26909.000000		11002.000000		16996.000000		268435456
29267.000000		6260.000000		31479.000000		268435456
12460.000000		9220.000000		18434.000000		268435456
28578.000000		21736.000000		3032.000000		268435456
309.000000		10052.000000		25744.000000		268435456
6259.000000		2793.000000		21719.000000		268435456
28678.000000		23744.000000		8239.000000		268435456
11196.000000		28538.000000		31043.000000		268435456
1101.000000		13228.000000		5899.000000		268435456
12203.000000		6150.000000		6385.000000		268435456
13870.000000		21671.000000		21531.000000		268435456
19670.000000		9812.000000		5115.000000		268435456
19729.000000		2652.000000		3271.000000		268435456
15059.000000		9269.000000		4910.000000		268435456
29653.000000		31831.000000		2526.000000		268435456
14551.000000		32561.000000		25727.000000		268435456
13554.000000		1587.000000		16278.000000		268435456
27945.000000		29611.000000		7459.000000		268435456
27053.000000		26985.000000		14747.000000		268435456
7301.000000		29745.000000		15136.000000		268435456
20206.000000		8804.000000		24913.000000		268435456
1744.000000		1264.000000		15979.000000		268435456
