3 1888
21525.000000		24167.000000		14964.000000		268435456
17715.000000		22643.000000		5036.000000		268435456
5317.000000		1048.000000		32118.000000		268435456
7627.000000		12335.000000		5318.000000		268435456
29163.000000		24364.000000		22794.000000		268435456
30594.000000		17685.000000		14809.000000		268435456
31173.000000		31565.000000		7933.000000		268435456
13955.000000		13786.000000		15627.000000		268435456
21258.000000		7370.000000		12545.000000		268435456
8676.000000		209.000000		24761.000000		268435456
22181.000000		20715.000000		14126.000000		268435456
2448.000000		13716.000000		28669.000000		268435456
19860.000000		30151.000000		17402.000000		268435456
10220.000000		26529.000000		8271.000000		268435456
8080.000000		13277.000000		22262.000000		268435456
19227.000000		7697.000000		32751.000000		268435456
20293.000000		13023.000000		16878.000000		268435456
6942.000000		8363.000000		12312.000000		268435456
26434.000000		102.000000		27713.000000		268435456
26956.000000		15624.000000		31531.000000		268435456
1774.000000		31379.000000		24204.000000		268435456
10968.000000		32383.000000		13910.000000		268435456
8479.000000		27079.000000		29945.000000		268435456
25431.000000		27151.000000		7009.000000		268435456
17965.000000		7153.000000		8406.000000		268435456
9606.000000		11150.000000		12962.000000		268435456
4498.000000		6447.000000		21056.000000		268435456
16326.000000		21429.000000		20049.000000		268435456
6001.000000		15525.000000		2302.000000		268435456
30469.000000		24300.000000		20400.000000		268435456
2216.000000		28135.000000		14315.000000		268435456
11784.000000		19169.000000		17339.000000		268435456
17453.000000		13888.000000		10365.000000		268435456
20567.000000		5449.000000		10340.000000		268435456
17132.000000		19133.000000		29762.000000		268435456
7994.000000		10345.000000		11399.000000		268435456
18267.000000		11975.000000		2165.000000		268435456
25736.000000		2605.000000		19477.000000		268435456
3204.000000		7344.000000		3062.000000		268435456
25140.000000		10486.000000		5936.000000		268435456
26676.000000		14463.000000		31304.000000		268435456
26335.000000		28019.000000		3616.000000		268435456
652.000000		1756.000000		26211.000000		268435456
3799.000000		23318.000000		5493.000000		268435456
31021.000000		1271.000000		11897.000000		268435456
13896.000000		4359.000000		27825.000000		268435456
3762.000000		24488.000000		1543.000000		268435456
19604.000000		31650.000000		5955.000000		268435456
30516.000000		30549.000000		11714.000000		268435456
25089.000000		2787.000000		6860.000000		268435456
30994.000000		27439.000000		2369.000000		268435456
16448.000000		23634.000000		9948.000000		268435456
1324.000000		8676.000000		4213.000000		268435456
29571.000000		1863.000000		31137.000000		268435456
11347.000000		32491.000000		28493.000000		268435456
11542.000000		12446.000000		29260.000000		268435456
32677.000000		31454.000000		4119.000000		268435456
10675.000000		18231.000000		3345.000000		268435456
2049.000000		31399.000000		23935.000000		268435456
5389.000000		23766.000000		19981.000000		268435456
9439.000000		21622.000000		20282.000000		268435456
4425.000000		1850.000000		14203.000000		268435456
23853.000000		17062.000000		24766.000000		268435456
25691.000000		9092.000000		7416.000000		268435456
3329.000000		25640.000000		29594.000000		268435456
9856.000000		19024.000000		18636.000000		268435456
28995.000000		9999.000000		26436.000000		268435456
29769.000000		19713.000000		18798.000000		268435456
28309.000000		25925.000000		28283.000000		268435456
27646.000000		17715.000000		11461.000000		268435456
9002.000000		25756.000000		28307.000000		268435456
28985.000000		9558.000000		15303.000000		268435456
27463.000000		8889.000000		3905.000000		268435456
8965.000000		26066.000000		17550.000000		268435456
3746.000000		10882.000000		8634.000000		268435456
28660.000000		27732.000000		31227.000000		268435456
24799.000000		29726.000000		15440.000000		268435456
4314.000000		13066.000000		14203.000000		268435456
18905.000000		20899.000000		25545.000000		268435456
15928.000000		5110.000000		23694.000000		268435456
31355.000000		31238.000000		28197.000000		268435456
32118.000000		167.000000		18205.000000		268435456
6478.000000		12529.000000		658.000000		268435456
14976.000000		26870.000000		1217.000000		268435456
32272.000000		9603.000000		18613.000000		268435456
22379.000000		13210.000000		29323.000000		268435456
13802.000000		15141.000000		3489.000000		268435456
16150.000000		429.000000		32757.000000		268435456
4642.000000		22267.000000		28421.000000		268435456
10520.000000		4731.000000		29938.000000		268435456
347.000000		20897.000000		3453.000000		268435456
27734.000000		3887.000000		17506.000000		268435456
30658.000000		8234.000000		27914.000000		268435456
19215.000000		24128.000000		27483.000000		268435456
17588.000000		30881.000000		5919.000000		268435456
24132.000000		27814.000000		29433.000000		268435456
29896.000000		30071.000000		21442.000000		268435456
32710.000000		12095.000000		11707.000000		268435456
21826.000000		22696.000000		30642.000000		268435456
6481.000000		2287.000000		2710.000000		268435456
27218.000000		23164.000000		25491.000000		268435456
25725.000000		21089.000000		10048.000000		268435456
15280.000000		14633.000000		29836.000000		268435456
14953.000000		1650.000000		30825.000000		268435456
21372.000000		21967.000000		24803.000000		268435456
25454.000000		8872.000000		14809.000000		268435456
14686.000000		24693.000000		23405.000000		268435456
13888.000000		11590.000000		12710.000000		268435456
10336.000000		14357.000000		28407.000000		268435456
4923.000000		6883.000000		30982.000000		268435456
18429.000000		1252.000000		24310.000000		268435456
13277.000000		2949.000000		17002.000000		268435456
24912.000000		585.000000		3344.000000		268435456
12179.000000		7087.000000		18401.000000		268435456
28527.000000		15175.000000		31596.000000		268435456
20070.000000		24555.000000		32240.000000		268435456
5714.000000		30536.000000		4548.000000		268435456
5927.000000		8624.000000		9836.000000		268435456
3549.000000		3724.000000		24493.000000		268435456
18989.000000		10933.000000		15349.000000		268435456
30428.000000		9377.000000		16537.000000		268435456
31436.000000		26640.000000		14877.000000		268435456
28184.000000		11442.000000		5746.000000		268435456
2299.000000		184.000000		20328.000000		268435456
5584.000000		28314.000000		21991.000000		268435456
10736.000000		13112.000000		23975.000000		268435456
18484.000000		21743.000000		27590.000000		268435456
18843.000000		31935.000000		8790.000000		268435456
17850.000000		27525.000000		9454.000000		268435456
10305.000000		16333.000000		17418.000000		268435456
2146.000000		29472.000000		19142.000000		268435456
32426.000000		27434.000000		8980.000000		268435456
328.000000		6725.000000		9270.000000		268435456
30876.000000		4590.000000		31453.000000		268435456
30734.000000		5232.000000		3994.000000		268435456
18589.000000		3012.000000		28333.000000		268435456
7177.000000		16410.000000		1062.000000		268435456
18739.000000		8363.000000		22490.000000		268435456
9529.000000		8523.000000		2482.000000		268435456
24339.000000		1507.000000		25742.000000		268435456
14185.000000		31156.000000		11240.000000		268435456
27906.000000		6600.000000		7593.000000		268435456
9240.000000		2181.000000		10821.000000		268435456
30043.000000		27334.000000		3951.000000		268435456
14316.000000		19319.000000		14459.000000		268435456
20083.000000		14770.000000		25585.000000		268435456
1772.000000		18374.000000		6919.000000		268435456
26184.000000		25130.000000		3971.000000		268435456
13994.000000		15627.000000		23065.000000		268435456
18255.000000		29633.000000		3740.000000		268435456
10275.000000		32057.000000		14633.000000		268435456
13108.000000		23853.000000		29155.000000		268435456
11019.000000		19495.000000		11210.000000		268435456
2535.000000		26288.000000		24682.000000		268435456
8879.000000		28276.000000		12438.000000		268435456
8786.000000		27496.000000		8504.000000		268435456
18627.000000		17054.000000		24905.000000		268435456
1923.000000		22873.000000		29880.000000		268435456
5286.000000		12457.000000		13163.000000		268435456
2104.000000		3655.000000		23464.000000		268435456
19983.000000		15274.000000		26390.000000		268435456
10.000000		15284.000000		11409.000000		268435456
2075.000000		24077.000000		2486.000000		268435456
2220.000000		9898.000000		23042.000000		268435456
15920.000000		25719.000000		20699.000000		268435456
9971.000000		26642.000000		23285.000000		268435456
7739.000000		1160.000000		30067.000000		268435456
23213.000000		22721.000000		5163.000000		268435456
17448.000000		17394.000000		12804.000000		268435456
2411.000000		8341.000000		15464.000000		268435456
22698.000000		14750.000000		9923.000000		268435456
23492.000000		548.000000		20171.000000		268435456
14771.000000		5587.000000		15513.000000		268435456
8647.000000		1266.000000		1470.000000		268435456
7455.000000		32669.000000		15470.000000		268435456
32396.000000		7729.000000		24115.000000		268435456
3720.000000		1256.000000		16990.000000		268435456
17451.000000		31850.000000		5669.000000		268435456
20286.000000		26632.000000		3227.000000		268435456
24703.000000		13482.000000		19090.000000		268435456
3024.000000		20644.000000		29740.000000		268435456
20603.000000		20486.000000		6259.000000		268435456
7349.000000		8002.000000		12749.000000		268435456
4867.000000		11918.000000		16728.000000		268435456
12263.000000		10727.000000		31633.000000		268435456
21890.000000		28945.000000		8112.000000		268435456
22425.000000		19838.000000		6177.000000		268435456
25524.000000		11575.000000		32745.000000		268435456
7761.000000		21262.000000		19111.000000		268435456
4448.000000		10203.000000		2790.000000		268435456
31490.000000		30950.000000		1734.000000		268435456
12275.000000		16308.000000		9093.000000		268435456
24575.000000		20285.000000		15921.000000		268435456
31544.000000		9899.000000		15400.000000		268435456
13796.000000		21769.000000		25020.000000		268435456
4014.000000		4712.000000		2679.000000		268435456
28610.000000		11500.000000		28155.000000		268435456
16922.000000		15620.000000		28384.000000		268435456
6192.000000		11146.000000		8144.000000		268435456
25457.000000		29924.000000		12924.000000		268435456
20239.000000		14255.000000		18290.000000		268435456
27950.000000		10012.000000		14685.000000		268435456
15915.000000		18950.000000		12503.000000		268435456
4525.000000		20992.000000		16502.000000		268435456
7925.000000		7498.000000		20098.000000		268435456
2338.000000		13722.000000		1435.000000		268435456
5645.000000		8517.000000		20521.000000		268435456
32583.000000		30271.000000		7504.000000		268435456
31067.000000		20980.000000		8367.000000		268435456
3797.000000		18830.000000		3413.000000		268435456
7132.000000		420.000000		32608.000000		268435456
3939.000000		16484.000000		21556.000000		268435456
1661.000000		16362.000000		5751.000000		268435456
28484.000000		24757.000000		9544.000000		268435456
10122.000000		8385.000000		9554.000000		268435456
13937.000000		6224.000000		7659.000000		268435456
2728.000000		3639.000000		7910.000000		268435456
28852.000000		11757.000000		25545.000000		268435456
10574.000000		21608.000000		3403.000000		268435456
27769.000000		18462.000000		17811.000000		268435456
26676.000000		2754.000000		12665.000000		268435456
18720.000000		31222.000000		28297.000000		268435456
28735.000000		11966.000000		17039.000000		268435456
2723.000000		4993.000000		21128.000000		268435456
20930.000000		920.000000		29240.000000		268435456
8676.000000		18538.000000		31654.000000		268435456
22326.000000		26539.000000		1039.000000		268435456
24585.000000		10588.000000		9099.000000		268435456
10423.000000		7034.000000		25614.000000		268435456
28842.000000		31998.000000		20982.000000		268435456
29668.000000		16268.000000		19561.000000		268435456
2496.000000		19362.000000		26423.000000		268435456
17400.000000		26025.000000		17771.000000		268435456
20885.000000		31994.000000		21647.000000		268435456
9265.000000		18201.000000		10789.000000		268435456
23076.000000		18800.000000		7589.000000		268435456
6886.000000		21744.000000		29468.000000		268435456
20140.000000		2294.000000		26010.000000		268435456
5592.000000		14484.000000		25646.000000		268435456
23395.000000		10088.000000		3934.000000		268435456
4252.000000		18931.000000		28009.000000		268435456
16520.000000		19158.000000		11352.000000		268435456
9279.000000		20018.000000		9870.000000		268435456
14668.000000		4688.000000		25985.000000		268435456
23399.000000		19638.000000		23408.000000		268435456
13377.000000		21511.000000		2676.000000		268435456
10395.000000		16846.000000		13166.000000		268435456
7768.000000		30698.000000		20276.000000		268435456
17542.000000		15728.000000		10432.000000		268435456
661.000000		2043.000000		19595.000000		268435456
6212.000000		25035.000000		21580.000000		268435456
20472.000000		25109.000000		24655.000000		268435456
15395.000000		2193.000000		6457.000000		268435456
1113.000000		12002.000000		25081.000000		268435456
3414.000000		26441.000000		1918.000000		268435456
5665.000000		28708.000000		5446.000000		268435456
32144.000000		10769.000000		28450.000000		268435456
4133.000000		11433.000000		10213.000000		268435456
5512.000000		31116.000000		9702.000000		268435456
14869.000000		2685.000000		10327.000000		268435456
16325.000000		3066.000000		32651.000000		268435456
11578.000000		6199.000000		5006.000000		268435456
25424.000000		2728.000000		31991.000000		268435456
10356.000000		11382.000000		9204.000000		268435456
11801.000000		3128.000000		20709.000000		268435456
10167.000000		12006.000000		18391.000000		268435456
15670.000000		31089.000000		6375.000000		268435456
642.000000		24683.000000		24179.000000		268435456
9536.000000		13727.000000		8158.000000		268435456
29180.000000		24640.000000		25105.000000		268435456
18296.000000		9378.000000		15157.000000		268435456
10937.000000		18979.000000		19187.000000		268435456
28805.000000		30780.000000		26242.000000		268435456
32605.000000		28154.000000		2567.000000		268435456
991.000000		23371.000000		14686.000000		268435456
6289.000000		23397.000000		19345.000000		268435456
840.000000		27872.000000		16783.000000		268435456
1034.000000		23605.000000		4431.000000		268435456
9184.000000		22143.000000		16346.000000		268435456
32654.000000		3797.000000		28875.000000		268435456
27321.000000		28650.000000		20504.000000		268435456
17981.000000		11763.000000		11727.000000		268435456
2294.000000		10302.000000		13661.000000		268435456
5515.000000		17683.000000		21044.000000		268435456
29653.000000		8020.000000		26972.000000		268435456
27814.000000		10711.000000		7053.000000		268435456
3902.000000		19360.000000		14923.000000		268435456
1093.000000		8213.000000		27737.000000		268435456
16801.000000		2049.000000		17640.000000		268435456
30227.000000		8992.000000		12731.000000		268435456
32339.000000		16963.000000		123.000000		268435456
21034.000000		30916.000000		12274.000000		268435456
20390.000000		3652.000000		28907.000000		268435456
18019.000000		743.000000		14082.000000		268435456
15467.000000		27382.000000		30512.000000		268435456
20067.000000		19158.000000		11852.000000		268435456
7340.000000		23987.000000		13016.000000		268435456
29868.000000		3480.000000		269.000000		268435456
8114.000000		32165.000000		1876.000000		268435456
19487.000000		13034.000000		3829.000000		268435456
31162.000000		27693.000000		11841.000000		268435456
18090.000000		8366.000000		11096.000000		268435456
31206.000000		22663.000000		23542.000000		268435456
14625.000000		23273.000000		15017.000000		268435456
14669.000000		23593.000000		28146.000000		268435456
1387.000000		25778.000000		28986.000000		268435456
14899.000000		2694.000000		29446.000000		268435456
23435.000000		28827.000000		26493.000000		268435456
15062.000000		19008.000000		11085.000000		268435456
5944.000000		12150.000000		30513.000000		268435456
16720.000000		18158.000000		29263.000000		268435456
17132.000000		648.000000		29257.000000		268435456
3705.000000		20989.000000		28645.000000		268435456
2757.000000		4749.000000		3949.000000		268435456
17370.000000		11866.000000		31924.000000		268435456
14472.000000		24337.000000		12634.000000		268435456
11524.000000		21987.000000		27997.000000		268435456
32668.000000		21005.000000		17822.000000		268435456
22256.000000		6362.000000		942.000000		268435456
15079.000000		20942.000000		11352.000000		268435456
46.000000		22207.000000		10113.000000		268435456
6086.000000		16263.000000		15873.000000		268435456
782.000000		19816.000000		20741.000000		268435456
20640.000000		23337.000000		25972.000000		268435456
14096.000000		26160.000000		19621.000000		268435456
24252.000000		13638.000000		13224.000000		268435456
31022.000000		21132.000000		17614.000000		268435456
15974.000000		15930.000000		8150.000000		268435456
8936.000000		115.000000		22589.000000		268435456
20876.000000		11720.000000		8713.000000		268435456
17948.000000		17486.000000		932.000000		268435456
27730.000000		229.000000		20293.000000		268435456
6156.000000		22899.000000		23485.000000		268435456
29775.000000		13178.000000		26057.000000		268435456
8218.000000		23388.000000		4394.000000		268435456
1650.000000		14898.000000		7448.000000		268435456
3883.000000		26896.000000		2483.000000		268435456
8394.000000		9399.000000		24777.000000		268435456
10932.000000		4475.000000		4800.000000		268435456
9363.000000		19179.000000		11868.000000		268435456
715.000000		17070.000000		24353.000000		268435456
31330.000000		2049.000000		28017.000000		268435456
19684.000000		3891.000000		13955.000000		268435456
1354.000000		23676.000000		5957.000000		268435456
17663.000000		1025.000000		1824.000000		268435456
13124.000000		27777.000000		11580.000000		268435456
30057.000000		20149.000000		31371.000000		268435456
10312.000000		16902.000000		10202.000000		268435456
18791.000000		26390.000000		21682.000000		268435456
3797.000000		4796.000000		32388.000000		268435456
26979.000000		8207.000000		20576.000000		268435456
21470.000000		6084.000000		32219.000000		268435456
8045.000000		17317.000000		28390.000000		268435456
19799.000000		22935.000000		9615.000000		268435456
31026.000000		31379.000000		22716.000000		268435456
20942.000000		15523.000000		2038.000000		268435456
6333.000000		2965.000000		2866.000000		268435456
27869.000000		11149.000000		29913.000000		268435456
14225.000000		18308.000000		13191.000000		268435456
28501.000000		539.000000		26154.000000		268435456
22533.000000		3792.000000		21004.000000		268435456
27504.000000		26670.000000		162.000000		268435456
3821.000000		4611.000000		8207.000000		268435456
3189.000000		11859.000000		21370.000000		268435456
17390.000000		4681.000000		18889.000000		268435456
30338.000000		1498.000000		10683.000000		268435456
20747.000000		18488.000000		27015.000000		268435456
18054.000000		11381.000000		1238.000000		268435456
6745.000000		1610.000000		25530.000000		268435456
13202.000000		26559.000000		2956.000000		268435456
7385.000000		31171.000000		23490.000000		268435456
2558.000000		1869.000000		10566.000000		268435456
8158.000000		26625.000000		1924.000000		268435456
3616.000000		9232.000000		6505.000000		268435456
13971.000000		16228.000000		15408.000000		268435456
6016.000000		2600.000000		30552.000000		268435456
10113.000000		6733.000000		14528.000000		268435456
14035.000000		13959.000000		30486.000000		268435456
11802.000000		14313.000000		792.000000		268435456
18467.000000		9195.000000		29642.000000		268435456
28342.000000		16837.000000		13011.000000		268435456
16360.000000		23324.000000		22679.000000		268435456
28560.000000		18008.000000		20759.000000		268435456
7428.000000		26738.000000		23931.000000		268435456
2455.000000		28681.000000		5902.000000		268435456
733.000000		3334.000000		30012.000000		268435456
6711.000000		32093.000000		23768.000000		268435456
26126.000000		19498.000000		27279.000000		268435456
23396.000000		10829.000000		2313.000000		268435456
15198.000000		26098.000000		23021.000000		268435456
14731.000000		25590.000000		21781.000000		268435456
3079.000000		30193.000000		17121.000000		268435456
22331.000000		5922.000000		21820.000000		268435456
879.000000		22914.000000		9906.000000		268435456
15517.000000		32604.000000		29389.000000		268435456
18910.000000		17197.000000		25517.000000		268435456
1304.000000		24454.000000		32222.000000		268435456
7387.000000		2312.000000		901.000000		268435456
18353.000000		20019.000000		14278.000000		268435456
24883.000000		23082.000000		22653.000000		268435456
1806.000000		3886.000000		18946.000000		268435456
13276.000000		11139.000000		22619.000000		268435456
15387.000000		8437.000000		5446.000000		268435456
5671.000000		26297.000000		30035.000000		268435456
6854.000000		19.000000		13038.000000		268435456
1802.000000		17882.000000		5231.000000		268435456
4694.000000		31643.000000		30477.000000		268435456
32357.000000		23813.000000		32280.000000		268435456
21304.000000		7482.000000		19390.000000		268435456
8329.000000		12119.000000		4305.000000		268435456
25189.000000		27789.000000		28309.000000		268435456
28529.000000		24247.000000		26437.000000		268435456
1705.000000		2247.000000		32569.000000		268435456
3181.000000		7781.000000		23087.000000		268435456
13934.000000		1228.000000		31372.000000		268435456
6191.000000		7757.000000		7119.000000		268435456
11493.000000		28996.000000		16370.000000		268435456
14449.000000		14733.000000		28130.000000		268435456
916.000000		23901.000000		9873.000000		268435456
4534.000000		23735.000000		29783.000000		268435456
10684.000000		8750.000000		1699.000000		268435456
26840.000000		26798.000000		13883.000000		268435456
25876.000000		22008.000000		32558.000000		268435456
29526.000000		23859.000000		19345.000000		268435456
16322.000000		7105.000000		15045.000000		268435456
28322.000000		25212.000000		21007.000000		268435456
30115.000000		30961.000000		5654.000000		268435456
13798.000000		27498.000000		23541.000000		268435456
10050.000000		15876.000000		24947.000000		268435456
2802.000000		12859.000000		29568.000000		268435456
25350.000000		12390.000000		4768.000000		268435456
29266.000000		20426.000000		21156.000000		268435456
1410.000000		21270.000000		11904.000000		268435456
11199.000000		12732.000000		25101.000000		268435456
6129.000000		14505.000000		2690.000000		268435456
18277.000000		20005.000000		17308.000000		268435456
16445.000000		1210.000000		21462.000000		268435456
28089.000000		13206.000000		27612.000000		268435456
6180.000000		31728.000000		7889.000000		268435456
29395.000000		2699.000000		27423.000000		268435456
26973.000000		2336.000000		11025.000000		268435456
3966.000000		22953.000000		21062.000000		268435456
27332.000000		17210.000000		6457.000000		268435456
27017.000000		28771.000000		26720.000000		268435456
16120.000000		4854.000000		5468.000000		268435456
16893.000000		21456.000000		32163.000000		268435456
12022.000000		26756.000000		1400.000000		268435456
31544.000000		30672.000000		23919.000000		268435456
31629.000000		20654.000000		11658.000000		268435456
553.000000		741.000000		1111.000000		268435456
14018.000000		30252.000000		800.000000		268435456
19743.000000		25922.000000		8294.000000		268435456
29311.000000		1809.000000		10359.000000		268435456
26594.000000		15354.000000		20765.000000		268435456
17446.000000		24484.000000		19340.000000		268435456
14360.000000		24410.000000		27093.000000		268435456
13522.000000		4868.000000		32673.000000		268435456
5664.000000		10196.000000		29842.000000		268435456
17527.000000		16219.000000		10275.000000		268435456
21989.000000		30467.000000		11370.000000		268435456
14884.000000		24217.000000		16897.000000		268435456
14432.000000		31403.000000		28164.000000		268435456
9728.000000		17896.000000		21707.000000		268435456
18875.000000		32205.000000		484.000000		268435456
18925.000000		5464.000000		10031.000000		268435456
14675.000000		32.000000		30587.000000		268435456
9172.000000		18040.000000		2736.000000		268435456
4111.000000		18060.000000		22841.000000		268435456
8442.000000		9167.000000		16565.000000		268435456
7877.000000		14206.000000		8456.000000		268435456
9206.000000		3193.000000		12086.000000		268435456
24992.000000		11313.000000		20997.000000		268435456
3879.000000		20055.000000		26034.000000		268435456
14026.000000		31797.000000		18253.000000		268435456
941.000000		26247.000000		25403.000000		268435456
30149.000000		31463.000000		28981.000000		268435456
2395.000000		27432.000000		13491.000000		268435456
559.000000		30355.000000		12621.000000		268435456
28192.000000		4758.000000		28305.000000		268435456
12279.000000		6001.000000		6900.000000		268435456
27593.000000		2975.000000		18381.000000		268435456
2079.000000		20676.000000		24948.000000		268435456
6456.000000		30561.000000		17339.000000		268435456
1185.000000		194.000000		32213.000000		268435456
26724.000000		8398.000000		30462.000000		268435456
32532.000000		27660.000000		26089.000000		268435456
1206.000000		22289.000000		6118.000000		268435456
8486.000000		2013.000000		23362.000000		268435456
23971.000000		26436.000000		17605.000000		268435456
30465.000000		4674.000000		13331.000000		268435456
6035.000000		26417.000000		19242.000000		268435456
9011.000000		23023.000000		22820.000000		268435456
4470.000000		9758.000000		20736.000000		268435456
28860.000000		24464.000000		23400.000000		268435456
14231.000000		31185.000000		7425.000000		268435456
27462.000000		14506.000000		18643.000000		268435456
3207.000000		3406.000000		28165.000000		268435456
3761.000000		24680.000000		7037.000000		268435456
14140.000000		9209.000000		26887.000000		268435456
22142.000000		31972.000000		3904.000000		268435456
4533.000000		16169.000000		13314.000000		268435456
19140.000000		8137.000000		10571.000000		268435456
13764.000000		3408.000000		26611.000000		268435456
27557.000000		16239.000000		6752.000000		268435456
28109.000000		20791.000000		11929.000000		268435456
23942.000000		8627.000000		12222.000000		268435456
19864.000000		21772.000000		12501.000000		268435456
18299.000000		17466.000000		4059.000000		268435456
7050.000000		20534.000000		183.000000		268435456
17051.000000		1512.000000		22403.000000		268435456
11491.000000		14364.000000		30353.000000		268435456
21572.000000		936.000000		8437.000000		268435456
30671.000000		4975.000000		6836.000000		268435456
1643.000000		20196.000000		25105.000000		268435456
29807.000000		25748.000000		15771.000000		268435456
6291.000000		28208.000000		12220.000000		268435456
547.000000		27452.000000		24240.000000		268435456
18695.000000		2333.000000		9208.000000		268435456
30911.000000		9816.000000		1524.000000		268435456
10584.000000		17973.000000		12658.000000		268435456
25965.000000		30425.000000		20268.000000		268435456
8797.000000		20095.000000		27241.000000		268435456
16748.000000		22796.000000		9572.000000		268435456
2855.000000		11303.000000		31292.000000		268435456
17648.000000		11627.000000		9191.000000		268435456
21407.000000		25122.000000		6150.000000		268435456
25284.000000		19258.000000		19961.000000		268435456
3787.000000		14554.000000		24075.000000		268435456
2440.000000		26190.000000		24826.000000		268435456
29168.000000		24653.000000		1259.000000		268435456
3488.000000		32452.000000		31935.000000		268435456
29962.000000		16933.000000		21195.000000		268435456
11046.000000		27810.000000		19510.000000		268435456
30288.000000		16047.000000		28156.000000		268435456
29061.000000		29324.000000		19648.000000		268435456
26042.000000		9662.000000		32714.000000		268435456
12937.000000		27159.000000		23741.000000		268435456
24265.000000		6364.000000		32624.000000		268435456
19710.000000		24930.000000		27198.000000		268435456
1540.000000		13909.000000		26218.000000		268435456
28478.000000		13560.000000		223.000000		268435456
19674.000000		1285.000000		18078.000000		268435456
18488.000000		8749.000000		8751.000000		268435456
14838.000000		9966.000000		4106.000000		268435456
7641.000000		19829.000000		22070.000000		268435456
19747.000000		27899.000000		5894.000000		268435456
30174.000000		5469.000000		18937.000000		268435456
23887.000000		4227.000000		27953.000000		268435456
31348.000000		5685.000000		12292.000000		268435456
13394.000000		10086.000000		11938.000000		268435456
5686.000000		19344.000000		31598.000000		268435456
32645.000000		28122.000000		20988.000000		268435456
31592.000000		5147.000000		1996.000000		268435456
15693.000000		19777.000000		9582.000000		268435456
30845.000000		20866.000000		24841.000000		268435456
28443.000000		10658.000000		15305.000000		268435456
12362.000000		16727.000000		13358.000000		268435456
21664.000000		1945.000000		29748.000000		268435456
5758.000000		19770.000000		3690.000000		268435456
8225.000000		6868.000000		19492.000000		268435456
297.000000		16304.000000		519.000000		268435456
15656.000000		20870.000000		7837.000000		268435456
18041.000000		22642.000000		8464.000000		268435456
14859.000000		2888.000000		9457.000000		268435456
18949.000000		30224.000000		3017.000000		268435456
31232.000000		27240.000000		19572.000000		268435456
7986.000000		17478.000000		9557.000000		268435456
22710.000000		9366.000000		4570.000000		268435456
3730.000000		25936.000000		27415.000000		268435456
10667.000000		29798.000000		24124.000000		268435456
27223.000000		12832.000000		31662.000000		268435456
19639.000000		24367.000000		11003.000000		268435456
16941.000000		16453.000000		8356.000000		268435456
16003.000000		31524.000000		18677.000000		268435456
16662.000000		11746.000000		14882.000000		268435456
26342.000000		20411.000000		23756.000000		268435456
24606.000000		4874.000000		20044.000000		268435456
16481.000000		24259.000000		17706.000000		268435456
12030.000000		13653.000000		17931.000000		268435456
6955.000000		28340.000000		334.000000		268435456
20495.000000		1423.000000		8051.000000		268435456
909.000000		24350.000000		7487.000000		268435456
30486.000000		22737.000000		8716.000000		268435456
1671.000000		13891.000000		30328.000000		268435456
21196.000000		1378.000000		31645.000000		268435456
232.000000		17217.000000		9976.000000		268435456
22331.000000		24877.000000		11346.000000		268435456
9317.000000		12890.000000		24035.000000		268435456
29501.000000		25276.000000		24398.000000		268435456
15191.000000		22829.000000		13387.000000		268435456
26047.000000		9961.000000		18702.000000		268435456
16161.000000		24337.000000		29109.000000		268435456
14240.000000		11470.000000		30500.000000		268435456
24178.000000		18890.000000		1898.000000		268435456
25918.000000		1689.000000		13618.000000		268435456
26585.000000		28997.000000		6858.000000		268435456
3850.000000		22860.000000		22834.000000		268435456
621.000000		32045.000000		5643.000000		268435456
10946.000000		7829.000000		32106.000000		268435456
371.000000		25966.000000		13353.000000		268435456
14111.000000		826.000000		30878.000000		268435456
16709.000000		2826.000000		10235.000000		268435456
29210.000000		16862.000000		21853.000000		268435456
10990.000000		28865.000000		10149.000000		268435456
5648.000000		19702.000000		12157.000000		268435456
2350.000000		29563.000000		7394.000000		268435456
15478.000000		19538.000000		19236.000000		268435456
5356.000000		12422.000000		20434.000000		268435456
17622.000000		12678.000000		31470.000000		268435456
22588.000000		7155.000000		25943.000000		268435456
5447.000000		17427.000000		4874.000000		268435456
3712.000000		13243.000000		19242.000000		268435456
17836.000000		20771.000000		17780.000000		268435456
19793.000000		19580.000000		31526.000000		268435456
22869.000000		29747.000000		26502.000000		268435456
21812.000000		15080.000000		11391.000000		268435456
8914.000000		1285.000000		23448.000000		268435456
14918.000000		10552.000000		25824.000000		268435456
23585.000000		27813.000000		14709.000000		268435456
29790.000000		19012.000000		13475.000000		268435456
29055.000000		18032.000000		26303.000000		268435456
9052.000000		25622.000000		4259.000000		268435456
1916.000000		4960.000000		11420.000000		268435456
16291.000000		27145.000000		342.000000		268435456
29990.000000		13566.000000		2632.000000		268435456
22501.000000		8915.000000		4651.000000		268435456
20840.000000		13012.000000		7261.000000		268435456
13515.000000		12563.000000		23919.000000		268435456
24301.000000		18478.000000		32489.000000		268435456
4141.000000		21812.000000		4121.000000		268435456
9262.000000		12689.000000		9399.000000		268435456
20679.000000		30143.000000		7758.000000		268435456
25962.000000		30765.000000		18507.000000		268435456
15534.000000		30593.000000		27779.000000		268435456
5311.000000		24372.000000		27523.000000		268435456
9215.000000		16642.000000		14977.000000		268435456
12448.000000		27108.000000		24803.000000		268435456
29300.000000		32068.000000		29883.000000		268435456
848.000000		661.000000		9708.000000		268435456
12768.000000		24520.000000		1460.000000		268435456
22073.000000		27201.000000		30738.000000		268435456
8397.000000		24642.000000		9315.000000		268435456
560.000000		5423.000000		5679.000000		268435456
26534.000000		11919.000000		15837.000000		268435456
25092.000000		17609.000000		7808.000000		268435456
31797.000000		4026.000000		18352.000000		268435456
7916.000000		22479.000000		32148.000000		268435456
13925.000000		31554.000000		21928.000000		268435456
9904.000000		16734.000000		31925.000000		268435456
19072.000000		15325.000000		2302.000000		268435456
27045.000000		11392.000000		16044.000000		268435456
7261.000000		6490.000000		10272.000000		268435456
21194.000000		21836.000000		28664.000000		268435456
31816.000000		14732.000000		13716.000000		268435456
22191.000000		25013.000000		11212.000000		268435456
10623.000000		1075.000000		415.000000		268435456
1524.000000		21402.000000		10604.000000		268435456
16281.000000		31320.000000		17848.000000		268435456
22126.000000		23224.000000		15817.000000		268435456
19258.000000		11179.000000		10743.000000		268435456
25190.000000		10382.000000		11111.000000		268435456
30682.000000		21686.000000		29686.000000		268435456
16237.000000		16722.000000		12020.000000		268435456
27531.000000		18177.000000		23521.000000		268435456
22186.000000		27777.000000		16661.000000		268435456
18174.000000		6274.000000		28588.000000		268435456
26304.000000		11451.000000		13912.000000		268435456
12099.000000		18923.000000		21925.000000		268435456
7059.000000		23013.000000		19534.000000		268435456
5100.000000		11190.000000		30425.000000		268435456
667.000000		27076.000000		24370.000000		268435456
24474.000000		22520.000000		28426.000000		268435456
8831.000000		29331.000000		1459.000000		268435456
14891.000000		11114.000000		25383.000000		268435456
13105.000000		20546.000000		14513.000000		268435456
19188.000000		21032.000000		24704.000000		268435456
28621.000000		24665.000000		2830.000000		268435456
20177.000000		19727.000000		30261.000000		268435456
19922.000000		20924.000000		23022.000000		268435456
10482.000000		23241.000000		10123.000000		268435456
7584.000000		23747.000000		22507.000000		268435456
9901.000000		31719.000000		28969.000000		268435456
17983.000000		11608.000000		30254.000000		268435456
19900.000000		27540.000000		13427.000000		268435456
724.000000		11304.000000		1138.000000		268435456
2482.000000		28360.000000		17270.000000		268435456
21072.000000		29955.000000		32086.000000		268435456
14477.000000		23047.000000		19753.000000		268435456
14912.000000		30712.000000		26247.000000		268435456
16294.000000		12817.000000		23785.000000		268435456
9161.000000		20447.000000		1198.000000		268435456
18814.000000		26117.000000		20859.000000		268435456
1582.000000		5188.000000		28964.000000		268435456
25100.000000		25067.000000		28410.000000		268435456
21624.000000		9713.000000		29657.000000		268435456
10903.000000		11947.000000		19579.000000		268435456
19479.000000		31886.000000		28149.000000		268435456
8014.000000		4292.000000		10576.000000		268435456
24722.000000		8458.000000		12820.000000		268435456
14354.000000		10612.000000		32555.000000		268435456
9379.000000		5073.000000		27957.000000		268435456
23342.000000		5641.000000		15764.000000		268435456
19279.000000		12022.000000		20398.000000		268435456
29682.000000		30607.000000		20589.000000		268435456
15328.000000		29651.000000		1991.000000		268435456
22638.000000		16674.000000		13947.000000		268435456
18884.000000		28899.000000		26567.000000		268435456
20676.000000		13695.000000		20010.000000		268435456
32192.000000		22442.000000		20375.000000		268435456
22462.000000		11443.000000		28173.000000		268435456
4095.000000		17427.000000		13901.000000		268435456
24499.000000		8436.000000		11201.000000		268435456
19160.000000		28045.000000		2611.000000		268435456
22501.000000		11792.000000		12091.000000		268435456
7272.000000		20420.000000		7730.000000		268435456
11729.000000		12521.000000		27058.000000		268435456
12631.000000		7132.000000		4516.000000		268435456
25395.000000		7424.000000		20128.000000		268435456
7511.000000		17503.000000		7154.000000		268435456
23716.000000		31743.000000		4747.000000		268435456
26180.000000		1393.000000		30610.000000		268435456
5669.000000		28598.000000		18070.000000		268435456
19696.000000		14304.000000		24644.000000		268435456
16879.000000		2327.000000		14609.000000		268435456
31483.000000		22823.000000		18071.000000		268435456
19289.000000		26380.000000		8828.000000		268435456
24391.000000		19333.000000		3871.000000		268435456
6850.000000		26165.000000		9138.000000		268435456
2793.000000		14507.000000		32227.000000		268435456
6325.000000		18177.000000		17733.000000		268435456
24240.000000		1722.000000		24303.000000		268435456
7620.000000		8596.000000		20778.000000		268435456
23942.000000		17026.000000		8976.000000		268435456
2515.000000		22389.000000		22340.000000		268435456
4709.000000		4931.000000		5144.000000		268435456
30911.000000		261.000000		17012.000000		268435456
14484.000000		2907.000000		1607.000000		268435456
17327.000000		10530.000000		26422.000000		268435456
19294.000000		18090.000000		5291.000000		268435456
1388.000000		5004.000000		13812.000000		268435456
24214.000000		4758.000000		5267.000000		268435456
32146.000000		23262.000000		2704.000000		268435456
13165.000000		9451.000000		4199.000000		268435456
16768.000000		31036.000000		16353.000000		268435456
30098.000000		32275.000000		21636.000000		268435456
31553.000000		23311.000000		2314.000000		268435456
31384.000000		18525.000000		30962.000000		268435456
22006.000000		32082.000000		27639.000000		268435456
21001.000000		10559.000000		26887.000000		268435456
29793.000000		24941.000000		24427.000000		268435456
32442.000000		23267.000000		18008.000000		268435456
14749.000000		24208.000000		21597.000000		268435456
25142.000000		21340.000000		13956.000000		268435456
5421.000000		7423.000000		9622.000000		268435456
18780.000000		3155.000000		17347.000000		268435456
15077.000000		25052.000000		22995.000000		268435456
13703.000000		30992.000000		1593.000000		268435456
1115.000000		21071.000000		9173.000000		268435456
32721.000000		12838.000000		24700.000000		268435456
31974.000000		2840.000000		26912.000000		268435456
23640.000000		9521.000000		17366.000000		268435456
6731.000000		26096.000000		9060.000000		268435456
8592.000000		31841.000000		16674.000000		268435456
13233.000000		6211.000000		31163.000000		268435456
7158.000000		17615.000000		12633.000000		268435456
13681.000000		3890.000000		17985.000000		268435456
12501.000000		27587.000000		3368.000000		268435456
11226.000000		6865.000000		12728.000000		268435456
13011.000000		19073.000000		11562.000000		268435456
22532.000000		12066.000000		29234.000000		268435456
8570.000000		29999.000000		13460.000000		268435456
26949.000000		19270.000000		23284.000000		268435456
10501.000000		11507.000000		26233.000000		268435456
31464.000000		1992.000000		6934.000000		268435456
10769.000000		32348.000000		10741.000000		268435456
26928.000000		29465.000000		5507.000000		268435456
26884.000000		3247.000000		7127.000000		268435456
16856.000000		20379.000000		30831.000000		268435456
21318.000000		8122.000000		19621.000000		268435456
21377.000000		2247.000000		29529.000000		268435456
7332.000000		3371.000000		16403.000000		268435456
31958.000000		23880.000000		29231.000000		268435456
24948.000000		22438.000000		32576.000000		268435456
10064.000000		23093.000000		26936.000000		268435456
2640.000000		11539.000000		8534.000000		268435456
8919.000000		26532.000000		20675.000000		268435456
29829.000000		6865.000000		9828.000000		268435456
11959.000000		24906.000000		16601.000000		268435456
28296.000000		10712.000000		28290.000000		268435456
12714.000000		5614.000000		31837.000000		268435456
31246.000000		28141.000000		2985.000000		268435456
17881.000000		7884.000000		30813.000000		268435456
3485.000000		14968.000000		14022.000000		268435456
7977.000000		23625.000000		22405.000000		268435456
19882.000000		29849.000000		24803.000000		268435456
16688.000000		6011.000000		15093.000000		268435456
31146.000000		11663.000000		16261.000000		268435456
18339.000000		24696.000000		226.000000		268435456
9110.000000		8591.000000		24470.000000		268435456
32539.000000		20331.000000		24272.000000		268435456
18645.000000		13982.000000		19561.000000		268435456
1416.000000		25306.000000		2117.000000		268435456
6542.000000		29707.000000		16570.000000		268435456
28839.000000		24486.000000		5188.000000		268435456
14279.000000		30362.000000		13762.000000		268435456
24149.000000		26537.000000		25334.000000		268435456
2534.000000		28286.000000		2224.000000		268435456
9628.000000		514.000000		12864.000000		268435456
29800.000000		2999.000000		26915.000000		268435456
28866.000000		7278.000000		11074.000000		268435456
31979.000000		12915.000000		25475.000000		268435456
10187.000000		12095.000000		19441.000000		268435456
3295.000000		13430.000000		12351.000000		268435456
4138.000000		13767.000000		30532.000000		268435456
21627.000000		28097.000000		3426.000000		268435456
12693.000000		11107.000000		31667.000000		268435456
16073.000000		20972.000000		23040.000000		268435456
14650.000000		16733.000000		21235.000000		268435456
3554.000000		1265.000000		861.000000		268435456
3007.000000		7258.000000		3897.000000		268435456
8888.000000		21844.000000		8681.000000		268435456
19420.000000		10271.000000		10604.000000		268435456
13815.000000		9969.000000		30815.000000		268435456
7796.000000		1736.000000		256.000000		268435456
28654.000000		25816.000000		29101.000000		268435456
13926.000000		23747.000000		10624.000000		268435456
27511.000000		13818.000000		19051.000000		268435456
411.000000		19761.000000		27376.000000		268435456
21594.000000		17307.000000		22799.000000		268435456
32254.000000		29311.000000		29056.000000		268435456
2977.000000		12734.000000		29723.000000		268435456
6234.000000		3404.000000		24148.000000		268435456
7378.000000		18697.000000		22523.000000		268435456
20560.000000		6147.000000		3656.000000		268435456
25874.000000		3798.000000		13909.000000		268435456
1002.000000		30628.000000		19708.000000		268435456
10642.000000		29538.000000		22245.000000		268435456
2675.000000		12985.000000		6537.000000		268435456
3298.000000		10090.000000		30286.000000		268435456
31132.000000		32111.000000		28591.000000		268435456
27381.000000		24964.000000		26977.000000		268435456
24855.000000		5695.000000		859.000000		268435456
12798.000000		12577.000000		3012.000000		268435456
18475.000000		28850.000000		21974.000000		268435456
25202.000000		16377.000000		14084.000000		268435456
5619.000000		5156.000000		21250.000000		268435456
2759.000000		25674.000000		31606.000000		268435456
6212.000000		29333.000000		2662.000000		268435456
25560.000000		30016.000000		9849.000000		268435456
26222.000000		24546.000000		27391.000000		268435456
14572.000000		16459.000000		23016.000000		268435456
13395.000000		19459.000000		31245.000000		268435456
4813.000000		6495.000000		9958.000000		268435456
8075.000000		796.000000		7257.000000		268435456
16260.000000		6474.000000		21076.000000		268435456
25487.000000		3205.000000		1697.000000		268435456
22660.000000		1192.000000		13184.000000		268435456
794.000000		24088.000000		5421.000000		268435456
26479.000000		23322.000000		3571.000000		268435456
9288.000000		2912.000000		29637.000000		268435456
19902.000000		459.000000		28013.000000		268435456
27164.000000		28799.000000		30323.000000		268435456
11757.000000		11624.000000		30573.000000		268435456
20847.000000		9964.000000		6364.000000		268435456
21763.000000		28444.000000		26585.000000		268435456
20598.000000		26195.000000		7443.000000		268435456
6527.000000		25894.000000		5789.000000		268435456
32613.000000		24119.000000		1074.000000		268435456
24864.000000		23333.000000		603.000000		268435456
13785.000000		9520.000000		27175.000000		268435456
4349.000000		28471.000000		137.000000		268435456
7176.000000		8409.000000		31592.000000		268435456
9187.000000		26734.000000		28041.000000		268435456
32752.000000		21958.000000		5777.000000		268435456
4344.000000		8282.000000		6048.000000		268435456
7675.000000		28953.000000		1312.000000		268435456
8469.000000		1164.000000		13785.000000		268435456
18891.000000		9622.000000		24000.000000		268435456
23378.000000		5723.000000		6197.000000		268435456
20277.000000		13377.000000		26601.000000		268435456
25015.000000		15975.000000		28858.000000		268435456
19595.000000		15595.000000		3006.000000		268435456
32026.000000		5752.000000		11579.000000		268435456
32460.000000		19774.000000		19053.000000		268435456
17281.000000		18383.000000		26610.000000		268435456
19791.000000		9500.000000		14974.000000		268435456
18092.000000		5393.000000		2370.000000		268435456
9730.000000		23931.000000		24792.000000		268435456
8343.000000		28226.000000		24378.000000		268435456
15453.000000		6911.000000		19043.000000		268435456
4617.000000		21139.000000		16305.000000		268435456
19599.000000		18430.000000		21387.000000		268435456
19342.000000		5878.000000		20503.000000		268435456
29076.000000		2480.000000		25107.000000		268435456
29555.000000		14758.000000		23109.000000		268435456
14385.000000		21186.000000		19201.000000		268435456
7070.000000		2605.000000		14331.000000		268435456
12817.000000		10627.000000		381.000000		268435456
12365.000000		27285.000000		26314.000000		268435456
13169.000000		599.000000		19712.000000		268435456
1320.000000		6585.000000		21659.000000		268435456
27423.000000		32582.000000		29736.000000		268435456
6192.000000		8189.000000		30999.000000		268435456
30648.000000		3000.000000		22276.000000		268435456
31338.000000		28365.000000		27282.000000		268435456
20068.000000		14267.000000		11966.000000		268435456
7249.000000		22713.000000		23887.000000		268435456
1681.000000		30828.000000		25064.000000		268435456
4224.000000		2822.000000		29238.000000		268435456
15177.000000		6997.000000		25560.000000		268435456
16657.000000		29452.000000		30293.000000		268435456
32319.000000		22751.000000		15061.000000		268435456
9373.000000		18617.000000		18106.000000		268435456
8618.000000		5681.000000		23562.000000		268435456
17893.000000		9487.000000		1168.000000		268435456
13697.000000		8450.000000		23919.000000		268435456
32139.000000		26238.000000		13189.000000		268435456
18878.000000		4182.000000		23857.000000		268435456
8040.000000		32349.000000		20704.000000		268435456
10916.000000		2849.000000		15166.000000		268435456
9568.000000		27132.000000		31697.000000		268435456
11592.000000		4656.000000		11516.000000		268435456
8126.000000		24317.000000		30687.000000		268435456
4554.000000		7427.000000		7258.000000		268435456
30594.000000		26102.000000		14470.000000		268435456
19966.000000		29002.000000		31416.000000		268435456
26923.000000		3983.000000		20828.000000		268435456
3705.000000		11079.000000		1370.000000		268435456
7900.000000		28565.000000		10328.000000		268435456
13625.000000		331.000000		15456.000000		268435456
1779.000000		26298.000000		12308.000000		268435456
25703.000000		30461.000000		20093.000000		268435456
97.000000		20216.000000		19998.000000		268435456
2270.000000		1331.000000		19172.000000		268435456
18547.000000		10196.000000		30130.000000		268435456
11139.000000		16771.000000		22553.000000		268435456
19906.000000		14073.000000		31093.000000		268435456
24972.000000		23766.000000		18872.000000		268435456
14976.000000		1747.000000		14089.000000		268435456
21318.000000		29346.000000		2116.000000		268435456
15467.000000		4161.000000		5525.000000		268435456
19974.000000		10904.000000		9632.000000		268435456
23295.000000		32115.000000		27792.000000		268435456
315.000000		11497.000000		32193.000000		268435456
7362.000000		9102.000000		23154.000000		268435456
12258.000000		28010.000000		14009.000000		268435456
25284.000000		23976.000000		27421.000000		268435456
5836.000000		27720.000000		9261.000000		268435456
19874.000000		12098.000000		15382.000000		268435456
23922.000000		19204.000000		20939.000000		268435456
16816.000000		19782.000000		8421.000000		268435456
27215.000000		2799.000000		5482.000000		268435456
18453.000000		13359.000000		13373.000000		268435456
13554.000000		1636.000000		21710.000000		268435456
10501.000000		5870.000000		21172.000000		268435456
32592.000000		18536.000000		29770.000000		268435456
16210.000000		1441.000000		16946.000000		268435456
3315.000000		24198.000000		31417.000000		268435456
16396.000000		31803.000000		21864.000000		268435456
18975.000000		12019.000000		11391.000000		268435456
4342.000000		26796.000000		15592.000000		268435456
11783.000000		20836.000000		658.000000		268435456
24297.000000		29997.000000		32691.000000		268435456
19101.000000		29473.000000		17346.000000		268435456
389.000000		20152.000000		21340.000000		268435456
16813.000000		32560.000000		30130.000000		268435456
27581.000000		2261.000000		20497.000000		268435456
2626.000000		10675.000000		10306.000000		268435456
291.000000		30537.000000		22313.000000		268435456
25215.000000		10703.000000		6488.000000		268435456
13821.000000		11074.000000		774.000000		268435456
18802.000000		28596.000000		10318.000000		268435456
29838.000000		1299.000000		11628.000000		268435456
14745.000000		3225.000000		22384.000000		268435456
27665.000000		19626.000000		5532.000000		268435456
26625.000000		24788.000000		32582.000000		268435456
15966.000000		21053.000000		473.000000		268435456
21835.000000		2128.000000		10917.000000		268435456
1840.000000		1500.000000		28700.000000		268435456
21763.000000		30727.000000		9150.000000		268435456
1152.000000		4084.000000		6174.000000		268435456
9474.000000		24413.000000		22948.000000		268435456
18811.000000		3557.000000		13579.000000		268435456
4569.000000		13918.000000		17140.000000		268435456
28144.000000		32051.000000		22391.000000		268435456
18036.000000		32337.000000		3506.000000		268435456
10839.000000		25856.000000		28775.000000		268435456
5240.000000		11301.000000		5492.000000		268435456
21686.000000		16592.000000		27794.000000		268435456
4106.000000		3226.000000		4208.000000		268435456
19726.000000		24771.000000		8995.000000		268435456
5371.000000		16445.000000		30985.000000		268435456
10274.000000		13002.000000		7588.000000		268435456
1170.000000		16772.000000		15596.000000		268435456
23977.000000		1415.000000		26335.000000		268435456
4715.000000		20922.000000		31718.000000		268435456
31563.000000		8401.000000		11468.000000		268435456
7205.000000		14707.000000		28651.000000		268435456
28679.000000		22808.000000		9708.000000		268435456
6861.000000		4031.000000		17684.000000		268435456
31685.000000		23062.000000		25767.000000		268435456
3669.000000		18271.000000		886.000000		268435456
15681.000000		6813.000000		9086.000000		268435456
8813.000000		9113.000000		1566.000000		268435456
19617.000000		3669.000000		11059.000000		268435456
2458.000000		32399.000000		8610.000000		268435456
23362.000000		3017.000000		20531.000000		268435456
30313.000000		2330.000000		25083.000000		268435456
425.000000		19487.000000		14056.000000		268435456
1022.000000		28825.000000		31396.000000		268435456
19105.000000		14146.000000		9924.000000		268435456
5759.000000		12600.000000		30011.000000		268435456
14044.000000		10860.000000		16916.000000		268435456
4359.000000		23449.000000		10772.000000		268435456
30401.000000		24657.000000		3337.000000		268435456
539.000000		19174.000000		27509.000000		268435456
40.000000		26975.000000		22647.000000		268435456
26852.000000		17584.000000		22399.000000		268435456
1067.000000		1995.000000		30002.000000		268435456
17563.000000		20017.000000		19951.000000		268435456
11622.000000		5723.000000		6943.000000		268435456
3291.000000		15040.000000		24115.000000		268435456
2347.000000		12862.000000		15171.000000		268435456
19685.000000		9629.000000		30607.000000		268435456
7834.000000		32583.000000		5764.000000		268435456
13554.000000		15717.000000		2118.000000		268435456
3240.000000		23391.000000		31441.000000		268435456
23595.000000		4545.000000		23041.000000		268435456
9323.000000		285.000000		1766.000000		268435456
29404.000000		1078.000000		10471.000000		268435456
26440.000000		17075.000000		22778.000000		268435456
6140.000000		8992.000000		41.000000		268435456
10464.000000		32184.000000		9958.000000		268435456
13862.000000		8764.000000		8681.000000		268435456
25284.000000		32124.000000		32426.000000		268435456
2958.000000		26186.000000		31179.000000		268435456
7260.000000		1247.000000		25699.000000		268435456
7586.000000		16818.000000		8333.000000		268435456
13192.000000		31206.000000		16139.000000		268435456
9290.000000		7731.000000		7288.000000		268435456
25308.000000		31884.000000		6039.000000		268435456
16914.000000		29695.000000		7566.000000		268435456
10382.000000		24434.000000		9805.000000		268435456
30104.000000		10451.000000		17851.000000		268435456
15726.000000		21633.000000		6257.000000		268435456
26136.000000		20976.000000		27762.000000		268435456
11643.000000		30882.000000		27799.000000		268435456
20460.000000		27134.000000		2692.000000		268435456
27636.000000		4365.000000		20020.000000		268435456
14172.000000		26681.000000		26127.000000		268435456
31482.000000		4581.000000		2380.000000		268435456
30481.000000		22660.000000		32724.000000		268435456
794.000000		14618.000000		5456.000000		268435456
3327.000000		11310.000000		31323.000000		268435456
4440.000000		31172.000000		25218.000000		268435456
948.000000		2444.000000		2217.000000		268435456
12949.000000		29562.000000		6015.000000		268435456
20288.000000		29885.000000		13688.000000		268435456
22881.000000		3662.000000		21695.000000		268435456
15411.000000		22061.000000		21803.000000		268435456
30621.000000		24435.000000		29219.000000		268435456
29804.000000		13231.000000		1022.000000		268435456
1913.000000		960.000000		3829.000000		268435456
28839.000000		30542.000000		32536.000000		268435456
30636.000000		29831.000000		18143.000000		268435456
16139.000000		27423.000000		17035.000000		268435456
7421.000000		20600.000000		32448.000000		268435456
9775.000000		13247.000000		28525.000000		268435456
32631.000000		30088.000000		4724.000000		268435456
10567.000000		6970.000000		25736.000000		268435456
9179.000000		27163.000000		18654.000000		268435456
7550.000000		31895.000000		31061.000000		268435456
25133.000000		17116.000000		26077.000000		268435456
10655.000000		9272.000000		15933.000000		268435456
112.000000		16389.000000		2543.000000		268435456
166.000000		5071.000000		22102.000000		268435456
13550.000000		6156.000000		23980.000000		268435456
15565.000000		22682.000000		15895.000000		268435456
30113.000000		7920.000000		23405.000000		268435456
17446.000000		6431.000000		28601.000000		268435456
8846.000000		147.000000		29607.000000		268435456
24820.000000		15269.000000		8504.000000		268435456
14140.000000		27112.000000		22765.000000		268435456
1842.000000		6424.000000		8505.000000		268435456
21387.000000		4068.000000		1694.000000		268435456
28173.000000		10270.000000		28479.000000		268435456
9872.000000		21614.000000		8599.000000		268435456
32577.000000		31362.000000		24816.000000		268435456
9803.000000		10428.000000		13454.000000		268435456
30611.000000		23366.000000		18777.000000		268435456
5450.000000		2538.000000		4578.000000		268435456
15068.000000		26103.000000		30845.000000		268435456
13209.000000		24490.000000		25339.000000		268435456
9069.000000		8216.000000		22664.000000		268435456
10898.000000		28246.000000		12692.000000		268435456
18341.000000		960.000000		15225.000000		268435456
23393.000000		17627.000000		4490.000000		268435456
8731.000000		5825.000000		26418.000000		268435456
18021.000000		25640.000000		4602.000000		268435456
1958.000000		11247.000000		26396.000000		268435456
21931.000000		8490.000000		21213.000000		268435456
13347.000000		21599.000000		29164.000000		268435456
32564.000000		17279.000000		6243.000000		268435456
16859.000000		25789.000000		5931.000000		268435456
981.000000		29287.000000		1970.000000		268435456
26814.000000		22270.000000		15239.000000		268435456
5566.000000		28305.000000		28898.000000		268435456
14849.000000		19237.000000		31780.000000		268435456
32276.000000		13030.000000		14398.000000		268435456
446.000000		2511.000000		12379.000000		268435456
31530.000000		12116.000000		9539.000000		268435456
23455.000000		16832.000000		16044.000000		268435456
6445.000000		14410.000000		10183.000000		268435456
10435.000000		21930.000000		9427.000000		268435456
17768.000000		19051.000000		5197.000000		268435456
17493.000000		482.000000		15416.000000		268435456
24687.000000		13715.000000		32384.000000		268435456
24989.000000		31174.000000		15161.000000		268435456
11721.000000		29523.000000		17722.000000		268435456
14693.000000		27382.000000		2298.000000		268435456
16371.000000		11365.000000		9641.000000		268435456
26115.000000		10423.000000		31939.000000		268435456
30171.000000		3533.000000		21363.000000		268435456
21630.000000		11286.000000		25358.000000		268435456
23319.000000		22939.000000		12773.000000		268435456
22133.000000		9639.000000		29148.000000		268435456
20106.000000		26766.000000		28303.000000		268435456
29648.000000		9198.000000		741.000000		268435456
19256.000000		26892.000000		30686.000000		268435456
27758.000000		24024.000000		17847.000000		268435456
7539.000000		23844.000000		10894.000000		268435456
14668.000000		4818.000000		29937.000000		268435456
17070.000000		31899.000000		10006.000000		268435456
6606.000000		14938.000000		16657.000000		268435456
15499.000000		299.000000		7250.000000		268435456
9530.000000		31517.000000		26769.000000		268435456
20492.000000		21124.000000		1808.000000		268435456
16774.000000		9736.000000		10310.000000		268435456
4081.000000		21681.000000		32350.000000		268435456
6144.000000		19404.000000		8254.000000		268435456
15769.000000		5861.000000		12959.000000		268435456
30084.000000		967.000000		18582.000000		268435456
3599.000000		6629.000000		22993.000000		268435456
18225.000000		12634.000000		28406.000000		268435456
18697.000000		11402.000000		28045.000000		268435456
26080.000000		4354.000000		16568.000000		268435456
5623.000000		16903.000000		28580.000000		268435456
29140.000000		10461.000000		28393.000000		268435456
12159.000000		30973.000000		28783.000000		268435456
27976.000000		28768.000000		20639.000000		268435456
12283.000000		7051.000000		24098.000000		268435456
24565.000000		12641.000000		23906.000000		268435456
18887.000000		32717.000000		18119.000000		268435456
26281.000000		22728.000000		15500.000000		268435456
5261.000000		11663.000000		16040.000000		268435456
31089.000000		14211.000000		18423.000000		268435456
13519.000000		22814.000000		7002.000000		268435456
14366.000000		9366.000000		3924.000000		268435456
5465.000000		27774.000000		14239.000000		268435456
32766.000000		5969.000000		30451.000000		268435456
16999.000000		20337.000000		3795.000000		268435456
16157.000000		15646.000000		18418.000000		268435456
17568.000000		13317.000000		16054.000000		268435456
14456.000000		20577.000000		16643.000000		268435456
11834.000000		12468.000000		29849.000000		268435456
2527.000000		7777.000000		15951.000000		268435456
30423.000000		12854.000000		1891.000000		268435456
3955.000000		18480.000000		13343.000000		268435456
21259.000000		7820.000000		4588.000000		268435456
2575.000000		28429.000000		19280.000000		268435456
31360.000000		12282.000000		22939.000000		268435456
1277.000000		14013.000000		16315.000000		268435456
23603.000000		27105.000000		15174.000000		268435456
11446.000000		26811.000000		32.000000		268435456
8775.000000		25276.000000		19663.000000		268435456
27570.000000		6500.000000		19503.000000		268435456
12122.000000		17835.000000		27632.000000		268435456
870.000000		3171.000000		30911.000000		268435456
32096.000000		13138.000000		9002.000000		268435456
18181.000000		18431.000000		27490.000000		268435456
2676.000000		23803.000000		13283.000000		268435456
27301.000000		24355.000000		5579.000000		268435456
23071.000000		9775.000000		16649.000000		268435456
21708.000000		2106.000000		3773.000000		268435456
4606.000000		6220.000000		6112.000000		268435456
22940.000000		11056.000000		10637.000000		268435456
28376.000000		20678.000000		31931.000000		268435456
3597.000000		15158.000000		28239.000000		268435456
19322.000000		7690.000000		16338.000000		268435456
18175.000000		284.000000		25670.000000		268435456
17656.000000		2113.000000		17018.000000		268435456
11016.000000		353.000000		3387.000000		268435456
16423.000000		23139.000000		3938.000000		268435456
20287.000000		30025.000000		3002.000000		268435456
16996.000000		13666.000000		18600.000000		268435456
30340.000000		28820.000000		1898.000000		268435456
17413.000000		6733.000000		1244.000000		268435456
2030.000000		21933.000000		18941.000000		268435456
27921.000000		31160.000000		20558.000000		268435456
31837.000000		14446.000000		5230.000000		268435456
7432.000000		1495.000000		31297.000000		268435456
11378.000000		21447.000000		8062.000000		268435456
17636.000000		4614.000000		11729.000000		268435456
24398.000000		20719.000000		27572.000000		268435456
1691.000000		1460.000000		9388.000000		268435456
4077.000000		24289.000000		17489.000000		268435456
20427.000000		8688.000000		5621.000000		268435456
25083.000000		3927.000000		30189.000000		268435456
19800.000000		24580.000000		28137.000000		268435456
106.000000		10887.000000		1215.000000		268435456
13340.000000		21735.000000		27415.000000		268435456
28481.000000		15680.000000		30653.000000		268435456
32516.000000		6245.000000		1107.000000		268435456
1868.000000		7495.000000		25875.000000		268435456
32045.000000		85.000000		1702.000000		268435456
11713.000000		3578.000000		8613.000000		268435456
27344.000000		24377.000000		15597.000000		268435456
13044.000000		9129.000000		6301.000000		268435456
26163.000000		13068.000000		15075.000000		268435456
27305.000000		3622.000000		12590.000000		268435456
28110.000000		7225.000000		9156.000000		268435456
21937.000000		9073.000000		6155.000000		268435456
18271.000000		24044.000000		2265.000000		268435456
26565.000000		27029.000000		3926.000000		268435456
18353.000000		24634.000000		22147.000000		268435456
26092.000000		2835.000000		25321.000000		268435456
310.000000		467.000000		18078.000000		268435456
22726.000000		9058.000000		6207.000000		268435456
29641.000000		19006.000000		1367.000000		268435456
27539.000000		14710.000000		14453.000000		268435456
560.000000		3786.000000		12747.000000		268435456
7122.000000		7246.000000		30741.000000		268435456
16957.000000		11197.000000		13829.000000		268435456
9925.000000		14829.000000		21415.000000		268435456
17044.000000		24684.000000		10808.000000		268435456
31051.000000		859.000000		18751.000000		268435456
11657.000000		30772.000000		9544.000000		268435456
23487.000000		4210.000000		30336.000000		268435456
21139.000000		921.000000		4348.000000		268435456
30435.000000		3243.000000		24522.000000		268435456
10299.000000		19439.000000		25200.000000		268435456
28678.000000		4645.000000		20626.000000		268435456
22178.000000		12635.000000		1956.000000		268435456
2528.000000		2713.000000		28178.000000		268435456
24297.000000		5650.000000		311.000000		268435456
17622.000000		1540.000000		3279.000000		268435456
3612.000000		11032.000000		2993.000000		268435456
13483.000000		17688.000000		28337.000000		268435456
10869.000000		12782.000000		32230.000000		268435456
31433.000000		2538.000000		4758.000000		268435456
16407.000000		25592.000000		10839.000000		268435456
23455.000000		11084.000000		32684.000000		268435456
11908.000000		31617.000000		12200.000000		268435456
2763.000000		30669.000000		17915.000000		268435456
10885.000000		9113.000000		18548.000000		268435456
23823.000000		15206.000000		6875.000000		268435456
24636.000000		11086.000000		25901.000000		268435456
24637.000000		18227.000000		21333.000000		268435456
20367.000000		3569.000000		15055.000000		268435456
14488.000000		15556.000000		22425.000000		268435456
28988.000000		1374.000000		1923.000000		268435456
24679.000000		9973.000000		21005.000000		268435456
15661.000000		15490.000000		10898.000000		268435456
20904.000000		10313.000000		8620.000000		268435456
23264.000000		10134.000000		24368.000000		268435456
2851.000000		19255.000000		19109.000000		268435456
11017.000000		21700.000000		520.000000		268435456
6478.000000		23288.000000		4470.000000		268435456
1462.000000		827.000000		22419.000000		268435456
8390.000000		11175.000000		27654.000000		268435456
2710.000000		18383.000000		23962.000000		268435456
11076.000000		28375.000000		20829.000000		268435456
18747.000000		19906.000000		23676.000000		268435456
31058.000000		11764.000000		31758.000000		268435456
25963.000000		10056.000000		15623.000000		268435456
10809.000000		22018.000000		15479.000000		268435456
16346.000000		29916.000000		11785.000000		268435456
30937.000000		30865.000000		20313.000000		268435456
9700.000000		15245.000000		28898.000000		268435456
26467.000000		5133.000000		8826.000000		268435456
11045.000000		25025.000000		18114.000000		268435456
19764.000000		27051.000000		21582.000000		268435456
9723.000000		18211.000000		81.000000		268435456
8517.000000		12703.000000		23778.000000		268435456
25685.000000		6075.000000		12279.000000		268435456
24805.000000		28264.000000		32109.000000		268435456
8291.000000		9055.000000		772.000000		268435456
26044.000000		17996.000000		8546.000000		268435456
5375.000000		31222.000000		24665.000000		268435456
12104.000000		13921.000000		5847.000000		268435456
24550.000000		8787.000000		11123.000000		268435456
25424.000000		13490.000000		15760.000000		268435456
13336.000000		17542.000000		215.000000		268435456
26113.000000		32608.000000		21278.000000		268435456
18688.000000		25082.000000		32091.000000		268435456
13752.000000		29910.000000		10188.000000		268435456
811.000000		1209.000000		13243.000000		268435456
32673.000000		30045.000000		6990.000000		268435456
6587.000000		31911.000000		27770.000000		268435456
31150.000000		2239.000000		4465.000000		268435456
2008.000000		7327.000000		14852.000000		268435456
17306.000000		25270.000000		28219.000000		268435456
31692.000000		17067.000000		24456.000000		268435456
13300.000000		30548.000000		26174.000000		268435456
15760.000000		7638.000000		4869.000000		268435456
22372.000000		11438.000000		23308.000000		268435456
17646.000000		26949.000000		21369.000000		268435456
22438.000000		26994.000000		25862.000000		268435456
31630.000000		1945.000000		29246.000000		268435456
19696.000000		22569.000000		25351.000000		268435456
383.000000		23246.000000		6898.000000		268435456
30657.000000		17745.000000		15766.000000		268435456
19225.000000		13323.000000		10106.000000		268435456
23116.000000		4772.000000		20127.000000		268435456
9560.000000		5156.000000		30216.000000		268435456
28660.000000		25624.000000		24551.000000		268435456
10743.000000		191.000000		21801.000000		268435456
9879.000000		31610.000000		16827.000000		268435456
32496.000000		15190.000000		32319.000000		268435456
4261.000000		15806.000000		26756.000000		268435456
30004.000000		32395.000000		4351.000000		268435456
22568.000000		10581.000000		6983.000000		268435456
18612.000000		23441.000000		8897.000000		268435456
6727.000000		10019.000000		22077.000000		268435456
30740.000000		13455.000000		19148.000000		268435456
20473.000000		10225.000000		27648.000000		268435456
29856.000000		29258.000000		12510.000000		268435456
5082.000000		32366.000000		29964.000000		268435456
23381.000000		17024.000000		5534.000000		268435456
15961.000000		27159.000000		4219.000000		268435456
3617.000000		14764.000000		9412.000000		268435456
18626.000000		25000.000000		10822.000000		268435456
28841.000000		28216.000000		12052.000000		268435456
31953.000000		27609.000000		14967.000000		268435456
20014.000000		23620.000000		15999.000000		268435456
31180.000000		19353.000000		3590.000000		268435456
5746.000000		26754.000000		24837.000000		268435456
22870.000000		266.000000		30052.000000		268435456
15780.000000		32234.000000		5939.000000		268435456
3453.000000		13026.000000		32214.000000		268435456
12223.000000		21794.000000		6481.000000		268435456
16048.000000		3073.000000		29235.000000		268435456
482.000000		17906.000000		12951.000000		268435456
19357.000000		1883.000000		5279.000000		268435456
27783.000000		25123.000000		21509.000000		268435456
26154.000000		6286.000000		9823.000000		268435456
12197.000000		22163.000000		18612.000000		268435456
28675.000000		10670.000000		13267.000000		268435456
24100.000000		31333.000000		13237.000000		268435456
32378.000000		5947.000000		2619.000000		268435456
16421.000000		23959.000000		17375.000000		268435456
8354.000000		14644.000000		2520.000000		268435456
5138.000000		24422.000000		25622.000000		268435456
29682.000000		13510.000000		637.000000		268435456
1136.000000		10819.000000		12019.000000		268435456
4820.000000		21519.000000		16822.000000		268435456
15592.000000		13903.000000		8922.000000		268435456
17896.000000		2527.000000		16651.000000		268435456
13061.000000		29833.000000		4051.000000		268435456
27622.000000		9608.000000		18436.000000		268435456
1942.000000		21569.000000		2768.000000		268435456
5474.000000		7966.000000		10500.000000		268435456
27572.000000		16747.000000		27167.000000		268435456
10467.000000		24234.000000		20751.000000		268435456
16608.000000		21984.000000		32059.000000		268435456
22789.000000		327.000000		529.000000		268435456
19892.000000		4274.000000		26165.000000		268435456
6564.000000		29983.000000		3148.000000		268435456
26906.000000		20000.000000		17777.000000		268435456
25151.000000		25024.000000		1773.000000		268435456
31749.000000		16336.000000		22635.000000		268435456
15127.000000		17481.000000		12544.000000		268435456
15908.000000		6223.000000		21176.000000		268435456
8115.000000		32594.000000		6963.000000		268435456
11272.000000		19985.000000		9354.000000		268435456
31951.000000		27812.000000		20525.000000		268435456
30120.000000		6499.000000		9308.000000		268435456
18660.000000		21279.000000		13414.000000		268435456
6747.000000		28169.000000		14733.000000		268435456
15820.000000		3418.000000		6079.000000		268435456
9107.000000		31877.000000		17428.000000		268435456
24357.000000		15843.000000		16966.000000		268435456
506.000000		4153.000000		8602.000000		268435456
3211.000000		13351.000000		29430.000000		268435456
2257.000000		14045.000000		27286.000000		268435456
12224.000000		12654.000000		8784.000000		268435456
29075.000000		21250.000000		25152.000000		268435456
30289.000000		8047.000000		13334.000000		268435456
17996.000000		24222.000000		10872.000000		268435456
17253.000000		4705.000000		27286.000000		268435456
6952.000000		975.000000		10483.000000		268435456
29107.000000		11933.000000		13133.000000		268435456
12326.000000		8533.000000		15689.000000		268435456
26324.000000		20008.000000		6081.000000		268435456
31211.000000		7549.000000		32708.000000		268435456
12393.000000		7358.000000		3812.000000		268435456
15668.000000		25966.000000		20208.000000		268435456
14541.000000		24887.000000		27235.000000		268435456
27221.000000		28686.000000		1636.000000		268435456
25684.000000		24925.000000		30889.000000		268435456
20158.000000		25350.000000		25412.000000		268435456
26936.000000		18824.000000		32641.000000		268435456
4232.000000		23950.000000		27483.000000		268435456
17356.000000		21408.000000		15515.000000		268435456
19573.000000		16376.000000		12779.000000		268435456
5520.000000		8532.000000		28767.000000		268435456
10471.000000		22596.000000		8580.000000		268435456
22830.000000		27555.000000		27862.000000		268435456
20661.000000		31521.000000		5239.000000		268435456
28309.000000		24080.000000		1422.000000		268435456
7922.000000		3612.000000		3531.000000		268435456
27045.000000		15892.000000		24257.000000		268435456
24827.000000		13046.000000		25277.000000		268435456
4913.000000		28586.000000		18740.000000		268435456
1638.000000		27988.000000		10538.000000		268435456
32568.000000		3599.000000		25975.000000		268435456
28328.000000		4936.000000		22904.000000		268435456
19625.000000		15364.000000		1178.000000		268435456
21140.000000		28261.000000		21217.000000		268435456
25108.000000		4411.000000		30066.000000		268435456
7160.000000		30294.000000		26399.000000		268435456
6152.000000		12977.000000		29946.000000		268435456
26625.000000		20276.000000		20212.000000		268435456
3354.000000		16933.000000		7549.000000		268435456
316.000000		1299.000000		31491.000000		268435456
10440.000000		29934.000000		17289.000000		268435456
25663.000000		11129.000000		11498.000000		268435456
27052.000000		23771.000000		219.000000		268435456
28255.000000		25273.000000		12972.000000		268435456
20674.000000		19939.000000		3267.000000		268435456
14346.000000		7791.000000		4803.000000		268435456
24243.000000		25036.000000		16051.000000		268435456
25751.000000		12174.000000		372.000000		268435456
31064.000000		30490.000000		758.000000		268435456
28582.000000		22972.000000		10297.000000		268435456
32500.000000		15071.000000		29375.000000		268435456
17514.000000		28404.000000		11875.000000		268435456
6623.000000		25919.000000		30737.000000		268435456
17783.000000		23970.000000		7739.000000		268435456
25235.000000		24273.000000		15157.000000		268435456
27620.000000		7350.000000		17485.000000		268435456
22354.000000		6425.000000		23214.000000		268435456
23265.000000		15974.000000		3750.000000		268435456
30695.000000		3795.000000		28660.000000		268435456
16662.000000		32145.000000		20521.000000		268435456
14644.000000		12489.000000		29276.000000		268435456
13154.000000		8961.000000		12358.000000		268435456
22400.000000		2659.000000		30450.000000		268435456
25809.000000		30465.000000		2484.000000		268435456
8134.000000		13633.000000		26417.000000		268435456
19948.000000		26885.000000		6924.000000		268435456
26486.000000		21866.000000		25060.000000		268435456
2468.000000		31309.000000		16966.000000		268435456
26473.000000		24582.000000		24719.000000		268435456
30855.000000		6609.000000		6287.000000		268435456
23028.000000		27799.000000		16687.000000		268435456
11026.000000		20181.000000		13812.000000		268435456
25941.000000		21801.000000		18230.000000		268435456
14887.000000		7415.000000		15560.000000		268435456
21251.000000		1018.000000		22542.000000		268435456
8472.000000		18330.000000		6886.000000		268435456
10619.000000		3458.000000		30346.000000		268435456
28363.000000		21485.000000		17161.000000		268435456
16794.000000		11236.000000		7684.000000		268435456
19422.000000		12302.000000		2809.000000		268435456
12727.000000		27950.000000		26917.000000		268435456
29142.000000		2803.000000		27455.000000		268435456
14310.000000		30717.000000		14724.000000		268435456
21435.000000		31772.000000		9112.000000		268435456
31289.000000		16972.000000		11424.000000		268435456
29361.000000		27459.000000		21352.000000		268435456
20182.000000		1189.000000		24543.000000		268435456
14703.000000		1914.000000		30678.000000		268435456
5941.000000		10227.000000		10397.000000		268435456
20385.000000		23167.000000		2390.000000		268435456
24810.000000		30352.000000		18029.000000		268435456
12955.000000		28718.000000		12496.000000		268435456
17352.000000		2422.000000		1304.000000		268435456
4837.000000		29527.000000		20645.000000		268435456
10301.000000		20636.000000		4351.000000		268435456
3715.000000		22622.000000		30785.000000		268435456
4653.000000		16859.000000		15342.000000		268435456
28179.000000		889.000000		22778.000000		268435456
3023.000000		15349.000000		27011.000000		268435456
7944.000000		7005.000000		2406.000000		268435456
10529.000000		5016.000000		8621.000000		268435456
20403.000000		15037.000000		24701.000000		268435456
10262.000000		7787.000000		11512.000000		268435456
25055.000000		16881.000000		1044.000000		268435456
14995.000000		29839.000000		29086.000000		268435456
28444.000000		30608.000000		32408.000000		268435456
24264.000000		6931.000000		22932.000000		268435456
26135.000000		16873.000000		24087.000000		268435456
8080.000000		27212.000000		10512.000000		268435456
27279.000000		23712.000000		4848.000000		268435456
31202.000000		22812.000000		10804.000000		268435456
10697.000000		21726.000000		3788.000000		268435456
17773.000000		29309.000000		15846.000000		268435456
21393.000000		7114.000000		5284.000000		268435456
11771.000000		11506.000000		2819.000000		268435456
27680.000000		29257.000000		20737.000000		268435456
22581.000000		13233.000000		31843.000000		268435456
17805.000000		8768.000000		15812.000000		268435456
1999.000000		32664.000000		21357.000000		268435456
12172.000000		14533.000000		5899.000000		268435456
22101.000000		29268.000000		6196.000000		268435456
25257.000000		4606.000000		20244.000000		268435456
4358.000000		4162.000000		28998.000000		268435456
26690.000000		21157.000000		3369.000000		268435456
31109.000000		1514.000000		15550.000000		268435456
21224.000000		13422.000000		26625.000000		268435456
14405.000000		27697.000000		28982.000000		268435456
4855.000000		8633.000000		17944.000000		268435456
8441.000000		19083.000000		10409.000000		268435456
8576.000000		21081.000000		12003.000000		268435456
18551.000000		14547.000000		4200.000000		268435456
12252.000000		15964.000000		28151.000000		268435456
10440.000000		19103.000000		8364.000000		268435456
5245.000000		7440.000000		17781.000000		268435456
31579.000000		11291.000000		17266.000000		268435456
24028.000000		5569.000000		8028.000000		268435456
23195.000000		7386.000000		17818.000000		268435456
23190.000000		5339.000000		17809.000000		268435456
29521.000000		20253.000000		24198.000000		268435456
4628.000000		13182.000000		14006.000000		268435456
25498.000000		12921.000000		6573.000000		268435456
11086.000000		6305.000000		16943.000000		268435456
10337.000000		26348.000000		19161.000000		268435456
10130.000000		600.000000		16357.000000		268435456
31635.000000		4541.000000		16657.000000		268435456
13647.000000		2777.000000		2207.000000		268435456
5260.000000		8119.000000		30035.000000		268435456
17234.000000		4177.000000		23063.000000		268435456
10604.000000		14503.000000		18867.000000		268435456
30466.000000		14256.000000		7686.000000		268435456
11094.000000		22050.000000		25208.000000		268435456
18549.000000		8687.000000		11748.000000		268435456
20682.000000		9206.000000		1611.000000		268435456
23922.000000		26747.000000		13590.000000		268435456
26771.000000		6882.000000		5014.000000		268435456
22723.000000		8398.000000		20908.000000		268435456
29954.000000		13918.000000		18599.000000		268435456
17762.000000		20574.000000		6161.000000		268435456
624.000000		19611.000000		10544.000000		268435456
7523.000000		12648.000000		14385.000000		268435456
23871.000000		31753.000000		1849.000000		268435456
15020.000000		15933.000000		17151.000000		268435456
2757.000000		25597.000000		28329.000000		268435456
21464.000000		31778.000000		1392.000000		268435456
1524.000000		1619.000000		14819.000000		268435456
4572.000000		16355.000000		10798.000000		268435456
2970.000000		19996.000000		15156.000000		268435456
23359.000000		30107.000000		26051.000000		268435456
2948.000000		23488.000000		31234.000000		268435456
14348.000000		8816.000000		26859.000000		268435456
27383.000000		28944.000000		21499.000000		268435456
15815.000000		12848.000000		17212.000000		268435456
31279.000000		14401.000000		12728.000000		268435456
21761.000000		31752.000000		21630.000000		268435456
8687.000000		14029.000000		15245.000000		268435456
29296.000000		4307.000000		30011.000000		268435456
12096.000000		6567.000000		26237.000000		268435456
7047.000000		10936.000000		12138.000000		268435456
4846.000000		14916.000000		6797.000000		268435456
21255.000000		18700.000000		18001.000000		268435456
14196.000000		21607.000000		27368.000000		268435456
25609.000000		29867.000000		30949.000000		268435456
2882.000000		29370.000000		11672.000000		268435456
608.000000		10319.000000		27736.000000		268435456
22189.000000		11407.000000		954.000000		268435456
28019.000000		13710.000000		5269.000000		268435456
15336.000000		31079.000000		25718.000000		268435456
16086.000000		2688.000000		20179.000000		268435456
9431.000000		12040.000000		19499.000000		268435456
24652.000000		17728.000000		18061.000000		268435456
13720.000000		17746.000000		7812.000000		268435456
23808.000000		22980.000000		14210.000000		268435456
27673.000000		18190.000000		25976.000000		268435456
28686.000000		958.000000		16263.000000		268435456
13331.000000		31083.000000		12384.000000		268435456
26292.000000		8585.000000		18761.000000		268435456
13375.000000		19436.000000		15788.000000		268435456
14024.000000		13901.000000		13666.000000		268435456
17578.000000		8425.000000		7894.000000		268435456
6721.000000		215.000000		22850.000000		268435456
10086.000000		763.000000		31149.000000		268435456
9975.000000		8680.000000		17373.000000		268435456
5137.000000		30181.000000		15115.000000		268435456
17896.000000		2008.000000		1568.000000		268435456
15338.000000		20956.000000		20106.000000		268435456
12192.000000		3819.000000		4501.000000		268435456
28518.000000		3639.000000		3047.000000		268435456
15258.000000		19622.000000		10694.000000		268435456
20364.000000		7412.000000		22020.000000		268435456
28337.000000		8704.000000		30012.000000		268435456
17532.000000		2704.000000		12487.000000		268435456
22776.000000		17236.000000		296.000000		268435456
8167.000000		3624.000000		10842.000000		268435456
3481.000000		13898.000000		5915.000000		268435456
11629.000000		9176.000000		10595.000000		268435456
24455.000000		9534.000000		9824.000000		268435456
19477.000000		16345.000000		21848.000000		268435456
9253.000000		9424.000000		19146.000000		268435456
21342.000000		13002.000000		12029.000000		268435456
6451.000000		29588.000000		14611.000000		268435456
19356.000000		2082.000000		24225.000000		268435456
15773.000000		9515.000000		7469.000000		268435456
13460.000000		3533.000000		2762.000000		268435456
1286.000000		24868.000000		20742.000000		268435456
1694.000000		24656.000000		1340.000000		268435456
23583.000000		13171.000000		21169.000000		268435456
6583.000000		22804.000000		5541.000000		268435456
2089.000000		12136.000000		5883.000000		268435456
31552.000000		9378.000000		28765.000000		268435456
5690.000000		10086.000000		20936.000000		268435456
18020.000000		9464.000000		19697.000000		268435456
24346.000000		19151.000000		8145.000000		268435456
7258.000000		10305.000000		25461.000000		268435456
10958.000000		26842.000000		13729.000000		268435456
12537.000000		30356.000000		10446.000000		268435456
19247.000000		12879.000000		26075.000000		268435456
21856.000000		22914.000000		16763.000000		268435456
10018.000000		28004.000000		1324.000000		268435456
19868.000000		5793.000000		8064.000000		268435456
14410.000000		30250.000000		31872.000000		268435456
24464.000000		29274.000000		27516.000000		268435456
31558.000000		27464.000000		19021.000000		268435456
14477.000000		17044.000000		539.000000		268435456
22237.000000		23039.000000		23059.000000		268435456
21596.000000		28961.000000		18016.000000		268435456
6315.000000		28068.000000		1375.000000		268435456
19373.000000		7158.000000		7795.000000		268435456
26145.000000		26132.000000		21492.000000		268435456
10522.000000		21899.000000		29694.000000		268435456
30464.000000		13784.000000		14571.000000		268435456
27469.000000		29186.000000		21059.000000		268435456
10898.000000		29666.000000		10471.000000		268435456
32745.000000		24035.000000		2915.000000		268435456
6990.000000		5688.000000		2473.000000		268435456
5691.000000		16772.000000		31643.000000		268435456
19630.000000		482.000000		13747.000000		268435456
31206.000000		16521.000000		23646.000000		268435456
32086.000000		12788.000000		11959.000000		268435456
1290.000000		1776.000000		29326.000000		268435456
7149.000000		23190.000000		12286.000000		268435456
30351.000000		7597.000000		2639.000000		268435456
26410.000000		20038.000000		11800.000000		268435456
25760.000000		16065.000000		30748.000000		268435456
29187.000000		23257.000000		871.000000		268435456
27767.000000		9548.000000		2608.000000		268435456
11018.000000		8414.000000		8558.000000		268435456
30726.000000		12308.000000		18013.000000		268435456
12884.000000		25451.000000		11493.000000		268435456
18219.000000		11627.000000		20451.000000		268435456
19328.000000		18314.000000		32507.000000		268435456
11626.000000		23940.000000		11759.000000		268435456
8631.000000		16823.000000		12383.000000		268435456
30307.000000		13459.000000		14014.000000		268435456
29118.000000		21801.000000		8917.000000		268435456
29304.000000		14407.000000		27809.000000		268435456
4719.000000		7142.000000		1163.000000		268435456
6764.000000		3212.000000		29012.000000		268435456
20022.000000		8145.000000		5225.000000		268435456
21467.000000		29065.000000		10591.000000		268435456
8294.000000		11305.000000		4363.000000		268435456
31188.000000		10589.000000		3205.000000		268435456
16251.000000		15422.000000		17458.000000		268435456
13325.000000		1544.000000		16736.000000		268435456
31147.000000		22338.000000		6853.000000		268435456
11351.000000		20610.000000		20935.000000		268435456
23383.000000		21118.000000		15801.000000		268435456
9574.000000		24560.000000		21134.000000		268435456
28462.000000		27220.000000		14978.000000		268435456
9994.000000		9327.000000		5302.000000		268435456
13868.000000		14298.000000		2511.000000		268435456
13155.000000		11001.000000		12085.000000		268435456
18874.000000		3052.000000		14793.000000		268435456
5573.000000		18501.000000		14298.000000		268435456
1167.000000		31238.000000		15625.000000		268435456
10038.000000		14013.000000		9968.000000		268435456
7986.000000		11343.000000		29181.000000		268435456
11733.000000		6099.000000		29879.000000		268435456
29474.000000		18316.000000		28285.000000		268435456
5007.000000		862.000000		20687.000000		268435456
9231.000000		260.000000		2485.000000		268435456
26082.000000		12239.000000		13082.000000		268435456
20657.000000		24949.000000		4794.000000		268435456
13225.000000		21592.000000		17100.000000		268435456
13593.000000		22436.000000		11355.000000		268435456
16157.000000		16981.000000		31649.000000		268435456
26256.000000		570.000000		30476.000000		268435456
27030.000000		26018.000000		25199.000000		268435456
5476.000000		19425.000000		6152.000000		268435456
2990.000000		29600.000000		20876.000000		268435456
6963.000000		26089.000000		22769.000000		268435456
26574.000000		7948.000000		15040.000000		268435456
7310.000000		11477.000000		7581.000000		268435456
24156.000000		15110.000000		32706.000000		268435456
15118.000000		24475.000000		21973.000000		268435456
20982.000000		25044.000000		877.000000		268435456
20790.000000		7564.000000		28453.000000		268435456
3966.000000		1081.000000		9510.000000		268435456
943.000000		10261.000000		12053.000000		268435456
24813.000000		19593.000000		17724.000000		268435456
11199.000000		15571.000000		22634.000000		268435456
801.000000		3260.000000		3100.000000		268435456
19737.000000		20924.000000		7731.000000		268435456
22044.000000		4388.000000		18354.000000		268435456
32070.000000		24642.000000		15829.000000		268435456
7289.000000		14754.000000		6485.000000		268435456
28002.000000		3517.000000		13653.000000		268435456
18942.000000		14692.000000		13315.000000		268435456
14049.000000		11911.000000		32138.000000		268435456
2701.000000		24974.000000		24034.000000		268435456
12943.000000		11901.000000		2052.000000		268435456
8685.000000		30057.000000		6461.000000		268435456
3352.000000		9460.000000		3780.000000		268435456
23069.000000		18151.000000		6263.000000		268435456
3758.000000		4926.000000		6177.000000		268435456
14638.000000		20628.000000		15792.000000		268435456
13224.000000		21579.000000		31597.000000		268435456
30935.000000		15962.000000		12799.000000		268435456
21045.000000		26899.000000		17194.000000		268435456
2367.000000		26781.000000		27039.000000		268435456
11638.000000		24776.000000		4097.000000		268435456
5562.000000		15765.000000		353.000000		268435456
4250.000000		27909.000000		11183.000000		268435456
23904.000000		757.000000		5933.000000		268435456
27857.000000		4463.000000		23971.000000		268435456
2761.000000		20032.000000		25232.000000		268435456
2867.000000		7046.000000		23310.000000		268435456
23903.000000		7261.000000		13185.000000		268435456
16364.000000		31383.000000		27264.000000		268435456
15348.000000		8511.000000		27864.000000		268435456
15951.000000		30997.000000		6006.000000		268435456
31656.000000		20166.000000		23867.000000		268435456
17818.000000		4023.000000		11364.000000		268435456
5955.000000		15910.000000		21607.000000		268435456
27796.000000		24626.000000		10778.000000		268435456
4747.000000		10604.000000		19483.000000		268435456
26187.000000		10351.000000		10649.000000		268435456
8772.000000		2813.000000		17178.000000		268435456
17562.000000		132.000000		4531.000000		268435456
15567.000000		22317.000000		19951.000000		268435456
3398.000000		17626.000000		23559.000000		268435456
16566.000000		10293.000000		13449.000000		268435456
31944.000000		31560.000000		23868.000000		268435456
13688.000000		12078.000000		1213.000000		268435456
7720.000000		7441.000000		12937.000000		268435456
8309.000000		23785.000000		8532.000000		268435456
367.000000		18684.000000		10985.000000		268435456
19156.000000		2992.000000		21041.000000		268435456
25244.000000		18434.000000		19596.000000		268435456
30376.000000		3929.000000		1454.000000		268435456
4388.000000		21580.000000		1896.000000		268435456
12491.000000		815.000000		7241.000000		268435456
27740.000000		1395.000000		19438.000000		268435456
31273.000000		1442.000000		3883.000000		268435456
25442.000000		30268.000000		10587.000000		268435456
15975.000000		24508.000000		22334.000000		268435456
10087.000000		30545.000000		22805.000000		268435456
18228.000000		27330.000000		32198.000000		268435456
13663.000000		16279.000000		17684.000000		268435456
25249.000000		28828.000000		180.000000		268435456
6275.000000		22077.000000		13646.000000		268435456
6227.000000		21452.000000		1077.000000		268435456
22830.000000		15255.000000		29842.000000		268435456
23662.000000		4640.000000		30757.000000		268435456
1014.000000		27992.000000		30567.000000		268435456
136.000000		16743.000000		13168.000000		268435456
8981.000000		6101.000000		28603.000000		268435456
522.000000		1990.000000		24714.000000		268435456
30847.000000		26957.000000		20110.000000		268435456
4796.000000		22924.000000		15743.000000		268435456
20784.000000		23922.000000		4315.000000		268435456
9091.000000		1169.000000		30540.000000		268435456
31387.000000		18079.000000		26476.000000		268435456
8808.000000		21888.000000		7043.000000		268435456
18758.000000		10117.000000		24925.000000		268435456
21639.000000		32165.000000		3177.000000		268435456
19445.000000		27445.000000		20349.000000		268435456
2433.000000		24591.000000		25351.000000		268435456
18667.000000		712.000000		10952.000000		268435456
10609.000000		8997.000000		2025.000000		268435456
2861.000000		14114.000000		29362.000000		268435456
8104.000000		24585.000000		22152.000000		268435456
25558.000000		25214.000000		18428.000000		268435456
13202.000000		6993.000000		10371.000000		268435456
10189.000000		6329.000000		3913.000000		268435456
20114.000000		27393.000000		32065.000000		268435456
27780.000000		22183.000000		12973.000000		268435456
18620.000000		23514.000000		26507.000000		268435456
26248.000000		28625.000000		15338.000000		268435456
28596.000000		23620.000000		20027.000000		268435456
8973.000000		28518.000000		2335.000000		268435456
25108.000000		15752.000000		11807.000000		268435456
29109.000000		19540.000000		23558.000000		268435456
24370.000000		19480.000000		14997.000000		268435456
17989.000000		31154.000000		2082.000000		268435456
7705.000000		9743.000000		18321.000000		268435456
12810.000000		21517.000000		7788.000000		268435456
28681.000000		25398.000000		8975.000000		268435456
25366.000000		315.000000		13648.000000		268435456
12783.000000		25645.000000		15639.000000		268435456
27548.000000		23474.000000		25132.000000		268435456
11643.000000		18057.000000		1245.000000		268435456
32284.000000		17311.000000		13702.000000		268435456
22000.000000		6663.000000		1712.000000		268435456
23318.000000		32560.000000		7600.000000		268435456
5563.000000		5927.000000		27049.000000		268435456
29569.000000		205.000000		2976.000000		268435456
31092.000000		20933.000000		15705.000000		268435456
20281.000000		17718.000000		9239.000000		268435456
14809.000000		17039.000000		26345.000000		268435456
10522.000000		21688.000000		15224.000000		268435456
18911.000000		6251.000000		14960.000000		268435456
31379.000000		6659.000000		25812.000000		268435456
28400.000000		7972.000000		14435.000000		268435456
28355.000000		1600.000000		3359.000000		268435456
22763.000000		15098.000000		20583.000000		268435456
31107.000000		11635.000000		391.000000		268435456
31885.000000		4329.000000		16893.000000		268435456
10487.000000		30557.000000		27741.000000		268435456
28215.000000		455.000000		2221.000000		268435456
18540.000000		72.000000		22043.000000		268435456
29793.000000		12926.000000		1224.000000		268435456
8626.000000		8844.000000		8295.000000		268435456
20496.000000		1562.000000		4825.000000		268435456
9784.000000		11445.000000		20256.000000		268435456
7978.000000		15963.000000		21327.000000		268435456
7051.000000		20862.000000		22495.000000		268435456
3967.000000		32266.000000		20760.000000		268435456
7952.000000		13872.000000		10858.000000		268435456
10974.000000		13387.000000		20764.000000		268435456
780.000000		30975.000000		17680.000000		268435456
9106.000000		6807.000000		11736.000000		268435456
15193.000000		27767.000000		32234.000000		268435456
1561.000000		30506.000000		2444.000000		268435456
23125.000000		26147.000000		18026.000000		268435456
24558.000000		21512.000000		9909.000000		268435456
3825.000000		11747.000000		8395.000000		268435456
5320.000000		24290.000000		10707.000000		268435456
15088.000000		10423.000000		22331.000000		268435456
4757.000000		16518.000000		14499.000000		268435456
9386.000000		5357.000000		21200.000000		268435456
10774.000000		31395.000000		10834.000000		268435456
2550.000000		26342.000000		17583.000000		268435456
21748.000000		20729.000000		6493.000000		268435456
519.000000		23805.000000		15852.000000		268435456
29590.000000		32609.000000		29463.000000		268435456
14946.000000		1578.000000		25354.000000		268435456
23599.000000		4131.000000		27149.000000		268435456
16181.000000		2681.000000		11811.000000		268435456
16818.000000		7827.000000		18357.000000		268435456
14772.000000		21878.000000		16163.000000		268435456
21680.000000		16378.000000		20283.000000		268435456
28492.000000		8717.000000		7071.000000		268435456
22867.000000		16681.000000		1605.000000		268435456
25289.000000		9377.000000		2084.000000		268435456
5357.000000		29001.000000		6650.000000		268435456
21702.000000		31544.000000		25366.000000		268435456
15057.000000		25293.000000		1468.000000		268435456
4857.000000		29972.000000		11647.000000		268435456
13177.000000		29065.000000		28241.000000		268435456
7743.000000		31255.000000		18522.000000		268435456
2589.000000		2398.000000		8047.000000		268435456
15730.000000		12214.000000		27955.000000		268435456
19533.000000		11004.000000		4839.000000		268435456
10094.000000		15476.000000		8001.000000		268435456
1068.000000		5289.000000		12259.000000		268435456
6355.000000		3095.000000		20032.000000		268435456
343.000000		21259.000000		22002.000000		268435456
31331.000000		1553.000000		14006.000000		268435456
11686.000000		25193.000000		6873.000000		268435456
17164.000000		5340.000000		17255.000000		268435456
579.000000		738.000000		13153.000000		268435456
3330.000000		30769.000000		25120.000000		268435456
9935.000000		641.000000		7833.000000		268435456
30580.000000		30058.000000		29223.000000		268435456
10121.000000		5704.000000		10312.000000		268435456
30399.000000		24680.000000		15602.000000		268435456
20661.000000		30584.000000		638.000000		268435456
13099.000000		31957.000000		23027.000000		268435456
27831.000000		27843.000000		24459.000000		268435456
6811.000000		10915.000000		1171.000000		268435456
12186.000000		16181.000000		27842.000000		268435456
25522.000000		522.000000		22455.000000		268435456
22015.000000		26860.000000		9166.000000		268435456
