3 796
21482.000000		15510.000000		12106.000000		268435456
32572.000000		19625.000000		19525.000000		268435456
30392.000000		6335.000000		14075.000000		268435456
22016.000000		14258.000000		4746.000000		268435456
3502.000000		5870.000000		29208.000000		268435456
1807.000000		29499.000000		4657.000000		268435456
7374.000000		20656.000000		23372.000000		268435456
9311.000000		15202.000000		22741.000000		268435456
28027.000000		27446.000000		30446.000000		268435456
23868.000000		1373.000000		21899.000000		268435456
15936.000000		8081.000000		29631.000000		268435456
28548.000000		12601.000000		13119.000000		268435456
25903.000000		16135.000000		23411.000000		268435456
23941.000000		4543.000000		17522.000000		268435456
550.000000		15308.000000		6661.000000		268435456
29581.000000		2381.000000		9272.000000		268435456
13670.000000		14525.000000		13316.000000		268435456
29821.000000		5525.000000		24186.000000		268435456
17461.000000		17140.000000		9046.000000		268435456
26370.000000		15731.000000		9710.000000		268435456
30856.000000		11855.000000		20262.000000		268435456
1352.000000		15202.000000		26695.000000		268435456
10729.000000		10815.000000		16125.000000		268435456
20276.000000		17456.000000		390.000000		268435456
3346.000000		5747.000000		21038.000000		268435456
17302.000000		15622.000000		30064.000000		268435456
29942.000000		30534.000000		15395.000000		268435456
24274.000000		25824.000000		667.000000		268435456
27433.000000		14322.000000		6958.000000		268435456
15841.000000		13573.000000		9362.000000		268435456
16111.000000		15610.000000		736.000000		268435456
15052.000000		22820.000000		17143.000000		268435456
12635.000000		13128.000000		5154.000000		268435456
5093.000000		27417.000000		27058.000000		268435456
2615.000000		6377.000000		3199.000000		268435456
16747.000000		26512.000000		2704.000000		268435456
29879.000000		17023.000000		25434.000000		268435456
5472.000000		26619.000000		728.000000		268435456
21544.000000		11443.000000		26384.000000		268435456
12209.000000		25493.000000		32709.000000		268435456
8208.000000		19277.000000		9514.000000		268435456
17675.000000		23661.000000		29416.000000		268435456
5250.000000		20422.000000		4147.000000		268435456
16622.000000		16043.000000		9177.000000		268435456
28301.000000		8043.000000		6864.000000		268435456
31703.000000		10123.000000		7874.000000		268435456
22037.000000		30049.000000		13090.000000		268435456
9379.000000		5827.000000		22447.000000		268435456
19829.000000		1847.000000		31397.000000		268435456
10348.000000		2130.000000		26781.000000		268435456
21682.000000		711.000000		5632.000000		268435456
26266.000000		28139.000000		25799.000000		268435456
12600.000000		29324.000000		19847.000000		268435456
26334.000000		18033.000000		26016.000000		268435456
19534.000000		4546.000000		16993.000000		268435456
9541.000000		30531.000000		18040.000000		268435456
10688.000000		27617.000000		1413.000000		268435456
27825.000000		24143.000000		2498.000000		268435456
25975.000000		23386.000000		13593.000000		268435456
12887.000000		9503.000000		12143.000000		268435456
16888.000000		10656.000000		14796.000000		268435456
1296.000000		31836.000000		26083.000000		268435456
27388.000000		18134.000000		8520.000000		268435456
31137.000000		25724.000000		1895.000000		268435456
30365.000000		22984.000000		13265.000000		268435456
6472.000000		21403.000000		21546.000000		268435456
13527.000000		22771.000000		4773.000000		268435456
18990.000000		12712.000000		23850.000000		268435456
20548.000000		965.000000		14783.000000		268435456
394.000000		7023.000000		11936.000000		268435456
29790.000000		32611.000000		31498.000000		268435456
23969.000000		29228.000000		2247.000000		268435456
27820.000000		7311.000000		16931.000000		268435456
6625.000000		16549.000000		27661.000000		268435456
19881.000000		29832.000000		30528.000000		268435456
14797.000000		16381.000000		31252.000000		268435456
837.000000		10497.000000		31957.000000		268435456
22385.000000		5570.000000		16146.000000		268435456
27206.000000		14194.000000		22283.000000		268435456
18581.000000		4579.000000		28519.000000		268435456
12544.000000		2683.000000		23849.000000		268435456
23025.000000		3726.000000		4999.000000		268435456
28955.000000		21525.000000		13433.000000		268435456
16902.000000		27945.000000		4240.000000		268435456
5976.000000		20922.000000		4438.000000		268435456
13674.000000		21217.000000		1559.000000		268435456
3994.000000		30670.000000		9830.000000		268435456
17586.000000		3205.000000		10777.000000		268435456
6816.000000		13302.000000		4902.000000		268435456
28721.000000		13484.000000		12824.000000		268435456
43.000000		3608.000000		23123.000000		268435456
14414.000000		10313.000000		1217.000000		268435456
19342.000000		32316.000000		15839.000000		268435456
28962.000000		21833.000000		29103.000000		268435456
14806.000000		24970.000000		8552.000000		268435456
22158.000000		19403.000000		5429.000000		268435456
18440.000000		8974.000000		5488.000000		268435456
23070.000000		1543.000000		27684.000000		268435456
13615.000000		32020.000000		15558.000000		268435456
30272.000000		25617.000000		16.000000		268435456
7981.000000		15928.000000		10975.000000		268435456
2758.000000		12272.000000		3714.000000		268435456
29319.000000		18810.000000		29969.000000		268435456
29863.000000		29632.000000		11797.000000		268435456
1191.000000		10996.000000		18929.000000		268435456
18296.000000		20189.000000		19059.000000		268435456
11599.000000		8976.000000		18749.000000		268435456
22810.000000		6214.000000		27818.000000		268435456
24367.000000		2113.000000		23579.000000		268435456
16521.000000		19388.000000		14170.000000		268435456
26831.000000		25526.000000		16536.000000		268435456
3804.000000		19526.000000		22168.000000		268435456
32352.000000		18304.000000		11433.000000		268435456
30148.000000		16928.000000		29104.000000		268435456
16904.000000		7446.000000		11288.000000		268435456
20796.000000		4932.000000		257.000000		268435456
960.000000		8528.000000		31276.000000		268435456
12835.000000		32009.000000		21667.000000		268435456
13030.000000		32541.000000		25318.000000		268435456
9712.000000		31377.000000		10401.000000		268435456
19211.000000		3242.000000		296.000000		268435456
7117.000000		14068.000000		27116.000000		268435456
12969.000000		9911.000000		17962.000000		268435456
431.000000		7031.000000		23369.000000		268435456
24002.000000		5183.000000		27645.000000		268435456
5199.000000		26918.000000		11248.000000		268435456
24469.000000		20686.000000		6168.000000		268435456
29452.000000		2728.000000		22935.000000		268435456
15859.000000		9745.000000		21526.000000		268435456
25885.000000		13876.000000		30233.000000		268435456
7640.000000		11652.000000		29242.000000		268435456
28570.000000		24804.000000		11514.000000		268435456
5194.000000		14671.000000		16464.000000		268435456
29770.000000		15318.000000		16246.000000		268435456
22459.000000		20398.000000		26367.000000		268435456
7996.000000		18665.000000		11749.000000		268435456
3416.000000		26230.000000		19629.000000		268435456
32134.000000		22509.000000		31633.000000		268435456
19212.000000		29844.000000		6788.000000		268435456
16844.000000		16031.000000		30290.000000		268435456
29218.000000		19876.000000		26425.000000		268435456
2905.000000		11473.000000		15760.000000		268435456
4042.000000		8167.000000		24225.000000		268435456
2799.000000		27523.000000		31866.000000		268435456
18413.000000		26431.000000		20027.000000		268435456
11422.000000		28895.000000		31119.000000		268435456
17426.000000		18435.000000		7734.000000		268435456
4151.000000		19540.000000		20946.000000		268435456
839.000000		6854.000000		15264.000000		268435456
8769.000000		21826.000000		60.000000		268435456
2377.000000		3686.000000		9143.000000		268435456
9594.000000		3068.000000		16968.000000		268435456
6745.000000		14326.000000		27043.000000		268435456
316.000000		4097.000000		4275.000000		268435456
16010.000000		16495.000000		1782.000000		268435456
17265.000000		16320.000000		20415.000000		268435456
619.000000		11809.000000		23745.000000		268435456
1231.000000		21833.000000		7323.000000		268435456
9297.000000		7258.000000		20015.000000		268435456
21651.000000		28843.000000		17863.000000		268435456
25783.000000		7625.000000		7899.000000		268435456
3326.000000		19452.000000		6785.000000		268435456
21865.000000		5755.000000		3673.000000		268435456
1075.000000		7735.000000		24992.000000		268435456
5747.000000		8323.000000		22444.000000		268435456
1360.000000		18809.000000		627.000000		268435456
16658.000000		6841.000000		5802.000000		268435456
27608.000000		9789.000000		19057.000000		268435456
8216.000000		25355.000000		28270.000000		268435456
12229.000000		24748.000000		20704.000000		268435456
4727.000000		1614.000000		29547.000000		268435456
15068.000000		15903.000000		21957.000000		268435456
24567.000000		28066.000000		8391.000000		268435456
4119.000000		4185.000000		11183.000000		268435456
12622.000000		21948.000000		21501.000000		268435456
13383.000000		26931.000000		21573.000000		268435456
5118.000000		13999.000000		15097.000000		268435456
29493.000000		7333.000000		1437.000000		268435456
18384.000000		17170.000000		8236.000000		268435456
7917.000000		6257.000000		25276.000000		268435456
22215.000000		23445.000000		23882.000000		268435456
20221.000000		24549.000000		23515.000000		268435456
31195.000000		20576.000000		18610.000000		268435456
966.000000		24416.000000		31559.000000		268435456
23521.000000		7122.000000		31408.000000		268435456
30264.000000		7850.000000		27111.000000		268435456
14693.000000		31352.000000		7950.000000		268435456
22156.000000		27197.000000		17115.000000		268435456
30562.000000		29273.000000		31936.000000		268435456
23770.000000		11019.000000		28586.000000		268435456
25635.000000		4070.000000		16519.000000		268435456
25755.000000		8557.000000		20220.000000		268435456
15533.000000		26928.000000		14552.000000		268435456
26746.000000		25397.000000		26067.000000		268435456
5754.000000		26673.000000		24698.000000		268435456
9732.000000		9764.000000		24507.000000		268435456
16511.000000		844.000000		8843.000000		268435456
2318.000000		22320.000000		15474.000000		268435456
24485.000000		30546.000000		32235.000000		268435456
19698.000000		5206.000000		18928.000000		268435456
19007.000000		22699.000000		26444.000000		268435456
5612.000000		8692.000000		32728.000000		268435456
17192.000000		31092.000000		20555.000000		268435456
12097.000000		13790.000000		3513.000000		268435456
134.000000		16563.000000		24414.000000		268435456
11005.000000		16811.000000		32685.000000		268435456
13172.000000		13037.000000		30598.000000		268435456
26204.000000		4844.000000		21810.000000		268435456
23789.000000		9929.000000		32763.000000		268435456
579.000000		31560.000000		21586.000000		268435456
29146.000000		125.000000		15184.000000		268435456
16727.000000		2996.000000		22389.000000		268435456
29462.000000		25909.000000		15042.000000		268435456
1421.000000		5447.000000		24184.000000		268435456
32693.000000		13253.000000		26031.000000		268435456
25932.000000		26452.000000		23508.000000		268435456
22269.000000		16949.000000		30310.000000		268435456
5240.000000		30150.000000		7424.000000		268435456
3282.000000		30730.000000		1228.000000		268435456
14330.000000		1029.000000		22869.000000		268435456
11903.000000		27487.000000		3220.000000		268435456
15016.000000		28612.000000		29973.000000		268435456
3874.000000		15146.000000		8182.000000		268435456
28826.000000		5253.000000		28270.000000		268435456
14890.000000		2876.000000		31012.000000		268435456
21063.000000		19384.000000		18568.000000		268435456
28579.000000		22238.000000		11255.000000		268435456
27396.000000		5827.000000		11521.000000		268435456
24903.000000		21793.000000		9859.000000		268435456
20158.000000		22357.000000		30315.000000		268435456
30860.000000		30257.000000		19098.000000		268435456
6403.000000		28619.000000		30362.000000		268435456
3365.000000		9039.000000		864.000000		268435456
11186.000000		2203.000000		8688.000000		268435456
28855.000000		29504.000000		8572.000000		268435456
11764.000000		22772.000000		25831.000000		268435456
24487.000000		845.000000		19861.000000		268435456
15426.000000		33.000000		23426.000000		268435456
4178.000000		10547.000000		21522.000000		268435456
24741.000000		2632.000000		31351.000000		268435456
4368.000000		19589.000000		15959.000000		268435456
22142.000000		30368.000000		2084.000000		268435456
15049.000000		30330.000000		27898.000000		268435456
24428.000000		20020.000000		6071.000000		268435456
269.000000		7453.000000		929.000000		268435456
5930.000000		25027.000000		8970.000000		268435456
10733.000000		27468.000000		17030.000000		268435456
21125.000000		27248.000000		28713.000000		268435456
18179.000000		22808.000000		13021.000000		268435456
14771.000000		23598.000000		13686.000000		268435456
30313.000000		24669.000000		8838.000000		268435456
2224.000000		2608.000000		31717.000000		268435456
19866.000000		1964.000000		8404.000000		268435456
16497.000000		7372.000000		8404.000000		268435456
10599.000000		29150.000000		20821.000000		268435456
10763.000000		5515.000000		8533.000000		268435456
17801.000000		10981.000000		19159.000000		268435456
26911.000000		2396.000000		5911.000000		268435456
17277.000000		6842.000000		10278.000000		268435456
3372.000000		8746.000000		4908.000000		268435456
31651.000000		28026.000000		15662.000000		268435456
10647.000000		12350.000000		23893.000000		268435456
25821.000000		27662.000000		24207.000000		268435456
2690.000000		26933.000000		7847.000000		268435456
24098.000000		17134.000000		8897.000000		268435456
12497.000000		13690.000000		13472.000000		268435456
700.000000		7400.000000		19285.000000		268435456
27117.000000		28282.000000		26119.000000		268435456
15666.000000		21995.000000		27140.000000		268435456
10270.000000		32529.000000		1320.000000		268435456
22019.000000		28228.000000		10362.000000		268435456
18075.000000		17631.000000		17230.000000		268435456
4800.000000		24794.000000		11047.000000		268435456
12448.000000		11399.000000		10126.000000		268435456
28468.000000		8003.000000		9860.000000		268435456
1316.000000		7177.000000		20280.000000		268435456
23940.000000		19654.000000		15230.000000		268435456
22796.000000		9648.000000		26762.000000		268435456
7070.000000		28077.000000		23311.000000		268435456
14313.000000		845.000000		18556.000000		268435456
23372.000000		12914.000000		6702.000000		268435456
1955.000000		19642.000000		8895.000000		268435456
1987.000000		24233.000000		22165.000000		268435456
3497.000000		3542.000000		22340.000000		268435456
11915.000000		6584.000000		8728.000000		268435456
5230.000000		8058.000000		2781.000000		268435456
19209.000000		19386.000000		28028.000000		268435456
9828.000000		17431.000000		26857.000000		268435456
15137.000000		4900.000000		11530.000000		268435456
4024.000000		21499.000000		2553.000000		268435456
18591.000000		28669.000000		96.000000		268435456
27252.000000		3699.000000		8178.000000		268435456
18027.000000		2000.000000		5155.000000		268435456
28881.000000		15428.000000		16936.000000		268435456
4530.000000		29089.000000		20385.000000		268435456
16360.000000		1323.000000		5199.000000		268435456
9869.000000		23426.000000		14727.000000		268435456
10496.000000		32105.000000		6498.000000		268435456
13520.000000		9126.000000		9776.000000		268435456
14883.000000		20871.000000		24529.000000		268435456
3327.000000		15619.000000		1860.000000		268435456
22217.000000		26068.000000		26260.000000		268435456
9884.000000		31705.000000		26517.000000		268435456
8117.000000		3143.000000		13037.000000		268435456
14421.000000		16577.000000		3970.000000		268435456
5472.000000		28372.000000		7430.000000		268435456
12211.000000		30991.000000		19780.000000		268435456
25209.000000		17740.000000		28082.000000		268435456
6483.000000		8615.000000		14833.000000		268435456
9324.000000		13669.000000		4591.000000		268435456
3037.000000		30112.000000		24353.000000		268435456
26095.000000		8322.000000		30983.000000		268435456
14128.000000		17468.000000		10863.000000		268435456
25599.000000		30273.000000		14422.000000		268435456
9847.000000		8742.000000		29521.000000		268435456
12251.000000		13328.000000		23592.000000		268435456
24361.000000		22522.000000		19705.000000		268435456
24789.000000		22824.000000		28459.000000		268435456
8224.000000		9335.000000		16706.000000		268435456
24349.000000		5058.000000		19042.000000		268435456
27465.000000		13040.000000		13012.000000		268435456
27852.000000		5995.000000		15781.000000		268435456
2466.000000		5855.000000		21501.000000		268435456
1235.000000		13750.000000		9485.000000		268435456
11383.000000		17307.000000		11515.000000		268435456
32676.000000		18879.000000		6621.000000		268435456
34.000000		25506.000000		26538.000000		268435456
15276.000000		7237.000000		11722.000000		268435456
17344.000000		13568.000000		20426.000000		268435456
23543.000000		26943.000000		5547.000000		268435456
5771.000000		14513.000000		32355.000000		268435456
6543.000000		28979.000000		25854.000000		268435456
30437.000000		8461.000000		19435.000000		268435456
13434.000000		20417.000000		3521.000000		268435456
14391.000000		4010.000000		14397.000000		268435456
22380.000000		32282.000000		20622.000000		268435456
19495.000000		27953.000000		18561.000000		268435456
19829.000000		17246.000000		14085.000000		268435456
28895.000000		1557.000000		14996.000000		268435456
19297.000000		11796.000000		9947.000000		268435456
31057.000000		11577.000000		10899.000000		268435456
22144.000000		22843.000000		9778.000000		268435456
17860.000000		477.000000		12950.000000		268435456
4368.000000		1191.000000		6656.000000		268435456
29191.000000		10349.000000		30139.000000		268435456
30847.000000		15261.000000		11697.000000		268435456
3102.000000		24076.000000		16145.000000		268435456
31806.000000		13813.000000		16202.000000		268435456
8525.000000		23787.000000		12814.000000		268435456
21472.000000		7980.000000		11700.000000		268435456
26820.000000		7115.000000		19841.000000		268435456
12720.000000		19491.000000		20216.000000		268435456
6746.000000		7491.000000		845.000000		268435456
27410.000000		29574.000000		12948.000000		268435456
25884.000000		21401.000000		13908.000000		268435456
577.000000		1545.000000		14388.000000		268435456
19614.000000		9298.000000		23885.000000		268435456
13640.000000		6918.000000		32108.000000		268435456
17734.000000		25289.000000		9344.000000		268435456
25671.000000		23323.000000		17744.000000		268435456
1809.000000		15202.000000		419.000000		268435456
21870.000000		13782.000000		21238.000000		268435456
2947.000000		4417.000000		5191.000000		268435456
10024.000000		20631.000000		19524.000000		268435456
22205.000000		20098.000000		12948.000000		268435456
12651.000000		19506.000000		11428.000000		268435456
21739.000000		11120.000000		30024.000000		268435456
15671.000000		3056.000000		10087.000000		268435456
3213.000000		2851.000000		18235.000000		268435456
26009.000000		25598.000000		10242.000000		268435456
31566.000000		19599.000000		15306.000000		268435456
14292.000000		20089.000000		29293.000000		268435456
30296.000000		25844.000000		3323.000000		268435456
20610.000000		19850.000000		20555.000000		268435456
10346.000000		21788.000000		27972.000000		268435456
20931.000000		18005.000000		18337.000000		268435456
5928.000000		7422.000000		8743.000000		268435456
13019.000000		13220.000000		7753.000000		268435456
17998.000000		18836.000000		29743.000000		268435456
9163.000000		24733.000000		31075.000000		268435456
27343.000000		9986.000000		13807.000000		268435456
8133.000000		15071.000000		19057.000000		268435456
30990.000000		5487.000000		18191.000000		268435456
24466.000000		2259.000000		995.000000		268435456
172.000000		2322.000000		22926.000000		268435456
14658.000000		15394.000000		19773.000000		268435456
3495.000000		28257.000000		11967.000000		268435456
11448.000000		390.000000		13086.000000		268435456
31161.000000		4462.000000		20145.000000		268435456
29941.000000		26227.000000		10700.000000		268435456
2612.000000		21454.000000		14332.000000		268435456
1073.000000		16966.000000		14617.000000		268435456
13784.000000		32416.000000		32553.000000		268435456
25885.000000		21508.000000		24249.000000		268435456
19282.000000		26253.000000		7220.000000		268435456
9703.000000		1738.000000		12381.000000		268435456
15455.000000		30170.000000		2516.000000		268435456
16851.000000		24189.000000		6456.000000		268435456
23248.000000		5345.000000		11664.000000		268435456
1167.000000		31583.000000		18098.000000		268435456
11233.000000		25487.000000		4296.000000		268435456
11907.000000		16012.000000		1654.000000		268435456
27547.000000		22196.000000		4670.000000		268435456
17355.000000		12948.000000		3103.000000		268435456
15678.000000		8783.000000		13505.000000		268435456
30632.000000		17066.000000		24369.000000		268435456
9959.000000		30229.000000		23300.000000		268435456
9345.000000		20515.000000		8737.000000		268435456
9709.000000		999.000000		27085.000000		268435456
17611.000000		10543.000000		2453.000000		268435456
13985.000000		8180.000000		16641.000000		268435456
31610.000000		5409.000000		18217.000000		268435456
25991.000000		6328.000000		4405.000000		268435456
31422.000000		27033.000000		27993.000000		268435456
14613.000000		14620.000000		5829.000000		268435456
3645.000000		14696.000000		31323.000000		268435456
19095.000000		20823.000000		1198.000000		268435456
18964.000000		30999.000000		22042.000000		268435456
2523.000000		13168.000000		14484.000000		268435456
29229.000000		15940.000000		13189.000000		268435456
15008.000000		22118.000000		32447.000000		268435456
9699.000000		22108.000000		32758.000000		268435456
3078.000000		24425.000000		2038.000000		268435456
18913.000000		9821.000000		27486.000000		268435456
2415.000000		12978.000000		3189.000000		268435456
7869.000000		26786.000000		10860.000000		268435456
24975.000000		30159.000000		16002.000000		268435456
31939.000000		16100.000000		28671.000000		268435456
27555.000000		11148.000000		29765.000000		268435456
24043.000000		32252.000000		19827.000000		268435456
15359.000000		21943.000000		9195.000000		268435456
17644.000000		26113.000000		16806.000000		268435456
20601.000000		25452.000000		15937.000000		268435456
15595.000000		29920.000000		19672.000000		268435456
12891.000000		12988.000000		29514.000000		268435456
12094.000000		31355.000000		29609.000000		268435456
11996.000000		8899.000000		18814.000000		268435456
13612.000000		23795.000000		17884.000000		268435456
18516.000000		12161.000000		31661.000000		268435456
27073.000000		24745.000000		19895.000000		268435456
4524.000000		25375.000000		6852.000000		268435456
9224.000000		6934.000000		21261.000000		268435456
4783.000000		8294.000000		18400.000000		268435456
31810.000000		18584.000000		10582.000000		268435456
28493.000000		30853.000000		20599.000000		268435456
7937.000000		23729.000000		25188.000000		268435456
9457.000000		29320.000000		22907.000000		268435456
18217.000000		8572.000000		18329.000000		268435456
6258.000000		29962.000000		26565.000000		268435456
21568.000000		26175.000000		31136.000000		268435456
13391.000000		29439.000000		17196.000000		268435456
25755.000000		26204.000000		6944.000000		268435456
18987.000000		8883.000000		16144.000000		268435456
13130.000000		2330.000000		1250.000000		268435456
7124.000000		29267.000000		11845.000000		268435456
18384.000000		12281.000000		16981.000000		268435456
12077.000000		12175.000000		413.000000		268435456
23044.000000		19592.000000		2952.000000		268435456
11731.000000		62.000000		6024.000000		268435456
14005.000000		14334.000000		11748.000000		268435456
23648.000000		26641.000000		26750.000000		268435456
489.000000		5637.000000		26445.000000		268435456
32399.000000		15272.000000		20273.000000		268435456
31173.000000		14701.000000		12155.000000		268435456
5294.000000		7090.000000		31933.000000		268435456
27017.000000		23761.000000		22945.000000		268435456
5160.000000		29407.000000		2117.000000		268435456
24100.000000		23113.000000		27843.000000		268435456
24585.000000		1991.000000		18121.000000		268435456
30276.000000		13500.000000		6981.000000		268435456
10184.000000		4118.000000		793.000000		268435456
26108.000000		2687.000000		29341.000000		268435456
16830.000000		25759.000000		5924.000000		268435456
2632.000000		15409.000000		16939.000000		268435456
25614.000000		3616.000000		7972.000000		268435456
17180.000000		1050.000000		25761.000000		268435456
6648.000000		28896.000000		21581.000000		268435456
19144.000000		14721.000000		6540.000000		268435456
19643.000000		29037.000000		24585.000000		268435456
30670.000000		22695.000000		1235.000000		268435456
32407.000000		5922.000000		31211.000000		268435456
21118.000000		29553.000000		18505.000000		268435456
15259.000000		324.000000		12767.000000		268435456
14840.000000		14309.000000		4007.000000		268435456
5938.000000		2509.000000		13627.000000		268435456
3170.000000		4357.000000		24966.000000		268435456
7861.000000		15682.000000		30915.000000		268435456
29813.000000		23472.000000		10295.000000		268435456
18537.000000		28975.000000		19132.000000		268435456
12971.000000		3213.000000		15237.000000		268435456
25525.000000		19218.000000		14240.000000		268435456
693.000000		17711.000000		20675.000000		268435456
14960.000000		2017.000000		12567.000000		268435456
11782.000000		1520.000000		10431.000000		268435456
15512.000000		22638.000000		23100.000000		268435456
659.000000		14140.000000		11113.000000		268435456
1752.000000		16730.000000		3412.000000		268435456
20757.000000		56.000000		28488.000000		268435456
10649.000000		11605.000000		28294.000000		268435456
22645.000000		6675.000000		32549.000000		268435456
6559.000000		22228.000000		31802.000000		268435456
11306.000000		22111.000000		6756.000000		268435456
29788.000000		27277.000000		22814.000000		268435456
16810.000000		13374.000000		15626.000000		268435456
4474.000000		22110.000000		21766.000000		268435456
30020.000000		29527.000000		613.000000		268435456
2136.000000		12380.000000		20773.000000		268435456
4351.000000		25792.000000		449.000000		268435456
11106.000000		4162.000000		20816.000000		268435456
16458.000000		6495.000000		9927.000000		268435456
21642.000000		10626.000000		12102.000000		268435456
29091.000000		19072.000000		20291.000000		268435456
1372.000000		32408.000000		17977.000000		268435456
902.000000		17540.000000		13965.000000		268435456
8791.000000		13945.000000		23557.000000		268435456
19516.000000		1271.000000		31442.000000		268435456
17548.000000		811.000000		23257.000000		268435456
9315.000000		29813.000000		25309.000000		268435456
3521.000000		13551.000000		26950.000000		268435456
10825.000000		31260.000000		2877.000000		268435456
27260.000000		6027.000000		26599.000000		268435456
2154.000000		27019.000000		22490.000000		268435456
2765.000000		8067.000000		8992.000000		268435456
13242.000000		19855.000000		852.000000		268435456
26025.000000		19314.000000		27817.000000		268435456
26234.000000		8471.000000		30657.000000		268435456
9267.000000		448.000000		9186.000000		268435456
8909.000000		29957.000000		21672.000000		268435456
10574.000000		11612.000000		17694.000000		268435456
21575.000000		7406.000000		13382.000000		268435456
24391.000000		31830.000000		14182.000000		268435456
18987.000000		5619.000000		30343.000000		268435456
22644.000000		31073.000000		3434.000000		268435456
19477.000000		16946.000000		8752.000000		268435456
28966.000000		21919.000000		6549.000000		268435456
2370.000000		6269.000000		23862.000000		268435456
20538.000000		10837.000000		24193.000000		268435456
9909.000000		23394.000000		9011.000000		268435456
12581.000000		21072.000000		23611.000000		268435456
19172.000000		7073.000000		19824.000000		268435456
7521.000000		18722.000000		20503.000000		268435456
17855.000000		2468.000000		16909.000000		268435456
29814.000000		21118.000000		12.000000		268435456
27168.000000		13983.000000		18463.000000		268435456
10522.000000		5732.000000		27590.000000		268435456
27152.000000		12625.000000		7395.000000		268435456
16155.000000		28373.000000		3317.000000		268435456
6496.000000		13226.000000		2649.000000		268435456
10515.000000		27205.000000		32128.000000		268435456
29318.000000		11713.000000		31197.000000		268435456
30224.000000		4627.000000		13735.000000		268435456
10179.000000		12245.000000		23965.000000		268435456
7870.000000		26267.000000		27960.000000		268435456
32506.000000		22616.000000		25087.000000		268435456
32435.000000		19146.000000		21089.000000		268435456
16572.000000		19511.000000		13390.000000		268435456
29156.000000		22335.000000		3531.000000		268435456
13182.000000		11984.000000		24138.000000		268435456
30583.000000		20821.000000		16125.000000		268435456
492.000000		23648.000000		20080.000000		268435456
29290.000000		23727.000000		3380.000000		268435456
6103.000000		9417.000000		13075.000000		268435456
30152.000000		32283.000000		26685.000000		268435456
827.000000		15872.000000		25249.000000		268435456
19810.000000		15591.000000		29168.000000		268435456
20285.000000		27790.000000		13730.000000		268435456
30016.000000		11266.000000		5206.000000		268435456
11581.000000		17877.000000		1881.000000		268435456
16724.000000		30331.000000		20909.000000		268435456
9297.000000		17192.000000		6158.000000		268435456
25611.000000		17206.000000		12989.000000		268435456
31170.000000		28117.000000		22629.000000		268435456
7630.000000		29177.000000		11578.000000		268435456
9566.000000		2984.000000		18263.000000		268435456
30871.000000		26651.000000		16177.000000		268435456
31422.000000		12444.000000		5281.000000		268435456
23081.000000		28029.000000		7595.000000		268435456
19668.000000		17840.000000		14276.000000		268435456
15488.000000		2703.000000		1032.000000		268435456
17244.000000		15895.000000		12276.000000		268435456
20381.000000		32404.000000		16074.000000		268435456
29185.000000		11074.000000		15231.000000		268435456
30907.000000		20836.000000		18366.000000		268435456
3932.000000		30065.000000		5521.000000		268435456
25223.000000		18006.000000		710.000000		268435456
32273.000000		461.000000		16238.000000		268435456
28416.000000		7709.000000		12730.000000		268435456
17589.000000		20542.000000		5739.000000		268435456
9977.000000		13246.000000		23318.000000		268435456
8520.000000		27253.000000		2643.000000		268435456
3196.000000		9447.000000		29283.000000		268435456
11111.000000		10981.000000		16377.000000		268435456
19586.000000		28748.000000		25261.000000		268435456
1149.000000		15777.000000		23078.000000		268435456
438.000000		21722.000000		31331.000000		268435456
30624.000000		5715.000000		5931.000000		268435456
23871.000000		21213.000000		30052.000000		268435456
13018.000000		15818.000000		31666.000000		268435456
27586.000000		3184.000000		19769.000000		268435456
530.000000		7901.000000		29611.000000		268435456
7201.000000		29897.000000		24739.000000		268435456
14290.000000		11650.000000		14445.000000		268435456
31396.000000		22085.000000		15108.000000		268435456
19090.000000		13428.000000		30552.000000		268435456
3712.000000		17726.000000		6481.000000		268435456
11617.000000		5314.000000		13981.000000		268435456
16646.000000		10768.000000		3470.000000		268435456
8437.000000		8207.000000		24063.000000		268435456
31968.000000		14043.000000		8958.000000		268435456
13962.000000		16760.000000		10152.000000		268435456
6430.000000		28129.000000		29846.000000		268435456
4135.000000		12885.000000		8539.000000		268435456
30467.000000		25488.000000		5199.000000		268435456
8718.000000		20304.000000		24762.000000		268435456
19160.000000		13212.000000		15714.000000		268435456
26508.000000		6026.000000		11599.000000		268435456
10031.000000		17077.000000		25769.000000		268435456
12649.000000		17090.000000		14748.000000		268435456
24395.000000		28341.000000		8581.000000		268435456
32410.000000		31932.000000		8290.000000		268435456
191.000000		19816.000000		28448.000000		268435456
16401.000000		860.000000		19923.000000		268435456
19802.000000		7725.000000		14573.000000		268435456
3767.000000		29229.000000		21627.000000		268435456
5615.000000		11562.000000		22177.000000		268435456
18162.000000		16720.000000		31736.000000		268435456
27561.000000		9932.000000		23343.000000		268435456
16208.000000		14082.000000		11229.000000		268435456
8420.000000		20668.000000		14174.000000		268435456
30756.000000		4672.000000		16214.000000		268435456
21442.000000		22944.000000		31765.000000		268435456
16442.000000		23085.000000		24164.000000		268435456
3065.000000		823.000000		20858.000000		268435456
28398.000000		20808.000000		16330.000000		268435456
8839.000000		25269.000000		20328.000000		268435456
3660.000000		23703.000000		17153.000000		268435456
1361.000000		24938.000000		6389.000000		268435456
12287.000000		3660.000000		13270.000000		268435456
16859.000000		7189.000000		16378.000000		268435456
15932.000000		16529.000000		20851.000000		268435456
27033.000000		18808.000000		22233.000000		268435456
30187.000000		6275.000000		28934.000000		268435456
10123.000000		258.000000		1527.000000		268435456
27065.000000		12925.000000		22599.000000		268435456
4636.000000		8368.000000		18341.000000		268435456
1507.000000		28739.000000		18055.000000		268435456
13698.000000		15730.000000		26733.000000		268435456
6858.000000		14007.000000		8977.000000		268435456
21005.000000		2991.000000		25338.000000		268435456
2232.000000		11279.000000		32260.000000		268435456
10028.000000		5579.000000		30232.000000		268435456
20838.000000		2249.000000		3307.000000		268435456
12048.000000		29876.000000		14467.000000		268435456
9234.000000		7390.000000		7875.000000		268435456
14378.000000		8927.000000		16754.000000		268435456
32595.000000		6095.000000		15150.000000		268435456
8457.000000		31810.000000		3625.000000		268435456
20460.000000		15788.000000		20224.000000		268435456
28728.000000		7722.000000		27642.000000		268435456
5699.000000		19495.000000		31855.000000		268435456
25896.000000		12284.000000		11127.000000		268435456
9299.000000		14918.000000		28553.000000		268435456
16474.000000		14921.000000		3268.000000		268435456
1068.000000		605.000000		1981.000000		268435456
12340.000000		9148.000000		32330.000000		268435456
7007.000000		6481.000000		19866.000000		268435456
23885.000000		17342.000000		15937.000000		268435456
14823.000000		26453.000000		6168.000000		268435456
19479.000000		18676.000000		1213.000000		268435456
880.000000		21916.000000		1786.000000		268435456
812.000000		1506.000000		24399.000000		268435456
6156.000000		8634.000000		8244.000000		268435456
27818.000000		8265.000000		10324.000000		268435456
7597.000000		29351.000000		31830.000000		268435456
3681.000000		12330.000000		21379.000000		268435456
24076.000000		29861.000000		4718.000000		268435456
18370.000000		8557.000000		30310.000000		268435456
9402.000000		22643.000000		28125.000000		268435456
5582.000000		14237.000000		20149.000000		268435456
30607.000000		18321.000000		30990.000000		268435456
15482.000000		30013.000000		25040.000000		268435456
14264.000000		651.000000		7708.000000		268435456
29244.000000		28821.000000		30669.000000		268435456
17423.000000		16254.000000		23230.000000		268435456
5570.000000		24090.000000		31191.000000		268435456
25986.000000		20050.000000		5914.000000		268435456
24323.000000		23733.000000		28364.000000		268435456
13492.000000		21860.000000		10058.000000		268435456
13352.000000		27276.000000		16988.000000		268435456
21541.000000		29839.000000		28087.000000		268435456
8187.000000		26922.000000		541.000000		268435456
23666.000000		5594.000000		10394.000000		268435456
10981.000000		19988.000000		6470.000000		268435456
16543.000000		31285.000000		8001.000000		268435456
22689.000000		6437.000000		7964.000000		268435456
20065.000000		30214.000000		13292.000000		268435456
7210.000000		31824.000000		21804.000000		268435456
21211.000000		9335.000000		25943.000000		268435456
141.000000		22680.000000		18918.000000		268435456
26204.000000		27079.000000		5973.000000		268435456
24747.000000		25173.000000		2370.000000		268435456
493.000000		15371.000000		7171.000000		268435456
8467.000000		29487.000000		10339.000000		268435456
22492.000000		10016.000000		32633.000000		268435456
18028.000000		23113.000000		6789.000000		268435456
1162.000000		11197.000000		5649.000000		268435456
18487.000000		27537.000000		27794.000000		268435456
7957.000000		17127.000000		20873.000000		268435456
29387.000000		13631.000000		4650.000000		268435456
2505.000000		17976.000000		31669.000000		268435456
23766.000000		11991.000000		10771.000000		268435456
12370.000000		4783.000000		13694.000000		268435456
13262.000000		30550.000000		22851.000000		268435456
13856.000000		16144.000000		3932.000000		268435456
16402.000000		24653.000000		25338.000000		268435456
397.000000		32754.000000		19603.000000		268435456
19630.000000		8724.000000		18866.000000		268435456
8344.000000		8978.000000		29905.000000		268435456
26622.000000		14695.000000		22481.000000		268435456
19026.000000		14466.000000		20488.000000		268435456
2467.000000		10495.000000		16467.000000		268435456
19539.000000		23503.000000		22164.000000		268435456
24458.000000		14853.000000		26350.000000		268435456
5589.000000		26674.000000		5140.000000		268435456
9969.000000		27773.000000		7268.000000		268435456
23104.000000		2661.000000		1399.000000		268435456
22448.000000		9451.000000		1782.000000		268435456
848.000000		26559.000000		11050.000000		268435456
22322.000000		22253.000000		22583.000000		268435456
28444.000000		17808.000000		28281.000000		268435456
13791.000000		1147.000000		10417.000000		268435456
20642.000000		3332.000000		9584.000000		268435456
29925.000000		30725.000000		10011.000000		268435456
2476.000000		1777.000000		742.000000		268435456
19367.000000		13236.000000		3088.000000		268435456
2853.000000		2141.000000		10364.000000		268435456
11063.000000		14957.000000		17542.000000		268435456
17720.000000		21405.000000		28335.000000		268435456
9126.000000		10095.000000		21627.000000		268435456
719.000000		31579.000000		23377.000000		268435456
8720.000000		3997.000000		24711.000000		268435456
17482.000000		27625.000000		14598.000000		268435456
4017.000000		29655.000000		26719.000000		268435456
23436.000000		13481.000000		25241.000000		268435456
31073.000000		11763.000000		21867.000000		268435456
16296.000000		3700.000000		11069.000000		268435456
25670.000000		18985.000000		26615.000000		268435456
22745.000000		15678.000000		26915.000000		268435456
8108.000000		15640.000000		4782.000000		268435456
30094.000000		6772.000000		6624.000000		268435456
3378.000000		27309.000000		18266.000000		268435456
16292.000000		8899.000000		28830.000000		268435456
20435.000000		3219.000000		26916.000000		268435456
30000.000000		7492.000000		27664.000000		268435456
26494.000000		18164.000000		22469.000000		268435456
27235.000000		11079.000000		26263.000000		268435456
16933.000000		12462.000000		9319.000000		268435456
622.000000		5934.000000		32034.000000		268435456
3230.000000		20563.000000		19498.000000		268435456
27506.000000		24096.000000		14768.000000		268435456
23718.000000		8584.000000		7555.000000		268435456
3545.000000		885.000000		13432.000000		268435456
31451.000000		11935.000000		1272.000000		268435456
22962.000000		3620.000000		27426.000000		268435456
28317.000000		14459.000000		13024.000000		268435456
31974.000000		28582.000000		28574.000000		268435456
18176.000000		23337.000000		12076.000000		268435456
9054.000000		20744.000000		22644.000000		268435456
17251.000000		10160.000000		20847.000000		268435456
15985.000000		11807.000000		6823.000000		268435456
17220.000000		23548.000000		663.000000		268435456
816.000000		4120.000000		14716.000000		268435456
6249.000000		18431.000000		31511.000000		268435456
26484.000000		28639.000000		4809.000000		268435456
18296.000000		6997.000000		11121.000000		268435456
29620.000000		7704.000000		3735.000000		268435456
17035.000000		22796.000000		30305.000000		268435456
21511.000000		20880.000000		12087.000000		268435456
1649.000000		5987.000000		11038.000000		268435456
15595.000000		32376.000000		31524.000000		268435456
3732.000000		3998.000000		4962.000000		268435456
2203.000000		10193.000000		3134.000000		268435456
7351.000000		26175.000000		15423.000000		268435456
30755.000000		18879.000000		18502.000000		268435456
10513.000000		3650.000000		12777.000000		268435456
20338.000000		5832.000000		29859.000000		268435456
17517.000000		18990.000000		1532.000000		268435456
9749.000000		23345.000000		3033.000000		268435456
6489.000000		9248.000000		29930.000000		268435456
20066.000000		16616.000000		1339.000000		268435456
23171.000000		21013.000000		10895.000000		268435456
13119.000000		13250.000000		12212.000000		268435456
7132.000000		28188.000000		20265.000000		268435456
4298.000000		6398.000000		26314.000000		268435456
8474.000000		16956.000000		32020.000000		268435456
1667.000000		15935.000000		21793.000000		268435456
