3 902
21486.000000		26258.000000		29970.000000		268435456
23867.000000		29940.000000		23452.000000		268435456
736.000000		3407.000000		30587.000000		268435456
15868.000000		14110.000000		4790.000000		268435456
25641.000000		22416.000000		18632.000000		268435456
19145.000000		23549.000000		23082.000000		268435456
9204.000000		11413.000000		2019.000000		268435456
24792.000000		30216.000000		29756.000000		268435456
9862.000000		5737.000000		18987.000000		268435456
7576.000000		11366.000000		9516.000000		268435456
18937.000000		29218.000000		10794.000000		268435456
21499.000000		30331.000000		11794.000000		268435456
27959.000000		29816.000000		27990.000000		268435456
200.000000		3713.000000		1687.000000		268435456
3650.000000		27755.000000		25505.000000		268435456
13661.000000		5310.000000		18640.000000		268435456
1577.000000		4327.000000		31235.000000		268435456
28061.000000		25908.000000		10669.000000		268435456
13110.000000		18350.000000		5441.000000		268435456
28936.000000		8161.000000		23991.000000		268435456
21057.000000		754.000000		15524.000000		268435456
2091.000000		26606.000000		15629.000000		268435456
28200.000000		24669.000000		29791.000000		268435456
18152.000000		30805.000000		10982.000000		268435456
14553.000000		28541.000000		30149.000000		268435456
16710.000000		27881.000000		1022.000000		268435456
25464.000000		16078.000000		18351.000000		268435456
977.000000		5321.000000		29885.000000		268435456
13181.000000		21977.000000		9120.000000		268435456
27049.000000		24481.000000		25335.000000		268435456
12522.000000		26656.000000		9342.000000		268435456
14800.000000		2374.000000		24720.000000		268435456
28130.000000		8145.000000		513.000000		268435456
8804.000000		8083.000000		13169.000000		268435456
8773.000000		12400.000000		10283.000000		268435456
950.000000		27789.000000		13455.000000		268435456
13862.000000		16635.000000		23644.000000		268435456
22154.000000		17210.000000		27376.000000		268435456
27695.000000		31292.000000		27111.000000		268435456
8162.000000		14256.000000		10484.000000		268435456
14670.000000		28989.000000		3628.000000		268435456
10779.000000		31558.000000		24911.000000		268435456
2375.000000		3863.000000		8365.000000		268435456
28238.000000		31727.000000		13934.000000		268435456
18428.000000		20125.000000		19854.000000		268435456
2607.000000		4638.000000		16971.000000		268435456
5508.000000		32142.000000		14723.000000		268435456
7645.000000		2772.000000		3534.000000		268435456
8048.000000		29261.000000		7197.000000		268435456
19044.000000		17305.000000		30290.000000		268435456
17357.000000		10329.000000		23025.000000		268435456
5346.000000		27793.000000		9456.000000		268435456
29377.000000		17653.000000		31248.000000		268435456
31625.000000		26871.000000		3725.000000		268435456
18904.000000		29381.000000		2753.000000		268435456
24819.000000		16536.000000		1259.000000		268435456
12379.000000		7747.000000		14225.000000		268435456
26506.000000		13606.000000		42.000000		268435456
24135.000000		13920.000000		1785.000000		268435456
14831.000000		25724.000000		17787.000000		268435456
16315.000000		31664.000000		94.000000		268435456
24222.000000		32050.000000		15087.000000		268435456
9472.000000		28134.000000		27414.000000		268435456
25677.000000		32007.000000		25005.000000		268435456
13162.000000		23188.000000		32166.000000		268435456
16815.000000		18700.000000		26363.000000		268435456
9676.000000		16747.000000		16522.000000		268435456
32422.000000		15771.000000		20941.000000		268435456
11063.000000		365.000000		10781.000000		268435456
30217.000000		10366.000000		21982.000000		268435456
10546.000000		24522.000000		8567.000000		268435456
1669.000000		2509.000000		5772.000000		268435456
25272.000000		17515.000000		13408.000000		268435456
11846.000000		2158.000000		29404.000000		268435456
6037.000000		20813.000000		28844.000000		268435456
8301.000000		19775.000000		8565.000000		268435456
10242.000000		4414.000000		2960.000000		268435456
13433.000000		1106.000000		15997.000000		268435456
13964.000000		12189.000000		25055.000000		268435456
28459.000000		9661.000000		18065.000000		268435456
13991.000000		20003.000000		29225.000000		268435456
8601.000000		28659.000000		8536.000000		268435456
24705.000000		28395.000000		20012.000000		268435456
1630.000000		15259.000000		9048.000000		268435456
13040.000000		22572.000000		13090.000000		268435456
11823.000000		5477.000000		8736.000000		268435456
4749.000000		9311.000000		4301.000000		268435456
17475.000000		25677.000000		9947.000000		268435456
16731.000000		11471.000000		21835.000000		268435456
2115.000000		25413.000000		19182.000000		268435456
27793.000000		30144.000000		26651.000000		268435456
7877.000000		27463.000000		10032.000000		268435456
30295.000000		2737.000000		26850.000000		268435456
23171.000000		1845.000000		18896.000000		268435456
32664.000000		7780.000000		5829.000000		268435456
12228.000000		7447.000000		12316.000000		268435456
6718.000000		5555.000000		19318.000000		268435456
28852.000000		12437.000000		6290.000000		268435456
1644.000000		13658.000000		16718.000000		268435456
3236.000000		28864.000000		30471.000000		268435456
32147.000000		19005.000000		32256.000000		268435456
9566.000000		30595.000000		14284.000000		268435456
25718.000000		8406.000000		17356.000000		268435456
13592.000000		27480.000000		8219.000000		268435456
22908.000000		19402.000000		26943.000000		268435456
1202.000000		9236.000000		18732.000000		268435456
1754.000000		25308.000000		31710.000000		268435456
9520.000000		6628.000000		16574.000000		268435456
30849.000000		23220.000000		11347.000000		268435456
20670.000000		20947.000000		5380.000000		268435456
979.000000		11056.000000		17134.000000		268435456
22177.000000		15730.000000		19250.000000		268435456
9094.000000		32065.000000		20893.000000		268435456
21204.000000		11130.000000		18198.000000		268435456
5195.000000		23165.000000		5288.000000		268435456
15699.000000		1400.000000		20362.000000		268435456
3846.000000		10221.000000		1493.000000		268435456
9783.000000		15087.000000		28318.000000		268435456
17342.000000		25283.000000		7610.000000		268435456
2864.000000		29804.000000		15823.000000		268435456
17553.000000		28920.000000		11628.000000		268435456
26632.000000		2432.000000		3489.000000		268435456
29263.000000		12549.000000		11981.000000		268435456
18219.000000		19108.000000		5490.000000		268435456
17544.000000		6962.000000		29731.000000		268435456
30831.000000		3170.000000		17268.000000		268435456
1323.000000		3123.000000		20419.000000		268435456
910.000000		4975.000000		11765.000000		268435456
23574.000000		1030.000000		13036.000000		268435456
14604.000000		6504.000000		24206.000000		268435456
24862.000000		5461.000000		28465.000000		268435456
16263.000000		12403.000000		1237.000000		268435456
27505.000000		16581.000000		18432.000000		268435456
29855.000000		24575.000000		24978.000000		268435456
2930.000000		21752.000000		27166.000000		268435456
16373.000000		32584.000000		15546.000000		268435456
6226.000000		30516.000000		15680.000000		268435456
23542.000000		8818.000000		18327.000000		268435456
3343.000000		477.000000		26621.000000		268435456
27503.000000		30037.000000		14817.000000		268435456
10417.000000		15703.000000		22736.000000		268435456
17431.000000		11098.000000		5050.000000		268435456
29648.000000		27872.000000		18153.000000		268435456
30101.000000		19947.000000		1992.000000		268435456
453.000000		3198.000000		29681.000000		268435456
4526.000000		15206.000000		30694.000000		268435456
3619.000000		15910.000000		5151.000000		268435456
26011.000000		9887.000000		29723.000000		268435456
1851.000000		5008.000000		13343.000000		268435456
32185.000000		27468.000000		7905.000000		268435456
15587.000000		28553.000000		19648.000000		268435456
17426.000000		9708.000000		2782.000000		268435456
22197.000000		29848.000000		619.000000		268435456
8049.000000		15887.000000		26010.000000		268435456
30585.000000		12360.000000		25287.000000		268435456
31736.000000		2056.000000		24540.000000		268435456
7045.000000		14733.000000		23834.000000		268435456
26490.000000		24434.000000		4017.000000		268435456
24113.000000		7658.000000		16967.000000		268435456
15106.000000		11782.000000		20815.000000		268435456
30379.000000		3173.000000		24445.000000		268435456
30798.000000		19131.000000		17223.000000		268435456
30425.000000		32370.000000		21226.000000		268435456
23849.000000		2860.000000		12239.000000		268435456
14091.000000		32347.000000		7186.000000		268435456
2022.000000		21932.000000		22535.000000		268435456
28575.000000		26569.000000		12710.000000		268435456
12146.000000		3222.000000		30592.000000		268435456
24050.000000		27263.000000		9436.000000		268435456
13994.000000		23486.000000		17781.000000		268435456
1068.000000		103.000000		7872.000000		268435456
5633.000000		22283.000000		1654.000000		268435456
11211.000000		16255.000000		24063.000000		268435456
1947.000000		1440.000000		15477.000000		268435456
24828.000000		17732.000000		23558.000000		268435456
24928.000000		30495.000000		31851.000000		268435456
12573.000000		15540.000000		30367.000000		268435456
26046.000000		26863.000000		14366.000000		268435456
8448.000000		254.000000		30536.000000		268435456
24332.000000		24457.000000		12197.000000		268435456
8136.000000		28271.000000		9209.000000		268435456
25291.000000		31798.000000		4543.000000		268435456
16758.000000		24650.000000		15639.000000		268435456
28992.000000		20934.000000		25377.000000		268435456
22655.000000		30085.000000		31425.000000		268435456
6934.000000		6952.000000		25650.000000		268435456
10246.000000		20384.000000		20417.000000		268435456
14854.000000		3310.000000		10755.000000		268435456
28808.000000		26136.000000		702.000000		268435456
27325.000000		5915.000000		19040.000000		268435456
5921.000000		3617.000000		7819.000000		268435456
9594.000000		24277.000000		9282.000000		268435456
11187.000000		18855.000000		24740.000000		268435456
24594.000000		4040.000000		17685.000000		268435456
11414.000000		8651.000000		14641.000000		268435456
24416.000000		29541.000000		142.000000		268435456
9880.000000		4184.000000		12849.000000		268435456
5962.000000		4161.000000		21509.000000		268435456
18037.000000		6368.000000		15258.000000		268435456
32744.000000		32314.000000		28549.000000		268435456
11540.000000		32132.000000		30858.000000		268435456
27495.000000		11314.000000		3613.000000		268435456
27176.000000		17555.000000		19935.000000		268435456
31680.000000		6782.000000		29718.000000		268435456
30981.000000		23427.000000		11479.000000		268435456
10338.000000		6491.000000		17678.000000		268435456
2510.000000		22772.000000		29823.000000		268435456
9050.000000		32006.000000		15668.000000		268435456
21828.000000		697.000000		23324.000000		268435456
10909.000000		333.000000		23.000000		268435456
17370.000000		7709.000000		11483.000000		268435456
15743.000000		21678.000000		29887.000000		268435456
24803.000000		32737.000000		24410.000000		268435456
6023.000000		1892.000000		23058.000000		268435456
30956.000000		7837.000000		4599.000000		268435456
2324.000000		29937.000000		12207.000000		268435456
28328.000000		26008.000000		8422.000000		268435456
7056.000000		16132.000000		3777.000000		268435456
21487.000000		32549.000000		1395.000000		268435456
12843.000000		9932.000000		27521.000000		268435456
15560.000000		5420.000000		26632.000000		268435456
22863.000000		3607.000000		17241.000000		268435456
8307.000000		27504.000000		6342.000000		268435456
1612.000000		15315.000000		17638.000000		268435456
231.000000		2725.000000		10711.000000		268435456
30193.000000		14277.000000		22095.000000		268435456
2892.000000		17527.000000		12989.000000		268435456
29701.000000		16275.000000		21417.000000		268435456
1104.000000		30740.000000		26195.000000		268435456
28388.000000		2934.000000		16994.000000		268435456
10603.000000		31701.000000		11572.000000		268435456
8623.000000		25387.000000		22497.000000		268435456
19568.000000		15387.000000		29891.000000		268435456
9412.000000		29701.000000		24808.000000		268435456
24827.000000		18552.000000		26387.000000		268435456
10114.000000		32549.000000		9304.000000		268435456
2968.000000		32700.000000		23120.000000		268435456
18309.000000		25413.000000		5981.000000		268435456
4287.000000		8329.000000		1674.000000		268435456
14555.000000		18330.000000		29242.000000		268435456
22004.000000		1894.000000		1762.000000		268435456
4065.000000		21944.000000		15400.000000		268435456
4522.000000		9372.000000		26512.000000		268435456
18636.000000		3717.000000		2561.000000		268435456
22213.000000		829.000000		5179.000000		268435456
29188.000000		27277.000000		16048.000000		268435456
28352.000000		26651.000000		29336.000000		268435456
30180.000000		12390.000000		28064.000000		268435456
486.000000		27304.000000		25425.000000		268435456
13686.000000		19419.000000		24223.000000		268435456
28459.000000		17135.000000		22421.000000		268435456
18752.000000		1818.000000		28653.000000		268435456
32125.000000		12064.000000		13295.000000		268435456
7752.000000		25372.000000		32372.000000		268435456
20129.000000		6256.000000		26929.000000		268435456
5329.000000		32505.000000		25940.000000		268435456
16384.000000		21047.000000		4750.000000		268435456
4994.000000		5612.000000		23886.000000		268435456
16372.000000		16271.000000		5192.000000		268435456
31983.000000		10801.000000		22969.000000		268435456
7787.000000		10982.000000		14448.000000		268435456
28363.000000		1794.000000		17399.000000		268435456
5626.000000		30785.000000		12203.000000		268435456
31007.000000		28257.000000		30637.000000		268435456
18111.000000		26139.000000		14846.000000		268435456
24921.000000		5998.000000		28975.000000		268435456
11934.000000		6702.000000		8210.000000		268435456
22560.000000		10361.000000		3284.000000		268435456
25277.000000		3714.000000		8036.000000		268435456
6683.000000		9236.000000		20794.000000		268435456
31815.000000		26778.000000		3169.000000		268435456
4923.000000		25296.000000		22422.000000		268435456
24291.000000		10131.000000		17257.000000		268435456
6437.000000		15209.000000		19627.000000		268435456
18792.000000		14226.000000		7711.000000		268435456
31946.000000		31110.000000		2564.000000		268435456
4519.000000		10204.000000		5267.000000		268435456
23643.000000		18283.000000		14962.000000		268435456
4712.000000		20059.000000		2610.000000		268435456
5641.000000		18716.000000		11788.000000		268435456
16114.000000		24207.000000		5243.000000		268435456
20832.000000		26597.000000		16675.000000		268435456
4531.000000		13079.000000		24031.000000		268435456
6173.000000		17233.000000		22240.000000		268435456
13279.000000		4174.000000		12652.000000		268435456
14529.000000		30948.000000		13193.000000		268435456
23072.000000		19384.000000		19458.000000		268435456
31841.000000		1599.000000		19363.000000		268435456
30388.000000		22325.000000		22082.000000		268435456
26205.000000		372.000000		13418.000000		268435456
7046.000000		42.000000		30345.000000		268435456
4088.000000		20917.000000		5973.000000		268435456
18209.000000		4648.000000		19585.000000		268435456
2839.000000		1695.000000		11676.000000		268435456
28057.000000		18875.000000		28726.000000		268435456
24207.000000		30421.000000		10752.000000		268435456
27319.000000		28510.000000		19636.000000		268435456
29631.000000		32423.000000		26183.000000		268435456
15625.000000		23501.000000		29333.000000		268435456
113.000000		7665.000000		30499.000000		268435456
426.000000		24109.000000		22792.000000		268435456
26940.000000		24706.000000		17532.000000		268435456
14045.000000		20927.000000		1082.000000		268435456
6097.000000		32419.000000		15710.000000		268435456
24523.000000		29720.000000		15913.000000		268435456
7678.000000		2966.000000		1526.000000		268435456
19980.000000		3608.000000		2880.000000		268435456
2387.000000		26155.000000		25439.000000		268435456
9663.000000		4374.000000		22107.000000		268435456
21667.000000		949.000000		31791.000000		268435456
14172.000000		14069.000000		2045.000000		268435456
15323.000000		10252.000000		5644.000000		268435456
5764.000000		20259.000000		27355.000000		268435456
11239.000000		15707.000000		6054.000000		268435456
30591.000000		31668.000000		29706.000000		268435456
27545.000000		21737.000000		5105.000000		268435456
25894.000000		2316.000000		20343.000000		268435456
15313.000000		30246.000000		20079.000000		268435456
24427.000000		4065.000000		370.000000		268435456
23636.000000		21404.000000		20971.000000		268435456
30397.000000		1143.000000		5227.000000		268435456
28698.000000		21909.000000		10747.000000		268435456
4857.000000		1888.000000		13880.000000		268435456
30454.000000		14487.000000		25877.000000		268435456
21674.000000		2864.000000		27262.000000		268435456
19425.000000		20996.000000		2088.000000		268435456
30145.000000		32731.000000		8207.000000		268435456
7768.000000		30591.000000		24050.000000		268435456
19217.000000		32698.000000		5469.000000		268435456
653.000000		5607.000000		23435.000000		268435456
6707.000000		17262.000000		7252.000000		268435456
18255.000000		19206.000000		220.000000		268435456
28569.000000		14613.000000		2103.000000		268435456
4609.000000		24902.000000		30460.000000		268435456
3833.000000		20625.000000		28751.000000		268435456
8182.000000		28424.000000		1964.000000		268435456
3170.000000		12748.000000		2201.000000		268435456
18950.000000		9080.000000		12387.000000		268435456
9868.000000		29509.000000		11691.000000		268435456
21053.000000		2281.000000		22698.000000		268435456
11079.000000		22082.000000		29578.000000		268435456
27892.000000		18723.000000		26305.000000		268435456
5397.000000		23425.000000		7986.000000		268435456
11698.000000		23086.000000		24247.000000		268435456
15701.000000		32318.000000		234.000000		268435456
21922.000000		31347.000000		14209.000000		268435456
134.000000		23774.000000		14796.000000		268435456
17550.000000		6489.000000		28344.000000		268435456
6794.000000		23987.000000		8455.000000		268435456
20112.000000		17817.000000		28415.000000		268435456
24312.000000		17282.000000		19897.000000		268435456
18434.000000		3336.000000		26181.000000		268435456
21970.000000		30932.000000		20608.000000		268435456
1618.000000		29063.000000		89.000000		268435456
16198.000000		27209.000000		29709.000000		268435456
12226.000000		17744.000000		28561.000000		268435456
8510.000000		26455.000000		32350.000000		268435456
19775.000000		29929.000000		4212.000000		268435456
22505.000000		32314.000000		29805.000000		268435456
30930.000000		3926.000000		5788.000000		268435456
16006.000000		29448.000000		24688.000000		268435456
2139.000000		19814.000000		24658.000000		268435456
30741.000000		6952.000000		7944.000000		268435456
1936.000000		32559.000000		7063.000000		268435456
14273.000000		23954.000000		20967.000000		268435456
1409.000000		13080.000000		8850.000000		268435456
14101.000000		11687.000000		22231.000000		268435456
30978.000000		11258.000000		11927.000000		268435456
23650.000000		22921.000000		6193.000000		268435456
7380.000000		25672.000000		2120.000000		268435456
32227.000000		17969.000000		18456.000000		268435456
28513.000000		31291.000000		126.000000		268435456
15990.000000		698.000000		10777.000000		268435456
19302.000000		1389.000000		4350.000000		268435456
18187.000000		18840.000000		1799.000000		268435456
9701.000000		4217.000000		21797.000000		268435456
11291.000000		25014.000000		21791.000000		268435456
13097.000000		20839.000000		27146.000000		268435456
12480.000000		10926.000000		4830.000000		268435456
22482.000000		21017.000000		717.000000		268435456
24899.000000		18075.000000		23829.000000		268435456
11286.000000		5623.000000		26897.000000		268435456
15679.000000		6451.000000		30992.000000		268435456
18114.000000		31868.000000		2759.000000		268435456
28074.000000		1829.000000		29178.000000		268435456
21148.000000		14466.000000		28123.000000		268435456
23908.000000		20990.000000		5313.000000		268435456
27700.000000		16984.000000		14178.000000		268435456
2837.000000		27637.000000		6170.000000		268435456
16204.000000		16134.000000		14169.000000		268435456
8586.000000		31855.000000		9864.000000		268435456
8789.000000		339.000000		27413.000000		268435456
24524.000000		22816.000000		24166.000000		268435456
21441.000000		6492.000000		30707.000000		268435456
11431.000000		16659.000000		16487.000000		268435456
20494.000000		28133.000000		3309.000000		268435456
26969.000000		32251.000000		32528.000000		268435456
18644.000000		9903.000000		13590.000000		268435456
17830.000000		1433.000000		16906.000000		268435456
25677.000000		20847.000000		15928.000000		268435456
2946.000000		6181.000000		18026.000000		268435456
27136.000000		13116.000000		15869.000000		268435456
8967.000000		31220.000000		24895.000000		268435456
11415.000000		13974.000000		17778.000000		268435456
32643.000000		5588.000000		23552.000000		268435456
10770.000000		27211.000000		17855.000000		268435456
19637.000000		25297.000000		31413.000000		268435456
21197.000000		8165.000000		23151.000000		268435456
8080.000000		9060.000000		18931.000000		268435456
32021.000000		30829.000000		27801.000000		268435456
12327.000000		19771.000000		9977.000000		268435456
3646.000000		9379.000000		16329.000000		268435456
19082.000000		28700.000000		24216.000000		268435456
9084.000000		23031.000000		17533.000000		268435456
17081.000000		6028.000000		20397.000000		268435456
21486.000000		4080.000000		21900.000000		268435456
23551.000000		13890.000000		17488.000000		268435456
21137.000000		4542.000000		7386.000000		268435456
20044.000000		31638.000000		16650.000000		268435456
4644.000000		24102.000000		4383.000000		268435456
29799.000000		21090.000000		27562.000000		268435456
26141.000000		17428.000000		8621.000000		268435456
17435.000000		1554.000000		29592.000000		268435456
17209.000000		13422.000000		1653.000000		268435456
3485.000000		30170.000000		9142.000000		268435456
1880.000000		29185.000000		6599.000000		268435456
12768.000000		10056.000000		2603.000000		268435456
25503.000000		11936.000000		28277.000000		268435456
6043.000000		16553.000000		31915.000000		268435456
29971.000000		20677.000000		20576.000000		268435456
13607.000000		18687.000000		16416.000000		268435456
5935.000000		8031.000000		22182.000000		268435456
6522.000000		20089.000000		20668.000000		268435456
22819.000000		31118.000000		30172.000000		268435456
2289.000000		5543.000000		17368.000000		268435456
2487.000000		7797.000000		26142.000000		268435456
4776.000000		745.000000		3894.000000		268435456
22287.000000		28022.000000		988.000000		268435456
2444.000000		23748.000000		14709.000000		268435456
22211.000000		363.000000		25516.000000		268435456
6250.000000		8479.000000		9694.000000		268435456
16381.000000		10687.000000		28808.000000		268435456
19120.000000		16541.000000		25043.000000		268435456
1194.000000		6764.000000		26947.000000		268435456
27541.000000		31374.000000		9353.000000		268435456
6106.000000		18513.000000		15643.000000		268435456
7134.000000		6438.000000		8650.000000		268435456
24284.000000		22876.000000		28841.000000		268435456
648.000000		16643.000000		30459.000000		268435456
22472.000000		26739.000000		11182.000000		268435456
5877.000000		14378.000000		26017.000000		268435456
15210.000000		11059.000000		9569.000000		268435456
17261.000000		18421.000000		20740.000000		268435456
6604.000000		23497.000000		10313.000000		268435456
5397.000000		31419.000000		7381.000000		268435456
30677.000000		13214.000000		10197.000000		268435456
27312.000000		16654.000000		10457.000000		268435456
6583.000000		21389.000000		12582.000000		268435456
9656.000000		21470.000000		18954.000000		268435456
14619.000000		15575.000000		11719.000000		268435456
22974.000000		16372.000000		23472.000000		268435456
14164.000000		2577.000000		19016.000000		268435456
25614.000000		15474.000000		25425.000000		268435456
15103.000000		31172.000000		11257.000000		268435456
18946.000000		4444.000000		22686.000000		268435456
26068.000000		9333.000000		18492.000000		268435456
18072.000000		13409.000000		32412.000000		268435456
15000.000000		30286.000000		29978.000000		268435456
8220.000000		12625.000000		28084.000000		268435456
13430.000000		18596.000000		32301.000000		268435456
17671.000000		16650.000000		1661.000000		268435456
18460.000000		20995.000000		31220.000000		268435456
23395.000000		27841.000000		4951.000000		268435456
23673.000000		9108.000000		6957.000000		268435456
28758.000000		5357.000000		29478.000000		268435456
3054.000000		8431.000000		5843.000000		268435456
23965.000000		31304.000000		20959.000000		268435456
70.000000		23485.000000		17090.000000		268435456
22821.000000		19608.000000		17309.000000		268435456
19173.000000		3766.000000		6712.000000		268435456
1789.000000		5696.000000		7539.000000		268435456
2009.000000		11225.000000		11439.000000		268435456
24664.000000		27856.000000		13119.000000		268435456
13789.000000		8182.000000		28862.000000		268435456
25181.000000		28168.000000		17443.000000		268435456
18032.000000		8670.000000		22532.000000		268435456
19952.000000		3587.000000		26487.000000		268435456
20611.000000		11739.000000		8780.000000		268435456
23996.000000		26259.000000		19014.000000		268435456
21879.000000		15929.000000		7528.000000		268435456
18984.000000		24813.000000		4542.000000		268435456
31580.000000		30723.000000		3196.000000		268435456
19194.000000		2612.000000		20758.000000		268435456
20658.000000		28491.000000		11429.000000		268435456
5331.000000		30857.000000		16853.000000		268435456
27927.000000		26771.000000		1610.000000		268435456
9426.000000		10664.000000		25481.000000		268435456
24491.000000		9512.000000		16756.000000		268435456
5876.000000		1338.000000		25665.000000		268435456
10004.000000		26265.000000		22783.000000		268435456
21527.000000		31844.000000		17777.000000		268435456
14429.000000		31118.000000		7049.000000		268435456
10911.000000		27962.000000		10503.000000		268435456
12595.000000		21156.000000		14944.000000		268435456
28978.000000		19488.000000		8406.000000		268435456
1826.000000		10275.000000		1506.000000		268435456
13583.000000		28226.000000		20137.000000		268435456
10465.000000		2466.000000		13330.000000		268435456
15835.000000		30627.000000		11667.000000		268435456
26586.000000		21235.000000		31051.000000		268435456
28423.000000		13434.000000		3424.000000		268435456
28512.000000		2553.000000		9296.000000		268435456
21270.000000		22736.000000		12079.000000		268435456
23644.000000		20265.000000		9781.000000		268435456
30572.000000		4770.000000		7834.000000		268435456
854.000000		5864.000000		17360.000000		268435456
16241.000000		23025.000000		25853.000000		268435456
27681.000000		30219.000000		29112.000000		268435456
3107.000000		18305.000000		7350.000000		268435456
20889.000000		30238.000000		23794.000000		268435456
4475.000000		17986.000000		18550.000000		268435456
22830.000000		13883.000000		12773.000000		268435456
1320.000000		31886.000000		14078.000000		268435456
2360.000000		9115.000000		8234.000000		268435456
2695.000000		8641.000000		13781.000000		268435456
5698.000000		24876.000000		13648.000000		268435456
28143.000000		27101.000000		30180.000000		268435456
16077.000000		6086.000000		16815.000000		268435456
30114.000000		5171.000000		23284.000000		268435456
27200.000000		28897.000000		25053.000000		268435456
22783.000000		19275.000000		2944.000000		268435456
27393.000000		31695.000000		19556.000000		268435456
24273.000000		13178.000000		2150.000000		268435456
27870.000000		16877.000000		30410.000000		268435456
18891.000000		4844.000000		27722.000000		268435456
4191.000000		26695.000000		22022.000000		268435456
9871.000000		14613.000000		16596.000000		268435456
18575.000000		32166.000000		15869.000000		268435456
20691.000000		1204.000000		11283.000000		268435456
5213.000000		2557.000000		151.000000		268435456
11653.000000		28407.000000		8860.000000		268435456
28077.000000		12459.000000		14478.000000		268435456
13819.000000		10084.000000		23369.000000		268435456
6055.000000		18715.000000		29962.000000		268435456
5259.000000		24461.000000		1959.000000		268435456
8938.000000		18841.000000		4759.000000		268435456
19754.000000		14008.000000		24683.000000		268435456
22957.000000		20096.000000		17199.000000		268435456
19679.000000		5385.000000		30603.000000		268435456
7928.000000		31753.000000		27195.000000		268435456
20775.000000		718.000000		2506.000000		268435456
29552.000000		863.000000		21216.000000		268435456
29860.000000		29683.000000		18401.000000		268435456
6006.000000		17356.000000		13812.000000		268435456
24751.000000		26840.000000		21377.000000		268435456
30089.000000		26392.000000		21100.000000		268435456
15261.000000		31986.000000		1767.000000		268435456
28958.000000		1130.000000		22049.000000		268435456
31194.000000		20740.000000		7606.000000		268435456
13690.000000		22357.000000		20034.000000		268435456
19498.000000		471.000000		3160.000000		268435456
32044.000000		215.000000		7631.000000		268435456
4015.000000		23979.000000		20242.000000		268435456
22072.000000		9832.000000		24034.000000		268435456
29826.000000		6634.000000		19594.000000		268435456
28689.000000		10103.000000		24262.000000		268435456
5636.000000		14265.000000		8061.000000		268435456
22519.000000		7140.000000		4609.000000		268435456
3122.000000		24952.000000		18889.000000		268435456
32088.000000		28244.000000		17622.000000		268435456
8091.000000		9308.000000		1822.000000		268435456
15160.000000		15225.000000		4090.000000		268435456
20949.000000		20636.000000		16371.000000		268435456
17623.000000		15262.000000		3171.000000		268435456
27258.000000		20463.000000		3474.000000		268435456
784.000000		28180.000000		1661.000000		268435456
15636.000000		13645.000000		26197.000000		268435456
32026.000000		5730.000000		24623.000000		268435456
30346.000000		31272.000000		30059.000000		268435456
8890.000000		26935.000000		26481.000000		268435456
225.000000		7336.000000		25540.000000		268435456
1804.000000		7054.000000		27238.000000		268435456
627.000000		28545.000000		32747.000000		268435456
8800.000000		28821.000000		4908.000000		268435456
14831.000000		14206.000000		20734.000000		268435456
22247.000000		29477.000000		25838.000000		268435456
2742.000000		31715.000000		17665.000000		268435456
1829.000000		19953.000000		24791.000000		268435456
1396.000000		1568.000000		25921.000000		268435456
24157.000000		16830.000000		13552.000000		268435456
9995.000000		17048.000000		23428.000000		268435456
19061.000000		6968.000000		12315.000000		268435456
31778.000000		22378.000000		10540.000000		268435456
25606.000000		21058.000000		23969.000000		268435456
25084.000000		10098.000000		19886.000000		268435456
27792.000000		15067.000000		28688.000000		268435456
19810.000000		26381.000000		19414.000000		268435456
29708.000000		29670.000000		22102.000000		268435456
26306.000000		13624.000000		5594.000000		268435456
28244.000000		6770.000000		18278.000000		268435456
30418.000000		10017.000000		30253.000000		268435456
22037.000000		18533.000000		4039.000000		268435456
8542.000000		11601.000000		8065.000000		268435456
15947.000000		7054.000000		18900.000000		268435456
21505.000000		234.000000		14480.000000		268435456
13425.000000		32386.000000		13474.000000		268435456
11515.000000		11443.000000		2162.000000		268435456
25844.000000		16094.000000		26305.000000		268435456
617.000000		6377.000000		28334.000000		268435456
24708.000000		13501.000000		29011.000000		268435456
11395.000000		4620.000000		7761.000000		268435456
31829.000000		28036.000000		32048.000000		268435456
21933.000000		25125.000000		13728.000000		268435456
24693.000000		84.000000		20241.000000		268435456
27008.000000		4402.000000		21585.000000		268435456
16064.000000		31929.000000		16625.000000		268435456
22548.000000		3259.000000		20549.000000		268435456
12823.000000		21628.000000		28203.000000		268435456
21812.000000		8136.000000		11573.000000		268435456
14565.000000		18335.000000		23813.000000		268435456
4932.000000		7075.000000		5598.000000		268435456
28439.000000		17888.000000		11156.000000		268435456
18426.000000		10033.000000		21892.000000		268435456
27416.000000		31589.000000		32593.000000		268435456
7490.000000		11716.000000		18153.000000		268435456
15975.000000		26202.000000		32173.000000		268435456
6879.000000		10169.000000		27147.000000		268435456
26083.000000		29089.000000		14726.000000		268435456
9641.000000		17979.000000		25666.000000		268435456
16105.000000		13552.000000		5202.000000		268435456
30588.000000		14593.000000		9880.000000		268435456
11726.000000		13545.000000		25423.000000		268435456
32553.000000		8167.000000		25718.000000		268435456
22367.000000		24081.000000		2087.000000		268435456
31254.000000		5035.000000		30964.000000		268435456
29293.000000		2995.000000		27068.000000		268435456
24899.000000		22584.000000		25450.000000		268435456
6034.000000		18448.000000		9506.000000		268435456
503.000000		4166.000000		13345.000000		268435456
25771.000000		9582.000000		14318.000000		268435456
24131.000000		32056.000000		10285.000000		268435456
5825.000000		10208.000000		7260.000000		268435456
19470.000000		18300.000000		24532.000000		268435456
14421.000000		17889.000000		9476.000000		268435456
18813.000000		19162.000000		7449.000000		268435456
31564.000000		6673.000000		10516.000000		268435456
13253.000000		16249.000000		24629.000000		268435456
7402.000000		2754.000000		4932.000000		268435456
2507.000000		9089.000000		5679.000000		268435456
6048.000000		31755.000000		29955.000000		268435456
13858.000000		21149.000000		29141.000000		268435456
14752.000000		10137.000000		11405.000000		268435456
5189.000000		4051.000000		436.000000		268435456
18533.000000		393.000000		18407.000000		268435456
4897.000000		15206.000000		13807.000000		268435456
30905.000000		13271.000000		26620.000000		268435456
2882.000000		20927.000000		24327.000000		268435456
32742.000000		16983.000000		20041.000000		268435456
10575.000000		29079.000000		19171.000000		268435456
11783.000000		26418.000000		17628.000000		268435456
15759.000000		22220.000000		6085.000000		268435456
10944.000000		15439.000000		913.000000		268435456
26538.000000		17581.000000		11503.000000		268435456
25789.000000		24642.000000		26323.000000		268435456
495.000000		5540.000000		5919.000000		268435456
22989.000000		1424.000000		2893.000000		268435456
29112.000000		24450.000000		23343.000000		268435456
24696.000000		20833.000000		32586.000000		268435456
10962.000000		8927.000000		15226.000000		268435456
23891.000000		11009.000000		1469.000000		268435456
20966.000000		8514.000000		31959.000000		268435456
7565.000000		12223.000000		12317.000000		268435456
3672.000000		2324.000000		32327.000000		268435456
15720.000000		30469.000000		11169.000000		268435456
22050.000000		30606.000000		686.000000		268435456
23700.000000		16579.000000		21379.000000		268435456
24200.000000		12317.000000		28197.000000		268435456
15272.000000		7295.000000		15686.000000		268435456
29371.000000		9711.000000		205.000000		268435456
1332.000000		8617.000000		21823.000000		268435456
19916.000000		24489.000000		22324.000000		268435456
18970.000000		520.000000		4302.000000		268435456
18295.000000		9853.000000		15513.000000		268435456
27696.000000		9560.000000		2311.000000		268435456
15280.000000		10504.000000		13755.000000		268435456
9054.000000		10607.000000		19391.000000		268435456
8950.000000		4047.000000		11006.000000		268435456
18609.000000		9348.000000		10804.000000		268435456
26075.000000		17458.000000		20221.000000		268435456
28699.000000		28529.000000		5070.000000		268435456
8261.000000		11300.000000		23277.000000		268435456
25813.000000		7172.000000		28843.000000		268435456
22861.000000		11288.000000		3159.000000		268435456
9639.000000		8121.000000		17133.000000		268435456
15046.000000		11730.000000		2071.000000		268435456
21881.000000		13685.000000		26379.000000		268435456
8154.000000		1582.000000		29854.000000		268435456
2552.000000		6426.000000		27282.000000		268435456
29758.000000		11503.000000		20970.000000		268435456
17730.000000		5647.000000		28183.000000		268435456
26086.000000		8503.000000		24503.000000		268435456
2250.000000		32267.000000		12873.000000		268435456
26943.000000		23102.000000		21196.000000		268435456
7921.000000		4038.000000		6501.000000		268435456
5217.000000		5971.000000		16503.000000		268435456
17937.000000		11619.000000		23932.000000		268435456
28600.000000		4956.000000		5014.000000		268435456
8936.000000		4260.000000		20807.000000		268435456
6918.000000		24391.000000		8380.000000		268435456
6561.000000		32597.000000		1152.000000		268435456
7129.000000		17451.000000		5971.000000		268435456
13303.000000		27750.000000		26105.000000		268435456
26319.000000		22796.000000		11211.000000		268435456
24603.000000		685.000000		19684.000000		268435456
18220.000000		16765.000000		31545.000000		268435456
26475.000000		23636.000000		12.000000		268435456
16571.000000		8601.000000		25324.000000		268435456
19738.000000		13900.000000		11509.000000		268435456
30193.000000		2308.000000		26343.000000		268435456
9304.000000		20837.000000		6674.000000		268435456
4291.000000		14836.000000		22596.000000		268435456
10910.000000		31456.000000		1684.000000		268435456
14009.000000		4729.000000		18656.000000		268435456
24101.000000		29842.000000		28554.000000		268435456
16665.000000		19830.000000		3058.000000		268435456
12728.000000		14568.000000		9532.000000		268435456
22597.000000		7691.000000		6984.000000		268435456
13913.000000		29049.000000		3341.000000		268435456
15779.000000		9054.000000		18284.000000		268435456
26743.000000		30440.000000		27470.000000		268435456
4512.000000		11273.000000		11485.000000		268435456
4517.000000		26422.000000		28090.000000		268435456
19383.000000		1944.000000		4890.000000		268435456
12561.000000		23528.000000		15007.000000		268435456
30843.000000		2515.000000		10808.000000		268435456
27697.000000		7038.000000		20958.000000		268435456
13847.000000		14030.000000		8755.000000		268435456
30293.000000		23089.000000		25667.000000		268435456
25032.000000		8189.000000		25412.000000		268435456
31018.000000		19452.000000		15079.000000		268435456
2350.000000		6576.000000		20695.000000		268435456
8528.000000		32331.000000		11163.000000		268435456
2200.000000		28101.000000		2301.000000		268435456
22923.000000		14832.000000		14475.000000		268435456
23436.000000		23423.000000		4205.000000		268435456
17469.000000		7729.000000		10396.000000		268435456
5945.000000		23991.000000		24429.000000		268435456
30250.000000		19460.000000		29491.000000		268435456
24223.000000		10208.000000		24127.000000		268435456
9906.000000		25814.000000		5473.000000		268435456
28299.000000		24478.000000		8164.000000		268435456
18694.000000		25201.000000		8109.000000		268435456
13236.000000		7134.000000		8275.000000		268435456
7944.000000		30173.000000		21235.000000		268435456
18338.000000		29613.000000		1910.000000		268435456
8655.000000		14674.000000		18449.000000		268435456
16685.000000		13887.000000		1163.000000		268435456
25866.000000		9619.000000		12631.000000		268435456
2978.000000		4845.000000		19898.000000		268435456
12726.000000		30023.000000		5619.000000		268435456
1026.000000		21260.000000		15872.000000		268435456
18914.000000		304.000000		18137.000000		268435456
32214.000000		8425.000000		32704.000000		268435456
27255.000000		13901.000000		2507.000000		268435456
6525.000000		32346.000000		15514.000000		268435456
320.000000		9038.000000		25239.000000		268435456
5137.000000		21144.000000		31571.000000		268435456
31907.000000		19677.000000		19361.000000		268435456
32048.000000		10845.000000		15091.000000		268435456
26571.000000		4265.000000		26191.000000		268435456
6473.000000		13962.000000		1648.000000		268435456
305.000000		27970.000000		252.000000		268435456
14138.000000		5295.000000		15981.000000		268435456
29388.000000		6424.000000		4973.000000		268435456
30320.000000		19030.000000		16133.000000		268435456
6727.000000		32063.000000		21515.000000		268435456
30395.000000		26333.000000		26002.000000		268435456
13591.000000		30924.000000		5967.000000		268435456
15765.000000		18754.000000		24301.000000		268435456
5957.000000		22497.000000		6164.000000		268435456
21653.000000		24115.000000		8363.000000		268435456
9533.000000		13767.000000		25307.000000		268435456
21307.000000		8244.000000		4139.000000		268435456
26643.000000		9120.000000		14109.000000		268435456
14948.000000		1736.000000		12451.000000		268435456
4336.000000		30110.000000		6467.000000		268435456
20985.000000		13016.000000		19814.000000		268435456
27563.000000		5821.000000		21721.000000		268435456
10687.000000		21963.000000		2077.000000		268435456
27062.000000		18290.000000		8726.000000		268435456
1107.000000		24082.000000		2725.000000		268435456
26088.000000		17879.000000		21205.000000		268435456
24495.000000		12047.000000		27346.000000		268435456
22225.000000		7723.000000		10890.000000		268435456
4310.000000		25510.000000		8779.000000		268435456
10384.000000		22733.000000		8674.000000		268435456
4208.000000		8661.000000		26416.000000		268435456
14445.000000		30455.000000		8712.000000		268435456
13434.000000		11045.000000		16981.000000		268435456
15264.000000		16859.000000		3269.000000		268435456
14182.000000		26840.000000		1584.000000		268435456
2059.000000		26626.000000		32248.000000		268435456
10035.000000		1050.000000		21970.000000		268435456
4311.000000		21231.000000		26653.000000		268435456
14177.000000		31134.000000		19832.000000		268435456
16941.000000		4982.000000		20686.000000		268435456
1752.000000		21877.000000		9890.000000		268435456
3717.000000		19788.000000		21395.000000		268435456
18197.000000		12029.000000		28593.000000		268435456
17730.000000		15029.000000		85.000000		268435456
25657.000000		26166.000000		13170.000000		268435456
32148.000000		18274.000000		30792.000000		268435456
26067.000000		23275.000000		18217.000000		268435456
20947.000000		28117.000000		10042.000000		268435456
20090.000000		11102.000000		30198.000000		268435456
9942.000000		1260.000000		28795.000000		268435456
21645.000000		19338.000000		30379.000000		268435456
6126.000000		4956.000000		28123.000000		268435456
30901.000000		18194.000000		5480.000000		268435456
11152.000000		7498.000000		17529.000000		268435456
20233.000000		3954.000000		19613.000000		268435456
32211.000000		17469.000000		26193.000000		268435456
21968.000000		9489.000000		16705.000000		268435456
25927.000000		3103.000000		10442.000000		268435456
355.000000		1345.000000		17500.000000		268435456
3037.000000		14354.000000		14266.000000		268435456
18075.000000		24664.000000		12343.000000		268435456
22730.000000		2094.000000		27032.000000		268435456
30152.000000		608.000000		16852.000000		268435456
10674.000000		15769.000000		9419.000000		268435456
13869.000000		24082.000000		32630.000000		268435456
2176.000000		15473.000000		12130.000000		268435456
30320.000000		7447.000000		25442.000000		268435456
6318.000000		31604.000000		14742.000000		268435456
16511.000000		18885.000000		28194.000000		268435456
12786.000000		16251.000000		2274.000000		268435456
8155.000000		26067.000000		1517.000000		268435456
22411.000000		29980.000000		11416.000000		268435456
16201.000000		24250.000000		12555.000000		268435456
17051.000000		25871.000000		26171.000000		268435456
8016.000000		7094.000000		22338.000000		268435456
23381.000000		4134.000000		16134.000000		268435456
22812.000000		10924.000000		23218.000000		268435456
4078.000000		17920.000000		29030.000000		268435456
22931.000000		10335.000000		4784.000000		268435456
18829.000000		5562.000000		10327.000000		268435456
28352.000000		13748.000000		4988.000000		268435456
7848.000000		6731.000000		28638.000000		268435456
30181.000000		28411.000000		17380.000000		268435456
8091.000000		27728.000000		22804.000000		268435456
719.000000		15220.000000		7732.000000		268435456
1368.000000		16754.000000		6537.000000		268435456
2369.000000		14988.000000		11270.000000		268435456
29561.000000		1452.000000		8415.000000		268435456
30610.000000		24962.000000		25799.000000		268435456
13867.000000		5402.000000		4330.000000		268435456
24020.000000		22392.000000		9491.000000		268435456
14749.000000		15643.000000		962.000000		268435456
16155.000000		5911.000000		2362.000000		268435456
15356.000000		25063.000000		26756.000000		268435456
4797.000000		9300.000000		8061.000000		268435456
15398.000000		8686.000000		19129.000000		268435456
22947.000000		2552.000000		14062.000000		268435456
13978.000000		8855.000000		24977.000000		268435456
4101.000000		9713.000000		5632.000000		268435456
12106.000000		27191.000000		7041.000000		268435456
15909.000000		23715.000000		12312.000000		268435456
8795.000000		22877.000000		20451.000000		268435456
2785.000000		27303.000000		5062.000000		268435456
3839.000000		2498.000000		9121.000000		268435456
2362.000000		2493.000000		21370.000000		268435456
14050.000000		9087.000000		20249.000000		268435456
5670.000000		18657.000000		10430.000000		268435456
12776.000000		10582.000000		8889.000000		268435456
3639.000000		8379.000000		5734.000000		268435456
26925.000000		25394.000000		13574.000000		268435456
31500.000000		17641.000000		26681.000000		268435456
15746.000000		31277.000000		24586.000000		268435456
9860.000000		18383.000000		12021.000000		268435456
23777.000000		7093.000000		27998.000000		268435456
22054.000000		10740.000000		19910.000000		268435456
26510.000000		8624.000000		22342.000000		268435456
23359.000000		12053.000000		27267.000000		268435456
20697.000000		23468.000000		10914.000000		268435456
13473.000000		8816.000000		9294.000000		268435456
12481.000000		14711.000000		10393.000000		268435456
17681.000000		24830.000000		27757.000000		268435456
21227.000000		20926.000000		6221.000000		268435456
11708.000000		23437.000000		19314.000000		268435456
1193.000000		8063.000000		6136.000000		268435456
15951.000000		7164.000000		20750.000000		268435456
18173.000000		26481.000000		31295.000000		268435456
13447.000000		9.000000		30499.000000		268435456
27362.000000		4781.000000		10152.000000		268435456
17235.000000		8558.000000		28918.000000		268435456
3400.000000		32324.000000		25961.000000		268435456
7647.000000		5696.000000		17795.000000		268435456
13690.000000		22403.000000		6672.000000		268435456
7452.000000		9677.000000		16492.000000		268435456
21482.000000		11021.000000		32185.000000		268435456
5801.000000		3442.000000		18171.000000		268435456
22688.000000		24864.000000		26307.000000		268435456
